   1.9387027e+00
   1.9390422e+00
   1.9393818e+00
   1.9397216e+00
   1.9400615e+00
   1.9404017e+00
   1.9407420e+00
   1.9410825e+00
   1.9414231e+00
   1.9417639e+00
   1.9421049e+00
   1.9424460e+00
   1.9427874e+00
   1.9431288e+00
   1.9434705e+00
   1.9438123e+00
   1.9441543e+00
   1.9444965e+00
   1.9448388e+00
   1.9451813e+00
   1.9455240e+00
   1.9458668e+00
   1.9462098e+00
   1.9465530e+00
   1.9468963e+00
   1.9472398e+00
   1.9475835e+00
   1.9479273e+00
   1.9482713e+00
   1.9486155e+00
   1.9489598e+00
   1.9493043e+00
   1.9496490e+00
   1.9499939e+00
   1.9503389e+00
   1.9506840e+00
   1.9510294e+00
   1.9513749e+00
   1.9517205e+00
   1.9520664e+00
   1.9524124e+00
   1.9527586e+00
   1.9531049e+00
   1.9534514e+00
   1.9537981e+00
   1.9541449e+00
   1.9544919e+00
   1.9548391e+00
   1.9551864e+00
   1.9555339e+00
   1.9558816e+00
   1.9562294e+00
   1.9565774e+00
   1.9569255e+00
   1.9572738e+00
   1.9576223e+00
   1.9579710e+00
   1.9583198e+00
   1.9586688e+00
   1.9590179e+00
   1.9593672e+00
   1.9597167e+00
   1.9600663e+00
   1.9604161e+00
   1.9607661e+00
   1.9611162e+00
   1.9614665e+00
   1.9618169e+00
   1.9621676e+00
   1.9625183e+00
   1.9628693e+00
   1.9632204e+00
   1.9635717e+00
   1.9639231e+00
   1.9642747e+00
   1.9646264e+00
   1.9649784e+00
   1.9653304e+00
   1.9656827e+00
   1.9660351e+00
   1.9663877e+00
   1.9667404e+00
   1.9670933e+00
   1.9674463e+00
   1.9677996e+00
   1.9681529e+00
   1.9685065e+00
   1.9688602e+00
   1.9692140e+00
   1.9695681e+00
   1.9699223e+00
   1.9702766e+00
   1.9706311e+00
   1.9709858e+00
   1.9713406e+00
   1.9716956e+00
   1.9720508e+00
   1.9724061e+00
   1.9727615e+00
   1.9731172e+00
   1.9734730e+00
   1.9738289e+00
   1.9741850e+00
   1.9745413e+00
   1.9748977e+00
   1.9752543e+00
   1.9756111e+00
   1.9759680e+00
   1.9763251e+00
   1.9766823e+00
   1.9770397e+00
   1.9773973e+00
   1.9777550e+00
   1.9781128e+00
   1.9784709e+00
   1.9788291e+00
   1.9791874e+00
   1.9795459e+00
   1.9799046e+00
   1.9802634e+00
   1.9806224e+00
   1.9809815e+00
   1.9813408e+00
   1.9817003e+00
   1.9820599e+00
   1.9824196e+00
   1.9827796e+00
   1.9831397e+00
   1.9834999e+00
   1.9838603e+00
   1.9842209e+00
   1.9845816e+00
   1.9849425e+00
   1.9853035e+00
   1.9856647e+00
   1.9860260e+00
   1.9863875e+00
   1.9867492e+00
   1.9871110e+00
   1.9874730e+00
   1.9878351e+00
   1.9881974e+00
   1.9885598e+00
   1.9889224e+00
   1.9892852e+00
   1.9896481e+00
   1.9900111e+00
   1.9903744e+00
   1.9907377e+00
   1.9911013e+00
   1.9914650e+00
   1.9918288e+00
   1.9921928e+00
   1.9925570e+00
   1.9929213e+00
   1.9932857e+00
   1.9936503e+00
   1.9940151e+00
   1.9943800e+00
   1.9947451e+00
   1.9951104e+00
   1.9954758e+00
   1.9958413e+00
   1.9962070e+00
   1.9965729e+00
   1.9969389e+00
   1.9973050e+00
   1.9976713e+00
   1.9980378e+00
   1.9984044e+00
   1.9987712e+00
   1.9991382e+00
   1.9995052e+00
   1.9998725e+00
   2.0002399e+00
   2.0006074e+00
   2.0009751e+00
   2.0013430e+00
   2.0017110e+00
   2.0020791e+00
   2.0024474e+00
   2.0028159e+00
   2.0031845e+00
   2.0035533e+00
   2.0039222e+00
   2.0042913e+00
   2.0046605e+00
   2.0050299e+00
   2.0053994e+00
   2.0057691e+00
   2.0061389e+00
   2.0065089e+00
   2.0068790e+00
   2.0072493e+00
   2.0076197e+00
   2.0079903e+00
   2.0083610e+00
   2.0087319e+00
   2.0091030e+00
   2.0094742e+00
   2.0098455e+00
   2.0102170e+00
   2.0105886e+00
   2.0109604e+00
   2.0113324e+00
   2.0117045e+00
   2.0120767e+00
   2.0124491e+00
   2.0128216e+00
   2.0131943e+00
   2.0135672e+00
   2.0139402e+00
   2.0143133e+00
   2.0146866e+00
   2.0150600e+00
   2.0154336e+00
   2.0158074e+00
   2.0161813e+00
   2.0165553e+00
   2.0169295e+00
   2.0173038e+00
   2.0176783e+00
   2.0180529e+00
   2.0184277e+00
   2.0188027e+00
   2.0191777e+00
   2.0195530e+00
   2.0199283e+00
   2.0203039e+00
   2.0206795e+00
   2.0210553e+00
   2.0214313e+00
   2.0218074e+00
   2.0221837e+00
   2.0225601e+00
   2.0229366e+00
   2.0233134e+00
   2.0236902e+00
   2.0240672e+00
   2.0244443e+00
   2.0248216e+00
   2.0251991e+00
   2.0255767e+00
   2.0259544e+00
   2.0263323e+00
   2.0267103e+00
   2.0270885e+00
   2.0274668e+00
   2.0278452e+00
   2.0282238e+00
   2.0286026e+00
   2.0289815e+00
   2.0293606e+00
   2.0297397e+00
   2.0301191e+00
   2.0304986e+00
   2.0308782e+00
   2.0312580e+00
   2.0316379e+00
   2.0320179e+00
   2.0323982e+00
   2.0327785e+00
   2.0331590e+00
   2.0335396e+00
   2.0339204e+00
   2.0343014e+00
   2.0346824e+00
   2.0350637e+00
   2.0354450e+00
   2.0358265e+00
   2.0362082e+00
   2.0365900e+00
   2.0369719e+00
   2.0373540e+00
   2.0377362e+00
   2.0381186e+00
   2.0385011e+00
   2.0388838e+00
   2.0392666e+00
   2.0396495e+00
   2.0400326e+00
   2.0404158e+00
   2.0407992e+00
   2.0411827e+00
   2.0415664e+00
   2.0419502e+00
   2.0423341e+00
   2.0427182e+00
   2.0431025e+00
   2.0434868e+00
   2.0438713e+00
   2.0442560e+00
   2.0446408e+00
   2.0450257e+00
   2.0454108e+00
   2.0457960e+00
   2.0461814e+00
   2.0465669e+00
   2.0469525e+00
   2.0473383e+00
   2.0477243e+00
   2.0481103e+00
   2.0484965e+00
   2.0488829e+00
   2.0492694e+00
   2.0496560e+00
   2.0500428e+00
   2.0504297e+00
   2.0508168e+00
   2.0512039e+00
   2.0515913e+00
   2.0519788e+00
   2.0523664e+00
   2.0527541e+00
   2.0531420e+00
   2.0535300e+00
   2.0539182e+00
   2.0543065e+00
   2.0546950e+00
   2.0550836e+00
   2.0554723e+00
   2.0558612e+00
   2.0562502e+00
   2.0566393e+00
   2.0570286e+00
   2.0574180e+00
   2.0578076e+00
   2.0581973e+00
   2.0585871e+00
   2.0589771e+00
   2.0593672e+00
   2.0597575e+00
   2.0601479e+00
   2.0605384e+00
   2.0609291e+00
   2.0613199e+00
   2.0617108e+00
   2.0621019e+00
   2.0624931e+00
   2.0628845e+00
   2.0632760e+00
   2.0636676e+00
   2.0640594e+00
   2.0644513e+00
   2.0648433e+00
   2.0652355e+00
   2.0656278e+00
   2.0660203e+00
   2.0664129e+00
   2.0668056e+00
   2.0671985e+00
   2.0675915e+00
   2.0679846e+00
   2.0683779e+00
   2.0687713e+00
   2.0691648e+00
   2.0695585e+00
   2.0699523e+00
   2.0703462e+00
   2.0707403e+00
   2.0711346e+00
   2.0715289e+00
   2.0719234e+00
   2.0723180e+00
   2.0727128e+00
   2.0731077e+00
   2.0735027e+00
   2.0738979e+00
   2.0742932e+00
   2.0746886e+00
   2.0750842e+00
   2.0754799e+00
   2.0758757e+00
   2.0762717e+00
   2.0766678e+00
   2.0770640e+00
   2.0774604e+00
   2.0778569e+00
   2.0782535e+00
   2.0786503e+00
   2.0790472e+00
   2.0794443e+00
   2.0798414e+00
   2.0802387e+00
   2.0806362e+00
   2.0810337e+00
   2.0814314e+00
   2.0818293e+00
   2.0822273e+00
   2.0826254e+00
   2.0830236e+00
   2.0834220e+00
   2.0838205e+00
   2.0842191e+00
   2.0846179e+00
   2.0850168e+00
   2.0854158e+00
   2.0858149e+00
   2.0862142e+00
   2.0866137e+00
   2.0870132e+00
   2.0874129e+00
   2.0878127e+00
   2.0882127e+00
   2.0886127e+00
   2.0890130e+00
   2.0894133e+00
   2.0898138e+00
   2.0902144e+00
   2.0906151e+00
   2.0910160e+00
   2.0914170e+00
   2.0918181e+00
   2.0922193e+00
   2.0926207e+00
   2.0930222e+00
   2.0934239e+00
   2.0938257e+00
   2.0942276e+00
   2.0946296e+00
   2.0950318e+00
   2.0954341e+00
   2.0958365e+00
   2.0962390e+00
   2.0966417e+00
   2.0970445e+00
   2.0974475e+00
   2.0978505e+00
   2.0982537e+00
   2.0986571e+00
   2.0990605e+00
   2.0994641e+00
   2.0998678e+00
   2.1002717e+00
   2.1006756e+00
   2.1010797e+00
   2.1014840e+00
   2.1018883e+00
   2.1022928e+00
   2.1026974e+00
   2.1031021e+00
   2.1035070e+00
   2.1039120e+00
   2.1043171e+00
   2.1047224e+00
   2.1051277e+00
   2.1055332e+00
   2.1059389e+00
   2.1063446e+00
   2.1067505e+00
   2.1071565e+00
   2.1075626e+00
   2.1079689e+00
   2.1083753e+00
   2.1087818e+00
   2.1091884e+00
   2.1095952e+00
   2.1100021e+00
   2.1104091e+00
   2.1108163e+00
   2.1112235e+00
   2.1116309e+00
   2.1120384e+00
   2.1124461e+00
   2.1128539e+00
   2.1132618e+00
   2.1136698e+00
   2.1140779e+00
   2.1144862e+00
   2.1148946e+00
   2.1153031e+00
   2.1157118e+00
   2.1161205e+00
   2.1165294e+00
   2.1169384e+00
   2.1173476e+00
   2.1177569e+00
   2.1181663e+00
   2.1185758e+00
   2.1189854e+00
   2.1193952e+00
   2.1198051e+00
   2.1202151e+00
   2.1206252e+00
   2.1210355e+00
   2.1214459e+00
   2.1218564e+00
   2.1222670e+00
   2.1226777e+00
   2.1230886e+00
   2.1234996e+00
   2.1239107e+00
   2.1243220e+00
   2.1247333e+00
   2.1251448e+00
   2.1255564e+00
   2.1259682e+00
   2.1263800e+00
   2.1267920e+00
   2.1272041e+00
   2.1276163e+00
   2.1280287e+00
   2.1284411e+00
   2.1288537e+00
   2.1292664e+00
   2.1296792e+00
   2.1300922e+00
   2.1305053e+00
   2.1309185e+00
   2.1313318e+00
   2.1317452e+00
   2.1321588e+00
   2.1325724e+00
   2.1329862e+00
   2.1334002e+00
   2.1338142e+00
   2.1342284e+00
   2.1346426e+00
   2.1350570e+00
   2.1354716e+00
   2.1358862e+00
   2.1363009e+00
   2.1367158e+00
   2.1371308e+00
   2.1375459e+00
   2.1379612e+00
   2.1383765e+00
   2.1387920e+00
   2.1392076e+00
   2.1396233e+00
   2.1400392e+00
   2.1404551e+00
   2.1408712e+00
   2.1412874e+00
   2.1417037e+00
   2.1421201e+00
   2.1425367e+00
   2.1429533e+00
   2.1433701e+00
   2.1437870e+00
   2.1442040e+00
   2.1446212e+00
   2.1450384e+00
   2.1454558e+00
   2.1458733e+00
   2.1462909e+00
   2.1467086e+00
   2.1471264e+00
   2.1475444e+00
   2.1479625e+00
   2.1483807e+00
   2.1487990e+00
   2.1492174e+00
   2.1496360e+00
   2.1500546e+00
   2.1504734e+00
   2.1508923e+00
   2.1513113e+00
   2.1517304e+00
   2.1521497e+00
   2.1525690e+00
   2.1529885e+00
   2.1534081e+00
   2.1538278e+00
   2.1542476e+00
   2.1546676e+00
   2.1550876e+00
   2.1555078e+00
   2.1559281e+00
   2.1563485e+00
   2.1567690e+00
   2.1571896e+00
   2.1576104e+00
   2.1580312e+00
   2.1584522e+00
   2.1588733e+00
   2.1592945e+00
   2.1597158e+00
   2.1601373e+00
   2.1605588e+00
   2.1609805e+00
   2.1614022e+00
   2.1618241e+00
   2.1622461e+00
   2.1626683e+00
   2.1630905e+00
   2.1635128e+00
   2.1639353e+00
   2.1643579e+00
   2.1647806e+00
   2.1652034e+00
   2.1656263e+00
   2.1660493e+00
   2.1664724e+00
   2.1668957e+00
   2.1673191e+00
   2.1677425e+00
   2.1681661e+00
   2.1685898e+00
   2.1690136e+00
   2.1694376e+00
   2.1698616e+00
   2.1702858e+00
   2.1707100e+00
   2.1711344e+00
   2.1715589e+00
   2.1719835e+00
   2.1724082e+00
   2.1728330e+00
   2.1732579e+00
   2.1736830e+00
   2.1741081e+00
   2.1745334e+00
   2.1749588e+00
   2.1753843e+00
   2.1758099e+00
   2.1762356e+00
   2.1766614e+00
   2.1770873e+00
   2.1775134e+00
   2.1779395e+00
   2.1783658e+00
   2.1787922e+00
   2.1792187e+00
   2.1796452e+00
   2.1800720e+00
   2.1804988e+00
   2.1809257e+00
   2.1813527e+00
   2.1817799e+00
   2.1822071e+00
   2.1826345e+00
   2.1830619e+00
   2.1834895e+00
   2.1839172e+00
   2.1843450e+00
   2.1847729e+00
   2.1852009e+00
   2.1856291e+00
   2.1860573e+00
   2.1864856e+00
   2.1869141e+00
   2.1873426e+00
   2.1877713e+00
   2.1882001e+00
   2.1886289e+00
   2.1890579e+00
   2.1894870e+00
   2.1899162e+00
   2.1903456e+00
   2.1907750e+00
   2.1912045e+00
   2.1916341e+00
   2.1920639e+00
   2.1924937e+00
   2.1929237e+00
   2.1933537e+00
   2.1937839e+00
   2.1942142e+00
   2.1946446e+00
   2.1950751e+00
   2.1955057e+00
   2.1959364e+00
   2.1963672e+00
   2.1967981e+00
   2.1972291e+00
   2.1976602e+00
   2.1980915e+00
   2.1985228e+00
   2.1989542e+00
   2.1993858e+00
   2.1998174e+00
   2.2002492e+00
   2.2006811e+00
   2.2011130e+00
   2.2015451e+00
   2.2019773e+00
   2.2024096e+00
   2.2028420e+00
   2.2032745e+00
   2.2037071e+00
   2.2041398e+00
   2.2045726e+00
   2.2050055e+00
   2.2054385e+00
   2.2058716e+00
   2.2063049e+00
   2.2067382e+00
   2.2071716e+00
   2.2076052e+00
   2.2080388e+00
   2.2084726e+00
   2.2089064e+00
   2.2093404e+00
   2.2097744e+00
   2.2102086e+00
   2.2106428e+00
   2.2110772e+00
   2.2115117e+00
   2.2119462e+00
   2.2123809e+00
   2.2128157e+00
   2.2132506e+00
   2.2136855e+00
   2.2141206e+00
   2.2145558e+00
   2.2149911e+00
   2.2154265e+00
   2.2158620e+00
   2.2162976e+00
   2.2167333e+00
   2.2171691e+00
   2.2176049e+00
   2.2180409e+00
   2.2184770e+00
   2.2189132e+00
   2.2193496e+00
   2.2197860e+00
   2.2202225e+00
   2.2206591e+00
   2.2210958e+00
   2.2215326e+00
   2.2219695e+00
   2.2224065e+00
   2.2228436e+00
   2.2232808e+00
   2.2237181e+00
   2.2241555e+00
   2.2245930e+00
   2.2250306e+00
   2.2254684e+00
   2.2259062e+00
   2.2263441e+00
   2.2267821e+00
   2.2272202e+00
   2.2276584e+00
   2.2280967e+00
   2.2285351e+00
   2.2289736e+00
   2.2294122e+00
   2.2298509e+00
   2.2302897e+00
   2.2307286e+00
   2.2311676e+00
   2.2316067e+00
   2.2320459e+00
   2.2324852e+00
   2.2329246e+00
   2.2333641e+00
   2.2338037e+00
   2.2342433e+00
   2.2346831e+00
   2.2351230e+00
   2.2355630e+00
   2.2360031e+00
   2.2364432e+00
   2.2368835e+00
   2.2373239e+00
   2.2377643e+00
   2.2382049e+00
   2.2386456e+00
   2.2390863e+00
   2.2395272e+00
   2.2399681e+00
   2.2404092e+00
   2.2408503e+00
   2.2412915e+00
   2.2417329e+00
   2.2421743e+00
   2.2426158e+00
   2.2430575e+00
   2.2434992e+00
   2.2439410e+00
   2.2443829e+00
   2.2448249e+00
   2.2452670e+00
   2.2457092e+00
   2.2461515e+00
   2.2465939e+00
   2.2470364e+00
   2.2474790e+00
   2.2479216e+00
   2.2483644e+00
   2.2488073e+00
   2.2492502e+00
   2.2496933e+00
   2.2501364e+00
   2.2505796e+00
   2.2510230e+00
   2.2514664e+00
   2.2519099e+00
   2.2523535e+00
   2.2527973e+00
   2.2532411e+00
   2.2536850e+00
   2.2541290e+00
   2.2545730e+00
   2.2550172e+00
   2.2554615e+00
   2.2559059e+00
   2.2563503e+00
   2.2567949e+00
   2.2572395e+00
   2.2576842e+00
   2.2581291e+00
   2.2585740e+00
   2.2590190e+00
   2.2594641e+00
   2.2599093e+00
   2.2603546e+00
   2.2608000e+00
   2.2612455e+00
   2.2616910e+00
   2.2621367e+00
   2.2625824e+00
   2.2630283e+00
   2.2634742e+00
   2.2639202e+00
   2.2643664e+00
   2.2648126e+00
   2.2652589e+00
   2.2657053e+00
   2.2661517e+00
   2.2665983e+00
   2.2670450e+00
   2.2674917e+00
   2.2679386e+00
   2.2683855e+00
   2.2688325e+00
   2.2692797e+00
   2.2697269e+00
   2.2701742e+00
   2.2706215e+00
   2.2710690e+00
   2.2715166e+00
   2.2719642e+00
   2.2724120e+00
   2.2728598e+00
   2.2733077e+00
   2.2737558e+00
   2.2742039e+00
   2.2746521e+00
   2.2751003e+00
   2.2755487e+00
   2.2759972e+00
   2.2764457e+00
   2.2768943e+00
   2.2773431e+00
   2.2777919e+00
   2.2782408e+00
   2.2786898e+00
   2.2791389e+00
   2.2795880e+00
   2.2800373e+00
   2.2804866e+00
   2.2809361e+00
   2.2813856e+00
   2.2818352e+00
   2.2822849e+00
   2.2827346e+00
   2.2831845e+00
   2.2836345e+00
   2.2840845e+00
   2.2845346e+00
   2.2849849e+00
   2.2854352e+00
   2.2858856e+00
   2.2863360e+00
   2.2867866e+00
   2.2872372e+00
   2.2876880e+00
   2.2881388e+00
   2.2885897e+00
   2.2890407e+00
   2.2894918e+00
   2.2899430e+00
   2.2903942e+00
   2.2908455e+00
   2.2912970e+00
   2.2917485e+00
   2.2922001e+00
   2.2926517e+00
   2.2931035e+00
   2.2935554e+00
   2.2940073e+00
   2.2944593e+00
   2.2949114e+00
   2.2953636e+00
   2.2958159e+00
   2.2962682e+00
   2.2967207e+00
   2.2971732e+00
   2.2976258e+00
   2.2980785e+00
   2.2985313e+00
   2.2989842e+00
   2.2994371e+00
   2.2998902e+00
   2.3003433e+00
   2.3007965e+00
   2.3012498e+00
   2.3017031e+00
   2.3021566e+00
   2.3026101e+00
   2.3030637e+00
   2.3035174e+00
   2.3039712e+00
   2.3044251e+00
   2.3048790e+00
   2.3053330e+00
   2.3057871e+00
   2.3062413e+00
   2.3066956e+00
   2.3071500e+00
   2.3076044e+00
   2.3080589e+00
   2.3085136e+00
   2.3089682e+00
   2.3094230e+00
   2.3098779e+00
   2.3103328e+00
   2.3107878e+00
   2.3112429e+00
   2.3116981e+00
   2.3121533e+00
   2.3126087e+00
   2.3130641e+00
   2.3135196e+00
   2.3139752e+00
   2.3144308e+00
   2.3148866e+00
   2.3153424e+00
   2.3157983e+00
   2.3162543e+00
   2.3167104e+00
   2.3171665e+00
   2.3176227e+00
   2.3180790e+00
   2.3185354e+00
   2.3189919e+00
   2.3194484e+00
   2.3199050e+00
   2.3203618e+00
   2.3208185e+00
   2.3212754e+00
   2.3217323e+00
   2.3221894e+00
   2.3226465e+00
   2.3231036e+00
   2.3235609e+00
   2.3240182e+00
   2.3244756e+00
   2.3249331e+00
   2.3253907e+00
   2.3258483e+00
   2.3263061e+00
   2.3267639e+00
   2.3272218e+00
   2.3276797e+00
   2.3281378e+00
   2.3285959e+00
   2.3290541e+00
   2.3295123e+00
   2.3299707e+00
   2.3304291e+00
   2.3308876e+00
   2.3313462e+00
   2.3318049e+00
   2.3322636e+00
   2.3327224e+00
   2.3331813e+00
   2.3336403e+00
   2.3340993e+00
   2.3345584e+00
   2.3350176e+00
   2.3354769e+00
   2.3359362e+00
   2.3363957e+00
   2.3368552e+00
   2.3373147e+00
   2.3377744e+00
   2.3382341e+00
   2.3386939e+00
   2.3391538e+00
   2.3396138e+00
   2.3400738e+00
   2.3405339e+00
   2.3409941e+00
   2.3414543e+00
   2.3419147e+00
   2.3423751e+00
   2.3428355e+00
   2.3432961e+00
   2.3437567e+00
   2.3442174e+00
   2.3446782e+00
   2.3451390e+00
   2.3456000e+00
   2.3460610e+00
   2.3465220e+00
   2.3469832e+00
   2.3474444e+00
   2.3479057e+00
   2.3483671e+00
   2.3488285e+00
   2.3492900e+00
   2.3497516e+00
   2.3502133e+00
   2.3506750e+00
   2.3511368e+00
   2.3515987e+00
   2.3520607e+00
   2.3525227e+00
   2.3529848e+00
   2.3534470e+00
   2.3539092e+00
   2.3543715e+00
   2.3548339e+00
   2.3552964e+00
   2.3557589e+00
   2.3562215e+00
   2.3566842e+00
   2.3571469e+00
   2.3576098e+00
