# Tue 14:38:02 11-Nov-2014
begin	identify aptoh - Ap 1
	id	aptoh
	task	identify
	image	aptoh - Ap 1
	aperture	1
	aplow	INDEF
	aphigh	INDEF
	units	
	features	10
	        774.34 6480.27377    6480.42   4.0 1 1 1.50976e+14
	        787.08 6495.75767    6495.55   4.0 1 1 6.58166e+13
	        809.00 6522.38065    6522.46   4.0 1 1 2.25633e+14
	        824.66 6541.41587    6541.22   4.0 1 1 8.49636e+13
	        841.06 6561.32826    6561.48   4.0 1 1 2.12031e+14
	        860.15 6584.51081    6584.62   4.0 1 1 6.75116e+13
	        895.39 6627.27144    6627.31   4.0 1 1 3.37691e+13
	        902.91 6636.39006    6636.35   4.0 1 1 1.02833e+14
	        907.66  6642.1469    6642.03   4.0 1 1 2.88641e+14
	        952.92 6696.98457    6697.02   4.0 1 1 4.15674e+13
	function spline3
	order 1
	sample *
	naverage 1
	niterate 0
	low_reject 3.
	high_reject 3.
	grow 0.
	coefficients	8
		3.
		1.
		1.
		1024.
		736.0412614311353
		921.3287339804356
		1132.153898664489
		1332.985645077392

