# Thu 14:52:55 06-Nov-2014
begin	identify HA2o - Ap 1
	id	HA2o
	task	identify
	image	HA2o - Ap 1
	aperture	1
	aplow	INDEF
	aphigh	INDEF
	units	
	features	10
	        736.63 6434.93985    6434.92   4.0 1 1 7.31545e+13
	        774.34 6480.28039    6480.42   4.0 1 1 1.50976e+14
	        787.07 6495.70499    6495.55   4.0 1 1 6.58166e+13
	        808.99 6522.33484    6522.46   4.0 1 1 2.25633e+14
	        824.67 6541.41358    6541.22   4.0 1 1 8.49636e+13
	        841.06 6561.38003    6561.48   4.0 1 1 2.12031e+14
	        860.16 6584.60915    6584.62   4.0 1 1 6.75116e+13
	        895.42 6627.31092    6627.31   4.0 1 1 3.37691e+13
	        902.92 6636.34429    6636.35   4.0 1 1 1.02833e+14
	        907.67 6642.04195    6642.03   4.0 1 1 2.88641e+14
	function spline3
	order 1
	sample *
	naverage 1
	niterate 0
	low_reject 3.
	high_reject 3.
	grow 0.
	coefficients	8
		3.
		1.
		1.
		1024.
		1396.903348609805
		876.8648331840632
		1161.08403059485
		1256.097386774643

