   1.4744400e+00   0.0000000e+00   0.0000000e+00   0.0000000e+00   0.0000000e+00
   1.4747000e+00   0.0000000e+00   0.0000000e+00   0.0000000e+00   0.0000000e+00
   1.4749600e+00   0.0000000e+00   0.0000000e+00   0.0000000e+00   0.0000000e+00
   1.4752200e+00   0.0000000e+00   0.0000000e+00   0.0000000e+00   0.0000000e+00
   1.4754800e+00   0.0000000e+00   0.0000000e+00   0.0000000e+00   0.0000000e+00
   1.4757400e+00   0.0000000e+00   0.0000000e+00   0.0000000e+00   0.0000000e+00
   1.4760000e+00   0.0000000e+00   0.0000000e+00   0.0000000e+00   0.0000000e+00
   1.4762600e+00   0.0000000e+00   0.0000000e+00   0.0000000e+00   0.0000000e+00
   1.4765200e+00   0.0000000e+00   0.0000000e+00   0.0000000e+00   0.0000000e+00
   1.4767800e+00   0.0000000e+00   0.0000000e+00   0.0000000e+00   0.0000000e+00
   1.4770400e+00   0.0000000e+00   0.0000000e+00   0.0000000e+00   0.0000000e+00
   1.4773100e+00   0.0000000e+00   0.0000000e+00   0.0000000e+00   0.0000000e+00
   1.4775700e+00   0.0000000e+00   0.0000000e+00   0.0000000e+00   0.0000000e+00
   1.4778300e+00   0.0000000e+00   0.0000000e+00   0.0000000e+00   0.0000000e+00
   1.4780900e+00   0.0000000e+00   0.0000000e+00   0.0000000e+00   0.0000000e+00
   1.4783500e+00   0.0000000e+00   0.0000000e+00   0.0000000e+00   0.0000000e+00
   1.4786100e+00   0.0000000e+00   0.0000000e+00   0.0000000e+00   0.0000000e+00
   1.4788800e+00   0.0000000e+00   0.0000000e+00   0.0000000e+00   0.0000000e+00
   1.4791400e+00   0.0000000e+00   0.0000000e+00   0.0000000e+00   0.0000000e+00
   1.4794000e+00   0.0000000e+00   0.0000000e+00   0.0000000e+00   0.0000000e+00
   1.4796600e+00   0.0000000e+00   0.0000000e+00   0.0000000e+00   0.0000000e+00
   1.4799300e+00   0.0000000e+00   0.0000000e+00   0.0000000e+00   0.0000000e+00
   1.4801900e+00   0.0000000e+00   0.0000000e+00   0.0000000e+00   0.0000000e+00
   1.4804500e+00   0.0000000e+00   0.0000000e+00   0.0000000e+00   0.0000000e+00
   1.4807200e+00   4.0168098e+04   1.7794442e+01   0.0000000e+00   4.4923538e-01
   1.4809800e+00   4.1027123e+04   1.8589330e+01   0.0000000e+00   4.6008171e-01
   1.4812400e+00   3.8432279e+04   1.7647761e+01   0.0000000e+00   4.7285421e-01
   1.4815100e+00   3.9758945e+04   1.7865804e+01   0.0000000e+00   4.7536128e-01
   1.4817700e+00   4.0003501e+04   1.7738114e+01   0.0000000e+00   4.8153364e-01
   1.4820300e+00   4.0223941e+04   1.7844798e+01   0.0000000e+00   4.8996996e-01
   1.4823000e+00   4.0457883e+04   1.7412758e+01   0.0000000e+00   4.9621909e-01
   1.4825600e+00   4.1603159e+04   1.8788250e+01   0.0000000e+00   5.1130710e-01
   1.4828300e+00   4.1354606e+04   1.8432377e+01   0.0000000e+00   5.1784029e-01
   1.4830900e+00   4.3850894e+04   1.9482210e+01   0.0000000e+00   5.3210037e-01
   1.4833500e+00   4.5422498e+04   1.9760817e+01   0.0000000e+00   5.3897620e-01
   1.4836200e+00   4.5639757e+04   1.9712498e+01   0.0000000e+00   5.4821862e-01
   1.4838800e+00   4.3116245e+04   1.9289535e+01   0.0000000e+00   5.5874818e-01
   1.4841500e+00   4.1333963e+04   1.8183297e+01   0.0000000e+00   5.6743363e-01
   1.4844100e+00   4.1789694e+04   2.0098102e+01   0.0000000e+00   5.7849263e-01
   1.4846800e+00   4.1108389e+04   1.8727526e+01   0.0000000e+00   5.9175713e-01
   1.4849400e+00   4.0718624e+04   1.8472951e+01   0.0000000e+00   5.9767956e-01
   1.4852100e+00   4.2076904e+04   1.9362648e+01   0.0000000e+00   6.0834839e-01
   1.4854700e+00   4.2086477e+04   2.1618989e+01   0.0000000e+00   6.1962407e-01
   1.4857400e+00   4.0454931e+04   2.0281232e+01   0.0000000e+00   6.3257291e-01
   1.4860100e+00   4.2507661e+04   1.9739751e+01   0.0000000e+00   6.4199109e-01
   1.4862700e+00   4.2623888e+04   2.0200166e+01   0.0000000e+00   6.5527991e-01
   1.4865400e+00   4.4183739e+04   2.1902477e+01   0.0000000e+00   6.6331567e-01
   1.4868000e+00   4.2934593e+04   1.9967318e+01   0.0000000e+00   6.7481342e-01
   1.4870700e+00   4.1983087e+04   1.7603952e+01   0.0000000e+00   6.8238678e-01
   1.4873400e+00   4.3063214e+04   2.1046104e+01   0.0000000e+00   6.9700280e-01
   1.4876000e+00   4.3435253e+04   2.3037698e+01   0.0000000e+00   7.0552352e-01
   1.4878700e+00   4.3510168e+04   1.8694594e+01   0.0000000e+00   7.2026489e-01
   1.4881400e+00   4.3781212e+04   2.0848775e+01   0.0000000e+00   7.3108002e-01
   1.4884000e+00   4.8857922e+04   2.1989059e+01   0.0000000e+00   7.4252175e-01
   1.4886700e+00   5.3984778e+04   2.1654103e+01   0.0000000e+00   7.5244646e-01
   1.4889400e+00   5.4697832e+04   2.4754917e+01   0.0000000e+00   7.6192704e-01
   1.4892000e+00   4.9694408e+04   2.2354244e+01   0.0000000e+00   7.7640704e-01
   1.4894700e+00   4.4628932e+04   1.9465528e+01   0.0000000e+00   7.8625805e-01
   1.4897400e+00   4.3296648e+04   1.8982761e+01   0.0000000e+00   7.9912838e-01
   1.4900100e+00   4.1375022e+04   1.6358174e+01   0.0000000e+00   8.1111640e-01
   1.4902700e+00   4.2953019e+04   1.8305226e+01   0.0000000e+00   8.2051235e-01
   1.4905400e+00   4.3312030e+04   1.7221724e+01   0.0000000e+00   8.2967628e-01
   1.4908100e+00   4.4294014e+04   1.9049642e+01   0.0000000e+00   8.3983103e-01
   1.4910800e+00   4.5087825e+04   2.1566643e+01   0.0000000e+00   8.5063694e-01
   1.4913500e+00   4.4544025e+04   1.8300263e+01   0.0000000e+00   8.6186606e-01
   1.4916200e+00   4.3535667e+04   1.9171729e+01   0.0000000e+00   8.7195003e-01
   1.4918800e+00   4.2702396e+04   1.6554449e+01   0.0000000e+00   8.8288107e-01
   1.4921500e+00   4.2393786e+04   1.6562355e+01   0.0000000e+00   8.9200297e-01
   1.4924200e+00   4.4023686e+04   1.7968967e+01   0.0000000e+00   9.0062975e-01
   1.4926900e+00   4.5183856e+04   1.8842813e+01   0.0000000e+00   9.0864461e-01
   1.4929600e+00   4.7945087e+04   1.7789307e+01   0.0000000e+00   9.2096136e-01
   1.4932300e+00   4.8920327e+04   1.8642437e+01   0.0000000e+00   9.3173126e-01
   1.4935000e+00   4.8087535e+04   1.8393111e+01   0.0000000e+00   9.4481303e-01
   1.4937700e+00   4.5683218e+04   1.6767123e+01   0.0000000e+00   9.5009829e-01
   1.4940400e+00   4.5554024e+04   1.7477713e+01   0.0000000e+00   9.5772265e-01
   1.4943100e+00   4.5014507e+04   1.6724293e+01   0.0000000e+00   9.6385055e-01
   1.4945700e+00   4.3667836e+04   1.6833715e+01   0.0000000e+00   9.7350458e-01
   1.4948400e+00   4.4335126e+04   1.6187213e+01   0.0000000e+00   9.8134412e-01
   1.4951100e+00   4.4932856e+04   1.6564997e+01   0.0000000e+00   9.9145880e-01
   1.4953800e+00   4.4717086e+04   1.6582630e+01   0.0000000e+00   9.9895643e-01
   1.4956600e+00   4.4380937e+04   1.6586804e+01   0.0000000e+00   1.0047051e+00
   1.4959300e+00   4.4732248e+04   1.6443910e+01   0.0000000e+00   1.0115920e+00
   1.4962000e+00   4.5373947e+04   1.7388956e+01   0.0000000e+00   1.0152237e+00
   1.4964700e+00   4.5042523e+04   1.6596636e+01   0.0000000e+00   1.0208437e+00
   1.4967400e+00   4.6077623e+04   1.6883396e+01   0.0000000e+00   1.0269686e+00
   1.4970100e+00   4.5946776e+04   1.6757736e+01   0.0000000e+00   1.0356472e+00
   1.4972800e+00   4.4890256e+04   1.6700989e+01   0.0000000e+00   1.0423793e+00
   1.4975500e+00   4.5093110e+04   1.6541255e+01   0.0000000e+00   1.0458158e+00
   1.4978200e+00   4.5829467e+04   1.6839314e+01   0.0000000e+00   1.0476696e+00
   1.4980900e+00   4.6259218e+04   1.9110082e+01   0.0000000e+00   1.0471081e+00
   1.4983600e+00   4.4792292e+04   1.6468801e+01   0.0000000e+00   1.0551119e+00
   1.4986400e+00   4.5338010e+04   1.6704220e+01   0.0000000e+00   1.0615491e+00
   1.4989100e+00   4.5468373e+04   1.6442537e+01   0.0000000e+00   1.0688181e+00
   1.4991800e+00   4.4404190e+04   1.6422325e+01   0.0000000e+00   1.0679013e+00
   1.4994500e+00   4.5893358e+04   1.6746160e+01   0.0000000e+00   1.0712741e+00
   1.4997200e+00   4.4982173e+04   1.6328113e+01   0.0000000e+00   1.0676863e+00
   1.5000000e+00   4.4855908e+04   1.6376301e+01  -4.9869799e+01   1.0773358e+00
   1.5002700e+00   4.6015104e+04   1.9374296e+01   9.6635336e+02   1.0769093e+00
   1.5005400e+00   4.6277514e+04   1.7010974e+01   8.8732093e+02   1.0844923e+00
   1.5008100e+00   4.6075462e+04   1.7001329e+01   1.4443547e+02   1.0812200e+00
   1.5010900e+00   4.5530185e+04   1.6872700e+01  -1.0779431e+03   1.0843409e+00
   1.5013600e+00   4.5919903e+04   1.6976755e+01  -1.3675398e+03   1.0844996e+00
   1.5016300e+00   4.7115105e+04   1.7654017e+01  -6.6469530e+02   1.0850528e+00
   1.5019000e+00   4.6441958e+04   1.6799630e+01  -1.4408767e+03   1.0864544e+00
   1.5021800e+00   4.6080104e+04   1.7126487e+01  -1.3654516e+03   1.0877057e+00
   1.5024500e+00   4.7369217e+04   1.8783958e+01   9.2635193e+02   1.0958994e+00
   1.5027200e+00   4.6029460e+04   1.6986979e+01   9.9231769e+02   1.0947258e+00
   1.5030000e+00   4.5978816e+04   1.6788034e+01   2.3770381e+03   1.0907356e+00
   1.5032700e+00   4.6681635e+04   1.7188100e+01   3.9950924e+03   1.0904186e+00
   1.5035400e+00   4.6606185e+04   1.7003798e+01   3.6899523e+03   1.0870377e+00
   1.5038200e+00   4.7122561e+04   1.7422821e+01   2.2883340e+03   1.0887090e+00
   1.5040900e+00   4.6940024e+04   1.7035222e+01  -1.7863248e+03   1.0928164e+00
   1.5043700e+00   4.7063483e+04   1.7538877e+01  -7.4133701e+03   1.0897150e+00
   1.5046400e+00   4.8266459e+04   1.7267898e+01  -1.3244979e+04   1.0913374e+00
   1.5049200e+00   5.5580560e+04   2.0059763e+01  -1.3284937e+04   1.0870065e+00
   1.5051900e+00   8.1858372e+04   3.0040694e+01   6.4790186e+03   1.0859516e+00
   1.5054600e+00   1.0105334e+05   3.5561244e+01   2.1084153e+04   1.0823336e+00
   1.5057400e+00   1.0103471e+05   3.4932283e+01   1.9144441e+04   1.0912888e+00
   1.5060100e+00   8.3298178e+04   3.0359731e+01   2.3851476e+03   1.0879782e+00
   1.5062900e+00   5.8171687e+04   2.1080589e+01  -1.9190556e+04   1.0865235e+00
   1.5065600e+00   6.1407083e+04   2.1631416e+01  -1.0607929e+04   1.0823939e+00
   1.5068400e+00   6.5715428e+04   2.3124232e+01  -1.7574604e+02   1.0787409e+00
   1.5071100e+00   6.4361413e+04   2.2872242e+01   4.3596714e+03   1.0755545e+00
   1.5073900e+00   5.6849921e+04   2.0668529e+01   1.7179419e+03   1.0791125e+00
   1.5076700e+00   4.9122156e+04   1.7582723e+01  -2.5937983e+03   1.0799722e+00
   1.5079400e+00   4.9343044e+04   1.7746085e+01  -4.7138467e+02   1.0792636e+00
   1.5082200e+00   4.9429904e+04   1.7550579e+01   2.5033448e+02   1.0751396e+00
   1.5084900e+00   5.0818963e+04   1.8076518e+01   1.4439714e+03   1.0721214e+00
   1.5087700e+00   5.3002664e+04   1.8914917e+01   3.0871966e+03   1.0679831e+00
   1.5090500e+00   5.2793658e+04   1.8853063e+01   2.4027194e+03   1.0654306e+00
   1.5093200e+00   5.0931480e+04   1.8330796e+01   3.8502831e+02   1.0653917e+00
   1.5096000e+00   4.8314931e+04   1.7429834e+01  -1.9915574e+03   1.0676652e+00
   1.5098700e+00   4.8228068e+04   1.7308577e+01  -1.5200980e+03   1.0653381e+00
   1.5101500e+00   4.7536435e+04   1.7114310e+01  -1.5029838e+03   1.0615610e+00
   1.5104300e+00   4.6802844e+04   1.6990967e+01  -1.5632005e+03   1.0585279e+00
   1.5107000e+00   4.8163452e+04   1.8548643e+01   2.9219888e+02   1.0545461e+00
   1.5109800e+00   4.8131039e+04   1.7373594e+01   5.0882883e+02   1.0561562e+00
   1.5112600e+00   4.8292788e+04   1.7384257e+01   6.8601794e+02   1.0599806e+00
   1.5115400e+00   4.8588228e+04   1.7426816e+01   8.3339806e+02   1.0548761e+00
   1.5118100e+00   4.9139644e+04   1.7507198e+01   1.1671832e+03   1.0510805e+00
   1.5120900e+00   4.8414880e+04   1.7651476e+01   2.4010461e+02   1.0464868e+00
   1.5123700e+00   4.7963765e+04   1.7522097e+01  -3.4449518e+02   1.0414862e+00
   1.5126500e+00   4.7609513e+04   1.7490795e+01  -7.4886374e+02   1.0419322e+00
   1.5129200e+00   4.7626160e+04   1.7309060e+01  -7.1739292e+02   1.0477176e+00
   1.5132000e+00   4.8089073e+04   1.7285553e+01  -2.1128076e+02   1.0461535e+00
   1.5134800e+00   4.8765966e+04   1.7592498e+01   4.9956298e+02   1.0432892e+00
   1.5137600e+00   4.8304468e+04   1.7303454e+01   3.8271224e+01   1.0386746e+00
   1.5140400e+00   4.8250574e+04   1.7538973e+01  -5.2889114e+01   1.0345186e+00
   1.5143200e+00   4.8506825e+04   1.7507847e+01   1.4570435e+02   1.0361151e+00
   1.5145900e+00   4.8916184e+04   1.7491074e+01   5.0849687e+02   1.0385802e+00
   1.5148700e+00   4.7790257e+04   1.7336180e+01  -6.1744474e+02   1.0386114e+00
   1.5151500e+00   4.7817514e+04   1.7133880e+01  -5.1721838e+02   1.0405210e+00
   1.5154300e+00   4.8320087e+04   1.7410847e+01   1.3568270e+02   1.0379455e+00
   1.5157100e+00   4.7424762e+04   1.7106819e+01  -5.5899270e+02   1.0319060e+00
   1.5159900e+00   4.8710507e+04   1.7473218e+01   9.1639430e+02   1.0305515e+00
   1.5162700e+00   4.8598542e+04   1.7534247e+01   8.9377614e+02   1.0297815e+00
   1.5165500e+00   4.8687002e+04   1.7479047e+01   8.7114876e+02   1.0331403e+00
   1.5168300e+00   4.8700453e+04   1.7531611e+01   4.8818795e+02   1.0357049e+00
   1.5171100e+00   4.8305649e+04   1.7248772e+01  -6.2884657e+02   1.0346102e+00
   1.5173900e+00   4.8634847e+04   1.7472029e+01  -1.3200120e+03   1.0309433e+00
   1.5176700e+00   4.9296430e+04   1.7609694e+01  -1.8726233e+03   1.0274773e+00
   1.5179500e+00   4.9912066e+04   1.7641802e+01  -2.4975608e+03   1.0269951e+00
   1.5182300e+00   5.2136975e+04   1.8652737e+01  -1.3446364e+03   1.0283776e+00
   1.5185100e+00   5.8360371e+04   2.0660628e+01   4.1483410e+03   1.0314445e+00
   1.5187900e+00   5.9397486e+04   2.1131876e+01   4.9023051e+03   1.0347843e+00
   1.5190700e+00   5.7923562e+04   2.0658730e+01   3.6069110e+03   1.0296057e+00
   1.5193500e+00   5.1602399e+04   1.8399916e+01  -2.1443526e+03   1.0260785e+00
   1.5196300e+00   4.9015815e+04   1.7482757e+01  -3.8913882e+03   1.0274134e+00
   1.5199100e+00   4.9117292e+04   1.7615106e+01  -2.8069867e+03   1.0299102e+00
   1.5201900e+00   4.8587355e+04   1.7638708e+01  -2.3017668e+03   1.0322725e+00
   1.5204700e+00   4.8884696e+04   1.7504861e+01  -9.5980190e+02   1.0328843e+00
   1.5207500e+00   4.9632440e+04   1.7855961e+01   8.2515082e+02   1.0294205e+00
   1.5210300e+00   4.9976614e+04   1.8009894e+01   2.1594976e+03   1.0290996e+00
   1.5213200e+00   4.9513448e+04   1.7697036e+01   2.5258065e+03   1.0278771e+00
   1.5216000e+00   4.8533669e+04   1.7457562e+01   2.0005057e+03   1.0299216e+00
   1.5218800e+00   4.9560756e+04   1.7681421e+01   2.8115453e+03   1.0312837e+00
   1.5221600e+00   5.0003785e+04   1.7739571e+01   2.0633528e+03   1.0341108e+00
   1.5224400e+00   4.9814346e+04   1.7797754e+01  -4.9585763e+02   1.0384594e+00
   1.5227200e+00   5.1037044e+04   1.8241278e+01  -2.8096561e+03   1.0343186e+00
   1.5230100e+00   5.0757079e+04   1.8334333e+01  -7.4921259e+03   1.0304757e+00
   1.5232900e+00   5.1470104e+04   1.8253238e+01  -1.1462752e+04   1.0309540e+00
   1.5235700e+00   6.0785558e+04   2.2155697e+01  -6.3440898e+03   1.0371700e+00
   1.5238500e+00   8.4066412e+04   2.9312124e+01   1.3998002e+04   1.0391872e+00
   1.5241400e+00   8.7543138e+04   3.0334744e+01   1.6368463e+04   1.0417145e+00
   1.5244200e+00   8.2324186e+04   2.9037355e+01   1.2098482e+04   1.0433390e+00
   1.5247000e+00   5.9991947e+04   2.1925496e+01  -7.4177424e+03   1.0412255e+00
   1.5249800e+00   5.1789423e+04   1.8613442e+01  -1.1484518e+04   1.0380329e+00
   1.5252700e+00   5.1229150e+04   1.8339987e+01  -7.3487945e+03   1.0388959e+00
   1.5255500e+00   5.0609893e+04   1.7878865e+01  -3.4929277e+03   1.0418861e+00
   1.5258300e+00   5.1015639e+04   1.8417415e+01   5.3574132e+02   1.0455138e+00
   1.5261200e+00   5.0796225e+04   1.8114404e+01   2.7056183e+03   1.0483194e+00
   1.5264000e+00   5.2390294e+04   1.8527369e+01   5.3404093e+03   1.0465727e+00
   1.5266800e+00   5.0294950e+04   1.8178655e+01   3.0416947e+03   1.0464324e+00
   1.5269700e+00   4.9367901e+04   1.7736763e+01   9.1351211e+02   1.0461705e+00
   1.5272500e+00   5.1113720e+04   1.8139442e+01   7.7309353e+02   1.0506912e+00
   1.5275400e+00   5.0681130e+04   1.7882396e+01  -1.9041959e+03   1.0532390e+00
   1.5278200e+00   5.1216801e+04   1.8232111e+01  -3.6567589e+03   1.0557308e+00
   1.5281000e+00   5.1800918e+04   1.8507991e+01  -5.1117460e+03   1.0553073e+00
   1.5283900e+00   5.9475399e+04   2.1087406e+01   1.0325851e+03   1.0550064e+00
   1.5286700e+00   6.4109472e+04   2.2606165e+01   4.8553657e+03   1.0551267e+00
   1.5289600e+00   6.4178274e+04   2.2469923e+01   4.9681372e+03   1.0590733e+00
   1.5292400e+00   5.7629408e+04   2.0528694e+01  -6.4335707e+02   1.0628597e+00
   1.5295300e+00   5.1497561e+04   1.8488616e+01  -5.0253980e+03   1.0637974e+00
   1.5298100e+00   5.0427152e+04   1.7922485e+01  -3.7439142e+03   1.0660509e+00
   1.5301000e+00   5.1279930e+04   1.7999092e+01  -2.7187164e+02   1.0660422e+00
   1.5303800e+00   5.1544245e+04   1.8348536e+01   2.4437928e+03   1.0662910e+00
   1.5306700e+00   5.0186763e+04   1.8288068e+01   2.8782833e+03   1.0642347e+00
   1.5309500e+00   5.0223634e+04   1.8218270e+01   3.5673202e+03   1.0696852e+00
   1.5312400e+00   5.0936015e+04   1.8353555e+01   3.4130449e+03   1.0736548e+00
   1.5315200e+00   5.1216963e+04   1.8294815e+01   1.1345634e+03   1.0786970e+00
   1.5318100e+00   5.0607373e+04   1.7976476e+01  -3.6041792e+03   1.0791529e+00
   1.5320900e+00   5.1758975e+04   1.8477482e+01  -7.6876302e+03   1.0756641e+00
   1.5323800e+00   5.3311657e+04   1.8842138e+01  -1.1708264e+04   1.0776356e+00
   1.5326700e+00   6.0502358e+04   2.2002561e+01  -9.4892583e+03   1.0831425e+00
   1.5329500e+00   8.6284273e+04   3.0519524e+01   1.2825874e+04   1.0851742e+00
   1.5332400e+00   9.4439202e+04   3.2599671e+01   1.9660774e+04   1.0872809e+00
   1.5335300e+00   8.8131846e+04   3.0766898e+01   1.4392787e+04   1.0887059e+00
   1.5338100e+00   6.4295832e+04   2.3481840e+01  -6.3156923e+03   1.0845949e+00
   1.5341000e+00   5.3070182e+04   1.8939255e+01  -1.3006412e+04   1.0861594e+00
   1.5343800e+00   5.3070182e+04   1.8888919e+01  -7.9691155e+03   1.0905332e+00
   1.5346700e+00   5.1985849e+04   1.8586223e+01  -4.4050082e+03   1.0929596e+00
   1.5349600e+00   5.3297665e+04   1.9018861e+01   5.0278184e+02   1.0979982e+00
   1.5352500e+00   5.4064165e+04   1.9123747e+01   3.4997827e+03   1.0989830e+00
   1.5355300e+00   5.2255576e+04   1.8557063e+01   2.6036827e+03   1.0958977e+00
   1.5358200e+00   5.1613068e+04   1.8449651e+01   1.8764741e+03   1.0948652e+00
   1.5361100e+00   5.2296036e+04   1.8557454e+01   1.9274395e+03   1.0978156e+00
   1.5363900e+00   5.0950596e+04   1.8235340e+01  -1.6929572e+02   1.1010013e+00
   1.5366800e+00   5.1234576e+04   1.8384902e+01  -4.6594486e+02   1.1026812e+00
   1.5369700e+00   5.2468026e+04   1.8702526e+01   4.5259944e+02   1.1031340e+00
   1.5372600e+00   5.2804846e+04   1.8914201e+01   6.5027941e+02   1.1011100e+00
   1.5375500e+00   5.2698009e+04   1.9178548e+01   3.7160408e+02   1.1036903e+00
   1.5378300e+00   5.2666500e+04   1.8485310e+01  -9.2658014e+01   1.1038244e+00
   1.5381200e+00   5.2074916e+04   1.8504500e+01  -1.5248721e+03   1.1056549e+00
   1.5384100e+00   5.1909055e+04   1.8474420e+01  -2.9318335e+03   1.1076118e+00
   1.5387000e+00   5.2494359e+04   1.8716866e+01  -3.8045471e+03   1.1087546e+00
   1.5389900e+00   5.5760094e+04   1.9611529e+01  -1.8931761e+03   1.1093588e+00
   1.5392800e+00   6.2840100e+04   2.1937260e+01   4.3024127e+03   1.1078004e+00
   1.5395600e+00   6.3248888e+04   2.2656403e+01   4.5929875e+03   1.1055016e+00
   1.5398500e+00   6.1888683e+04   2.1736872e+01   4.0012921e+03   1.1106270e+00
   1.5401400e+00   5.4515779e+04   1.9641783e+01  -1.8341824e+03   1.1146911e+00
   1.5404300e+00   5.1870721e+04   1.8628590e+01  -2.5281582e+03   1.1172670e+00
   1.5407200e+00   5.2200873e+04   1.8484372e+01  -3.5664094e+02   1.1170717e+00
   1.5410100e+00   5.2459776e+04   1.8595842e+01   1.0655801e+03   1.1139779e+00
   1.5413000e+00   5.2701571e+04   1.8565689e+01   1.3267944e+03   1.1128261e+00
   1.5415900e+00   5.3357742e+04   1.8837835e+01   6.2777247e+02   1.1151471e+00
   1.5418800e+00   5.2647325e+04   1.8734229e+01  -2.7245556e+03   1.1190657e+00
   1.5421700e+00   5.2920772e+04   1.8770789e+01  -5.9649049e+03   1.1232387e+00
   1.5424600e+00   5.5123692e+04   1.9391806e+01  -7.4831326e+03   1.1213303e+00
   1.5427500e+00   6.4967946e+04   2.3445317e+01  -8.0465598e+02   1.1175337e+00
   1.5430400e+00   8.0183951e+04   2.7815102e+01   1.2472827e+04   1.1159272e+00
   1.5433300e+00   7.9689416e+04   2.7557316e+01   1.1677960e+04   1.1164756e+00
   1.5436200e+00   7.0730509e+04   2.5078297e+01   4.1059136e+03   1.1221701e+00
   1.5439100e+00   5.6781780e+04   2.0177017e+01  -7.0852938e+03   1.1224497e+00
   1.5442000e+00   5.2619008e+04   1.8523877e+01  -7.7092564e+03   1.1232147e+00
   1.5444900e+00   5.2217417e+04   1.8484979e+01  -4.4911157e+03   1.1230798e+00
   1.5447800e+00   5.3113375e+04   1.8729980e+01  -5.2688585e+02   1.1221799e+00
   1.5450700e+00   5.1480234e+04   1.8218258e+01  -6.5316803e+01   1.1237060e+00
   1.5453600e+00   5.1971965e+04   1.8416664e+01   1.4028548e+03   1.1271556e+00
   1.5456500e+00   5.2582583e+04   1.8572179e+01   1.9902975e+03   1.1312095e+00
   1.5459500e+00   5.3862788e+04   1.9073060e+01   2.5531914e+03   1.1313717e+00
   1.5462400e+00   5.3555030e+04   1.8954687e+01   1.2197225e+03   1.1298853e+00
   1.5465300e+00   5.3733447e+04   1.8993770e+01   4.2523389e+02   1.1298970e+00
   1.5468200e+00   5.3077285e+04   1.8696342e+01  -8.9218725e+02   1.1291014e+00
   1.5471100e+00   5.3040241e+04   1.8725236e+01  -1.1612676e+03   1.1279907e+00
   1.5474000e+00   5.2622106e+04   1.8538590e+01  -1.4058930e+03   1.1315228e+00
   1.5477000e+00   5.3574009e+04   1.9098850e+01  -1.0625440e+01   1.1352950e+00
   1.5479900e+00   5.3171339e+04   1.8893674e+01   9.8619540e+01   1.1342164e+00
   1.5482800e+00   5.2559473e+04   1.8633992e+01  -1.4825889e+02   1.1357980e+00
   1.5485700e+00   5.4251768e+04   1.9190743e+01   1.5795109e+03   1.1326721e+00
   1.5488600e+00   5.4288453e+04   1.9035871e+01   1.2101731e+03   1.1303255e+00
   1.5491600e+00   5.3103315e+04   1.8940844e+01  -8.3858610e+02   1.1353230e+00
   1.5494500e+00   5.4227634e+04   1.9159890e+01  -9.4756477e+02   1.1416060e+00
   1.5497400e+00   5.5594482e+04   1.9717496e+01  -1.0037496e+03   1.1440045e+00
   1.5500300e+00   5.7068712e+04   2.0231490e+01   0.0000000e+00   1.1408224e+00
   1.5503300e+00   5.8020964e+04   2.0780430e+01   0.0000000e+00   1.1359497e+00
   1.5506200e+00   6.0450681e+04   2.1332989e+01   0.0000000e+00   1.1381861e+00
   1.5509100e+00   6.0845439e+04   2.1697459e+01   0.0000000e+00   1.1404533e+00
   1.5512100e+00   6.1103889e+04   2.1440659e+01   0.0000000e+00   1.1425449e+00
   1.5515000e+00   5.9281302e+04   2.0971986e+01   0.0000000e+00   1.1414221e+00
   1.5517900e+00   5.7906137e+04   2.0581747e+01   0.0000000e+00   1.1403473e+00
   1.5520900e+00   5.7171797e+04   2.0168603e+01   0.0000000e+00   1.1360961e+00
   1.5523800e+00   5.6332990e+04   1.9963596e+01   0.0000000e+00   1.1376170e+00
   1.5526700e+00   5.6072603e+04   1.9785477e+01   0.0000000e+00   1.1401920e+00
   1.5529700e+00   5.6037382e+04   1.9939007e+01   0.0000000e+00   1.1423081e+00
   1.5532600e+00   5.6855083e+04   2.0006253e+01   0.0000000e+00   1.1396821e+00
   1.5535600e+00   6.1755013e+04   2.1795060e+01   0.0000000e+00   1.1411645e+00
   1.5538500e+00   6.9483810e+04   2.4378099e+01   0.0000000e+00   1.1387217e+00
   1.5541400e+00   7.3585123e+04   2.5389119e+01   0.0000000e+00   1.1368371e+00
   1.5544400e+00   7.3254258e+04   2.5596992e+01   0.0000000e+00   1.1399786e+00
   1.5547300e+00   6.5984893e+04   2.3128694e+01   0.0000000e+00   1.1439050e+00
   1.5550300e+00   6.1425325e+04   2.1559926e+01   0.0000000e+00   1.1438746e+00
   1.5553200e+00   5.6584585e+04   2.0051915e+01   0.0000000e+00   1.1419175e+00
   1.5556200e+00   5.5980677e+04   1.9844254e+01   0.0000000e+00   1.1396547e+00
   1.5559100e+00   5.6606465e+04   2.0035950e+01   0.0000000e+00   1.1395030e+00
   1.5562100e+00   5.6506121e+04   2.0153075e+01   0.0000000e+00   1.1399613e+00
   1.5565000e+00   5.7204046e+04   2.0333261e+01   0.0000000e+00   1.1465421e+00
   1.5568000e+00   6.0021557e+04   2.1374139e+01   0.0000000e+00   1.1488944e+00
   1.5570900e+00   6.0789687e+04   2.1255616e+01   0.0000000e+00   1.1481237e+00
   1.5573900e+00   5.9883211e+04   2.0936819e+01   0.0000000e+00   1.1429792e+00
   1.5576800e+00   5.7673061e+04   2.0303755e+01   0.0000000e+00   1.1386091e+00
   1.5579800e+00   5.6644467e+04   1.9944589e+01   0.0000000e+00   1.1427447e+00
   1.5582800e+00   5.7022303e+04   2.0128390e+01   0.0000000e+00   1.1456893e+00
   1.5585700e+00   5.7703486e+04   2.0338691e+01   0.0000000e+00   1.1492173e+00
   1.5588700e+00   5.8191873e+04   2.0489714e+01   0.0000000e+00   1.1504203e+00
   1.5591600e+00   6.0288957e+04   2.1378444e+01   0.0000000e+00   1.1464816e+00
   1.5594600e+00   7.0396481e+04   2.4621346e+01   0.0000000e+00   1.1422059e+00
   1.5597600e+00   7.4542196e+04   2.6030820e+01   0.0000000e+00   1.1404134e+00
   1.5600500e+00   7.1376261e+04   2.5068962e+01   0.0000000e+00   1.1429861e+00
   1.5603500e+00   6.1447347e+04   2.1547795e+01   0.0000000e+00   1.1474508e+00
   1.5606500e+00   5.7191438e+04   2.0156102e+01   0.0000000e+00   1.1507327e+00
   1.5609400e+00   5.7387048e+04   2.0115910e+01   0.0000000e+00   1.1455391e+00
   1.5612400e+00   5.7585399e+04   2.0119116e+01   0.0000000e+00   1.1409418e+00
   1.5615400e+00   5.8868328e+04   2.0615937e+01   0.0000000e+00   1.1349630e+00
   1.5618300e+00   5.8330431e+04   2.0396657e+01   0.0000000e+00   1.1378642e+00
   1.5621300e+00   5.8503879e+04   2.0428425e+01   0.0000000e+00   1.1471696e+00
   1.5624300e+00   5.9540768e+04   2.0882438e+01   0.0000000e+00   1.1527890e+00
   1.5627200e+00   6.3265463e+04   2.2137780e+01   0.0000000e+00   1.1496143e+00
   1.5630200e+00   6.8455726e+04   2.3843652e+01   0.0000000e+00   1.1455039e+00
   1.5633200e+00   6.8899053e+04   2.3715880e+01   0.0000000e+00   1.1437927e+00
   1.5636200e+00   6.3262775e+04   2.2127182e+01   0.0000000e+00   1.1416846e+00
   1.5639200e+00   5.9606265e+04   2.0848929e+01   0.0000000e+00   1.1470480e+00
   1.5642100e+00   6.0499660e+04   2.1190236e+01   0.0000000e+00   1.1539549e+00
   1.5645100e+00   5.9459913e+04   2.0871776e+01   0.0000000e+00   1.1555681e+00
   1.5648100e+00   6.0415946e+04   2.1203877e+01   0.0000000e+00   1.1482063e+00
   1.5651100e+00   7.4492737e+04   2.6362650e+01   0.0000000e+00   1.1441563e+00
   1.5654100e+00   8.6109412e+04   2.9808782e+01   0.0000000e+00   1.1411899e+00
   1.5657000e+00   8.5080784e+04   2.9708570e+01   0.0000000e+00   1.1461274e+00
   1.5660000e+00   7.2430112e+04   2.5635140e+01   0.0000000e+00   1.1517929e+00
   1.5663000e+00   6.1808699e+04   2.1391273e+01   0.0000000e+00   1.1536041e+00
   1.5666000e+00   6.0597446e+04   2.1192112e+01   0.0000000e+00   1.1516155e+00
   1.5669000e+00   5.9950680e+04   2.1265971e+01   0.0000000e+00   1.1417915e+00
   1.5672000e+00   6.0232173e+04   2.1237312e+01   0.0000000e+00   1.1370864e+00
   1.5675000e+00   6.0546801e+04   2.1185875e+01   0.0000000e+00   1.1380717e+00
   1.5678000e+00   6.0343315e+04   2.1196789e+01   0.0000000e+00   1.1488809e+00
   1.5681000e+00   6.0745341e+04   2.1306787e+01   0.0000000e+00   1.1550869e+00
   1.5684000e+00   6.0999957e+04   2.1334683e+01   0.0000000e+00   1.1511173e+00
   1.5687000e+00   5.9221421e+04   2.0971488e+01   0.0000000e+00   1.1441956e+00
   1.5689900e+00   5.9858432e+04   2.0873338e+01   0.0000000e+00   1.1372897e+00
   1.5692900e+00   6.1172304e+04   2.1368113e+01   0.0000000e+00   1.1403315e+00
   1.5695900e+00   6.0971198e+04   2.1393653e+01   0.0000000e+00   1.1484078e+00
   1.5698900e+00   6.5097553e+04   2.3049567e+01   0.0000000e+00   1.1544745e+00
   1.5701900e+00   6.7861857e+04   2.3600842e+01   0.0000000e+00   1.1586479e+00
   1.5704900e+00   6.6442311e+04   2.3509083e+01   0.0000000e+00   1.1516906e+00
   1.5707900e+00   6.2283028e+04   2.1820113e+01   0.0000000e+00   1.1416390e+00
   1.5711000e+00   6.1493042e+04   2.1784450e+01   0.0000000e+00   1.1362151e+00
   1.5714000e+00   6.2149848e+04   2.1782997e+01   0.0000000e+00   1.1461959e+00
   1.5717000e+00   6.2096881e+04   2.1524094e+01   0.0000000e+00   1.1583079e+00
   1.5720000e+00   6.1499480e+04   2.1512720e+01   0.0000000e+00   1.1590404e+00
   1.5723000e+00   6.1898521e+04   2.1615912e+01   0.0000000e+00   1.1528991e+00
   1.5726000e+00   6.1979051e+04   2.1919843e+01   0.0000000e+00   1.1484890e+00
   1.5729000e+00   6.2050627e+04   2.1608234e+01   0.0000000e+00   1.1427688e+00
   1.5732000e+00   6.0935260e+04   2.1378292e+01   0.0000000e+00   1.1441810e+00
   1.5735000e+00   6.1616800e+04   2.1544592e+01   0.0000000e+00   1.1531917e+00
   1.5738000e+00   6.1315306e+04   2.1349207e+01   0.0000000e+00   1.1600872e+00
   1.5741000e+00   6.0957974e+04   2.1593732e+01   0.0000000e+00   1.1553827e+00
   1.5744100e+00   6.2280965e+04   2.1882311e+01   0.0000000e+00   1.1452212e+00
   1.5747100e+00   6.2388222e+04   2.1733883e+01   0.0000000e+00   1.1395537e+00
   1.5750100e+00   6.2832717e+04   2.1889855e+01   0.0000000e+00   1.1398055e+00
   1.5753100e+00   6.2748214e+04   2.1751246e+01   0.0000000e+00   1.1496158e+00
   1.5756100e+00   6.4197325e+04   2.2301231e+01   0.0000000e+00   1.1604555e+00
   1.5759200e+00   6.3560824e+04   2.2144257e+01   0.0000000e+00   1.1628705e+00
   1.5762200e+00   6.4582848e+04   2.3201085e+01   0.0000000e+00   1.1555413e+00
   1.5765200e+00   6.3829997e+04   2.2242279e+01   0.0000000e+00   1.1484014e+00
   1.5768200e+00   6.3542155e+04   2.1873540e+01   0.0000000e+00   1.1450856e+00
   1.5771200e+00   6.2749181e+04   2.1695559e+01   0.0000000e+00   1.1514472e+00
   1.5774300e+00   6.3688761e+04   2.2241550e+01   0.0000000e+00   1.1607288e+00
   1.5777300e+00   6.4803789e+04   2.2555163e+01   0.0000000e+00   1.1626499e+00
   1.5780300e+00   6.5263222e+04   2.2774093e+01   0.0000000e+00   1.1601524e+00
   1.5783400e+00   6.6003477e+04   2.2941072e+01   0.0000000e+00   1.1475370e+00
   1.5786400e+00   6.5375757e+04   2.2824446e+01   0.0000000e+00   1.1431776e+00
   1.5789400e+00   6.3904251e+04   2.2324887e+01   0.0000000e+00   1.1470060e+00
   1.5792400e+00   6.4928419e+04   2.2697775e+01   0.0000000e+00   1.1590643e+00
   1.5795500e+00   6.4597293e+04   2.2579264e+01   0.0000000e+00   1.1629746e+00
   1.5798500e+00   6.5442761e+04   2.2602322e+01   0.0000000e+00   1.1610374e+00
   1.5801500e+00   6.6605385e+04   2.3181989e+01   0.0000000e+00   1.1536917e+00
   1.5804600e+00   6.8010116e+04   2.3992721e+01   0.0000000e+00   1.1456191e+00
   1.5807600e+00   6.8327285e+04   2.3858408e+01   0.0000000e+00   1.1460085e+00
   1.5810700e+00   6.7230717e+04   2.3076948e+01   0.0000000e+00   1.1537102e+00
   1.5813700e+00   6.6635167e+04   2.3147192e+01   0.0000000e+00   1.1628979e+00
   1.5816700e+00   6.6909378e+04   2.3074359e+01   0.0000000e+00   1.1630527e+00
   1.5819800e+00   6.7148130e+04   2.3179085e+01   0.0000000e+00   1.1559264e+00
   1.5822800e+00   6.8153259e+04   2.3865554e+01   0.0000000e+00   1.1469490e+00
   1.5825900e+00   7.3312264e+04   2.5388098e+01   0.0000000e+00   1.1448816e+00
   1.5828900e+00   1.0388216e+05   3.7929199e+01   0.0000000e+00   1.1499641e+00
   1.5831900e+00   1.3373030e+05   4.5807712e+01   0.0000000e+00   1.1596789e+00
   1.5835000e+00   1.3062399e+05   4.5396451e+01   0.0000000e+00   1.1625574e+00
   1.5838000e+00   9.9590450e+04   3.6447013e+01   0.0000000e+00   1.1526178e+00
   1.5841100e+00   7.3465550e+04   2.5287022e+01   0.0000000e+00   1.1451691e+00
   1.5844100e+00   8.2721580e+04   2.8742065e+01   0.0000000e+00   1.1382539e+00
   1.5847200e+00   8.9800598e+04   3.0526930e+01   0.0000000e+00   1.1423009e+00
   1.5850200e+00   8.6083927e+04   2.9759221e+01   0.0000000e+00   1.1485504e+00
   1.5853300e+00   7.6329589e+04   2.6714219e+01   0.0000000e+00   1.1556064e+00
   1.5856300e+00   6.8481317e+04   2.4165295e+01   0.0000000e+00   1.1517725e+00
   1.5859400e+00   6.7843714e+04   2.3541557e+01   0.0000000e+00   1.1500623e+00
   1.5862500e+00   6.8613469e+04   2.3726245e+01   0.0000000e+00   1.1425201e+00
   1.5865500e+00   7.2152651e+04   2.4914682e+01   0.0000000e+00   1.1413495e+00
   1.5868600e+00   7.4521998e+04   2.5530296e+01   0.0000000e+00   1.1490988e+00
   1.5871600e+00   7.4589311e+04   2.5495180e+01   0.0000000e+00   1.1584154e+00
   1.5874700e+00   6.9460963e+04   2.4027584e+01   0.0000000e+00   1.1563739e+00
   1.5877700e+00   6.7678345e+04   2.3715257e+01   0.0000000e+00   1.1495950e+00
   1.5880800e+00   6.7414839e+04   2.3332093e+01   0.0000000e+00   1.1415546e+00
   1.5883900e+00   6.7495343e+04   2.3359676e+01   0.0000000e+00   1.1398417e+00
   1.5886900e+00   6.9576474e+04   2.3974302e+01   0.0000000e+00   1.1427537e+00
   1.5890000e+00   6.9522813e+04   2.4201134e+01   0.0000000e+00   1.1500526e+00
   1.5893100e+00   7.0450344e+04   2.4479609e+01   0.0000000e+00   1.1524638e+00
   1.5896100e+00   7.0122707e+04   2.4053850e+01   0.0000000e+00   1.1472615e+00
   1.5899200e+00   7.1256539e+04   2.4863334e+01   0.0000000e+00   1.1388755e+00
   1.5902300e+00   7.0715503e+04   2.4348005e+01   0.0000000e+00   1.1348040e+00
   1.5905300e+00   7.0464356e+04   2.4165051e+01   0.0000000e+00   1.1391834e+00
   1.5908400e+00   6.9848737e+04   2.4314033e+01   0.0000000e+00   1.1481638e+00
   1.5911500e+00   6.9909794e+04   2.4537319e+01   0.0000000e+00   1.1500078e+00
   1.5914500e+00   7.0154747e+04   2.4259342e+01   0.0000000e+00   1.1452451e+00
   1.5917600e+00   7.1947197e+04   2.4724902e+01   0.0000000e+00   1.1358812e+00
   1.5920700e+00   7.1996753e+04   2.4896643e+01   0.0000000e+00   1.1290084e+00
   1.5923800e+00   7.0186677e+04   2.4521547e+01   0.0000000e+00   1.1324747e+00
   1.5926800e+00   7.1565552e+04   2.4599563e+01   0.0000000e+00   1.1400362e+00
   1.5929900e+00   7.1966813e+04   2.4821670e+01   0.0000000e+00   1.1465513e+00
   1.5933000e+00   7.2028413e+04   2.4831342e+01   0.0000000e+00   1.1457925e+00
   1.5936100e+00   7.2481678e+04   2.4905408e+01   0.0000000e+00   1.1395204e+00
   1.5939200e+00   7.2598216e+04   2.4937963e+01   0.0000000e+00   1.1298303e+00
   1.5942200e+00   7.3300038e+04   2.4980521e+01   0.0000000e+00   1.1276794e+00
   1.5945300e+00   7.3336685e+04   2.5185873e+01   0.0000000e+00   1.1328637e+00
   1.5948400e+00   7.2318730e+04   2.5281134e+01   0.0000000e+00   1.1374724e+00
   1.5951500e+00   7.2050291e+04   2.5200919e+01   0.0000000e+00   1.1439989e+00
   1.5954600e+00   7.3207874e+04   2.5322378e+01   0.0000000e+00   1.1382172e+00
   1.5957700e+00   7.3291258e+04   2.5262335e+01   0.0000000e+00   1.1300356e+00
   1.5960700e+00   7.3299861e+04   2.4986430e+01   0.0000000e+00   1.1276929e+00
   1.5963800e+00   7.3465550e+04   2.5437279e+01   0.0000000e+00   1.1309114e+00
   1.5966900e+00   7.6000531e+04   2.6388026e+01   0.0000000e+00   1.1372657e+00
   1.5970000e+00   8.6136313e+04   2.9332076e+01   0.0000000e+00   1.1441830e+00
   1.5973100e+00   8.6687250e+04   2.9991998e+01   0.0000000e+00   1.1334443e+00
   1.5976200e+00   8.2217268e+04   2.8358428e+01   0.0000000e+00   1.1288884e+00
   1.5979300e+00   7.5535394e+04   2.5925570e+01   0.0000000e+00   1.1254203e+00
   1.5982400e+00   7.3362663e+04   2.5259211e+01   0.0000000e+00   1.1279034e+00
   1.5985500e+00   7.3731888e+04   2.5279540e+01   0.0000000e+00   1.1351244e+00
   1.5988600e+00   7.3625403e+04   2.5310464e+01   0.0000000e+00   1.1406481e+00
   1.5991700e+00   7.3330448e+04   2.5505470e+01   0.0000000e+00   1.1384250e+00
   1.5994800e+00   7.3886325e+04   2.5165163e+01   0.0000000e+00   1.1322184e+00
   1.5997900e+00   7.3254131e+04   2.5037600e+01   0.0000000e+00   1.1289613e+00
   1.6001000e+00   7.2695711e+04   2.4861235e+01   0.0000000e+00   1.1261897e+00
   1.6004100e+00   7.3633746e+04   2.5492900e+01   0.0000000e+00   1.1287397e+00
   1.6007200e+00   7.5476934e+04   2.5671147e+01   0.0000000e+00   1.1372668e+00
   1.6010300e+00   7.4309405e+04   2.5425611e+01   0.0000000e+00   1.1364383e+00
   1.6013400e+00   7.4407486e+04   2.5416967e+01   0.0000000e+00   1.1327500e+00
   1.6016500e+00   7.6089654e+04   2.6060385e+01   0.0000000e+00   1.1251517e+00
   1.6019600e+00   7.5785566e+04   2.5989417e+01   0.0000000e+00   1.1230992e+00
   1.6022700e+00   7.6541096e+04   2.6170987e+01   0.0000000e+00   1.1253636e+00
   1.6025800e+00   9.2401901e+04   3.3661061e+01   0.0000000e+00   1.1285951e+00
   1.6028900e+00   1.1966937e+05   4.1660822e+01   0.0000000e+00   1.1320952e+00
   1.6032000e+00   1.2180700e+05   4.1577271e+01   0.0000000e+00   1.1312679e+00
   1.6035100e+00   1.0458139e+05   3.6591308e+01   0.0000000e+00   1.1279616e+00
   1.6038200e+00   7.9738921e+04   2.7549622e+01   0.0000000e+00   1.1235300e+00
   1.6041400e+00   7.7818720e+04   2.6974247e+01   0.0000000e+00   1.1254190e+00
   1.6044500e+00   7.8203055e+04   2.6799067e+01   0.0000000e+00   1.1308435e+00
   1.6047600e+00   7.8595299e+04   2.7149128e+01   0.0000000e+00   1.1291525e+00
   1.6050700e+00   7.9076150e+04   2.7225011e+01   0.0000000e+00   1.1307821e+00
   1.6053800e+00   7.9501203e+04   2.7404097e+01   0.0000000e+00   1.1227603e+00
   1.6056900e+00   8.0113391e+04   2.7555218e+01   0.0000000e+00   1.1239048e+00
   1.6060000e+00   8.1236490e+04   2.7758133e+01   0.0000000e+00   1.1256436e+00
   1.6063200e+00   8.0405252e+04   2.7443582e+01   0.0000000e+00   1.1299347e+00
   1.6066300e+00   8.1203471e+04   2.7553827e+01   0.0000000e+00   1.1301596e+00
   1.6069400e+00   8.2428593e+04   2.7951511e+01   0.0000000e+00   1.1294285e+00
   1.6072500e+00   8.2654585e+04   2.8083571e+01   0.0000000e+00   1.1289324e+00
   1.6075700e+00   9.0460008e+04   3.0950154e+01   0.0000000e+00   1.1282624e+00
   1.6078800e+00   9.8174477e+04   3.3635076e+01   0.0000000e+00   1.1268560e+00
   1.6081900e+00   9.7793138e+04   3.3522083e+01   0.0000000e+00   1.1290825e+00
   1.6085000e+00   8.7298451e+04   2.9986057e+01   0.0000000e+00   1.1294315e+00
   1.6088200e+00   8.0798249e+04   2.7657665e+01   0.0000000e+00   1.1298779e+00
   1.6091300e+00   8.2084662e+04   2.8042118e+01   0.0000000e+00   1.1274344e+00
   1.6094400e+00   8.1174532e+04   2.7635935e+01   0.0000000e+00   1.1276876e+00
   1.6097500e+00   8.1266974e+04   2.8219820e+01   0.0000000e+00   1.1219827e+00
   1.6100700e+00   8.2695862e+04   2.8177342e+01   0.0000000e+00   1.1242552e+00
   1.6103800e+00   8.1996905e+04   2.8064381e+01   0.0000000e+00   1.1270026e+00
   1.6106900e+00   8.2223008e+04   2.8112815e+01   0.0000000e+00   1.1281508e+00
   1.6110100e+00   8.2482149e+04   2.8113641e+01   0.0000000e+00   1.1285823e+00
   1.6113200e+00   8.2854619e+04   2.8096664e+01   0.0000000e+00   1.1258398e+00
   1.6116300e+00   8.3138230e+04   2.8235192e+01   0.0000000e+00   1.1258701e+00
   1.6119500e+00   8.3193495e+04   2.8428154e+01   0.0000000e+00   1.1268601e+00
   1.6122600e+00   9.3660307e+04   3.2504632e+01   0.0000000e+00   1.1281041e+00
   1.6125800e+00   1.2411400e+05   4.2756019e+01   0.0000000e+00   1.1285616e+00
   1.6128900e+00   1.3369886e+05   4.5868634e+01   0.0000000e+00   1.1266679e+00
   1.6132000e+00   1.2332935e+05   4.2376617e+01   0.0000000e+00   1.1248312e+00
   1.6135200e+00   9.4239502e+04   3.2446668e+01   0.0000000e+00   1.1239732e+00
   1.6138300e+00   8.5027133e+04   2.8766051e+01   0.0000000e+00   1.1266420e+00
   1.6141500e+00   8.4333082e+04   2.8720482e+01   0.0000000e+00   1.1295779e+00
   1.6144600e+00   8.5638464e+04   2.9154488e+01   0.0000000e+00   1.1269623e+00
   1.6147700e+00   8.6180249e+04   2.9487176e+01   0.0000000e+00   1.1223161e+00
   1.6150900e+00   8.5115484e+04   2.9242011e+01   0.0000000e+00   1.1216360e+00
   1.6154000e+00   8.6402263e+04   2.9802823e+01   0.0000000e+00   1.1221835e+00
   1.6157200e+00   8.7607939e+04   3.0311332e+01   0.0000000e+00   1.1221510e+00
   1.6160300e+00   8.6699353e+04   2.9734660e+01   0.0000000e+00   1.1250263e+00
   1.6163500e+00   8.8427933e+04   3.0328074e+01   0.0000000e+00   1.1236019e+00
   1.6166600e+00   8.8245290e+04   3.0224583e+01   0.0000000e+00   1.1202807e+00
   1.6169800e+00   8.7332521e+04   2.9882212e+01   0.0000000e+00   1.1184403e+00
   1.6172900e+00   8.8996491e+04   3.0376119e+01   0.0000000e+00   1.1150725e+00
   1.6176100e+00   8.8936270e+04   3.0790548e+01   0.0000000e+00   1.1165151e+00
   1.6179300e+00   8.9266269e+04   3.0490985e+01   0.0000000e+00   1.1213035e+00
   1.6182400e+00   8.9172440e+04   3.0493721e+01   0.0000000e+00   1.1200788e+00
   1.6185600e+00   9.1170077e+04   3.0868218e+01   0.0000000e+00   1.1168435e+00
   1.6188700e+00   9.3681339e+04   3.2060250e+01   0.0000000e+00   1.1108413e+00
   1.6191900e+00   1.0232139e+05   3.4852034e+01   0.0000000e+00   1.1080011e+00
   1.6195000e+00   1.0579322e+05   3.5588783e+01   0.0000000e+00   1.1120264e+00
   1.6198200e+00   1.0306423e+05   3.5284337e+01   0.0000000e+00   1.1140647e+00
   1.6201400e+00   9.4321784e+04   3.2313805e+01   0.0000000e+00   1.1149559e+00
   1.6204500e+00   9.3947229e+04   3.2014144e+01   0.0000000e+00   1.1088008e+00
   1.6207700e+00   9.3826303e+04   3.2015655e+01   0.0000000e+00   1.1065139e+00
   1.6210800e+00   9.5397175e+04   3.2232191e+01   0.0000000e+00   1.1032711e+00
   1.6214000e+00   9.4226080e+04   3.1788867e+01   0.0000000e+00   1.1020148e+00
   1.6217200e+00   9.4942589e+04   3.2309331e+01   0.0000000e+00   1.1045748e+00
   1.6220300e+00   9.6822584e+04   3.3036618e+01   0.0000000e+00   1.1059782e+00
   1.6223500e+00   9.6719407e+04   3.2943285e+01   0.0000000e+00   1.1026451e+00
   1.6226700e+00   1.1774957e+05   4.1901192e+01   0.0000000e+00   1.0839282e+00
   1.6229800e+00   9.2710688e+04   3.8415165e+01   0.0000000e+00   1.0948060e+00
   1.6233000e+00   1.1133019e+05   4.3154883e+01   0.0000000e+00   1.1027730e+00
   1.6236200e+00   1.1042779e+05   4.3749612e+01   0.0000000e+00   1.1140093e+00
   1.6239400e+00   9.5184179e+04   4.0597024e+01   0.0000000e+00   1.1199659e+00
   1.6242500e+00   7.3869588e+04   3.3542879e+01   0.0000000e+00   1.1192113e+00
   1.6245700e+00   6.6977593e+04   3.1574084e+01   0.0000000e+00   1.1119759e+00
   1.6248900e+00   6.4590077e+04   3.0924767e+01   0.0000000e+00   1.1012313e+00
   1.6252100e+00   6.1095953e+04   2.9847461e+01   0.0000000e+00   1.1005788e+00
   1.6255200e+00   5.7097822e+04   2.8398892e+01   0.0000000e+00   1.1043586e+00
   1.6258400e+00   5.3794196e+04   2.7113046e+01   0.0000000e+00   1.1099999e+00
   1.6261600e+00   5.1530563e+04   2.6030913e+01   0.0000000e+00   1.1077277e+00
   1.6264800e+00   4.9296534e+04   2.3994979e+01   0.0000000e+00   1.1023239e+00
   1.6268000e+00   4.9059849e+04   2.2124782e+01   0.0000000e+00   1.1013949e+00
   1.6271100e+00   4.8054009e+04   2.0108930e+01   0.0000000e+00   1.1176752e+00
   1.6274300e+00   4.5570584e+04   1.8456358e+01   0.0000000e+00   1.1241042e+00
   1.6277500e+00   4.5951552e+04   1.7294359e+01   0.0000000e+00   1.1333435e+00
   1.6280700e+00   4.6307996e+04   1.6833365e+01   0.0000000e+00   1.1481567e+00
   1.6283900e+00   4.6428413e+04   1.6664348e+01   0.0000000e+00   1.1494887e+00
   1.6287100e+00   4.6150206e+04   1.6589985e+01   0.0000000e+00   1.1434521e+00
   1.6290200e+00   4.5664536e+04   1.6485034e+01   0.0000000e+00   1.1390710e+00
   1.6293400e+00   4.7095489e+04   1.7030538e+01   0.0000000e+00   1.1425293e+00
   1.6296600e+00   4.7491943e+04   1.7016155e+01   0.0000000e+00   1.1506370e+00
   1.6299800e+00   4.7799608e+04   1.7062605e+01   0.0000000e+00   1.1569878e+00
   1.6303000e+00   4.8025711e+04   1.7265004e+01   0.0000000e+00   1.1488797e+00
   1.6306200e+00   4.8106605e+04   1.7388846e+01   0.0000000e+00   1.1425538e+00
   1.6309400e+00   4.8513020e+04   1.8187503e+01   0.0000000e+00   1.1368672e+00
   1.6312600e+00   5.0934722e+04   1.8327973e+01   0.0000000e+00   1.1322604e+00
   1.6315800e+00   5.5488741e+04   1.9565219e+01   0.0000000e+00   1.1410116e+00
   1.6319000e+00   5.3909550e+04   1.9527135e+01   0.0000000e+00   1.1466714e+00
   1.6322200e+00   5.0409600e+04   1.7985596e+01   0.0000000e+00   1.1505432e+00
   1.6325400e+00   4.8217256e+04   1.7513592e+01   0.0000000e+00   1.1398576e+00
   1.6328600e+00   4.7387781e+04   1.7104468e+01   0.0000000e+00   1.1295698e+00
   1.6331800e+00   4.8166422e+04   1.7339261e+01   0.0000000e+00   1.1296397e+00
   1.6335000e+00   4.7474392e+04   1.7187259e+01   0.0000000e+00   1.1365597e+00
   1.6338200e+00   4.9874292e+04   1.7824455e+01   0.0000000e+00   1.1437466e+00
   1.6341400e+00   5.1901097e+04   1.8542980e+01   0.0000000e+00   1.1446260e+00
   1.6344600e+00   5.2655143e+04   1.8827675e+01   0.0000000e+00   1.1383095e+00
   1.6347800e+00   5.9720860e+04   2.1170962e+01   0.0000000e+00   1.1290134e+00
   1.6351000e+00   6.4185076e+04   2.2583486e+01   0.0000000e+00   1.1234702e+00
   1.6354200e+00   6.1966662e+04   2.1871960e+01   0.0000000e+00   1.1268101e+00
   1.6357400e+00   5.4042627e+04   1.9140580e+01   0.0000000e+00   1.1345493e+00
   1.6360600e+00   5.0295000e+04   1.8189131e+01   0.0000000e+00   1.1389503e+00
   1.6363800e+00   5.0417777e+04   1.8133232e+01   0.0000000e+00   1.1367124e+00
   1.6367000e+00   4.8407749e+04   1.7354663e+01   0.0000000e+00   1.1254270e+00
   1.6370200e+00   4.8121728e+04   1.7148602e+01   0.0000000e+00   1.1169140e+00
   1.6373400e+00   4.6776212e+04   1.6888417e+01   0.0000000e+00   1.1186707e+00
   1.6376600e+00   4.7854965e+04   1.7150590e+01   0.0000000e+00   1.1263600e+00
   1.6379800e+00   4.7527008e+04   1.6943106e+01   0.0000000e+00   1.1352123e+00
   1.6383100e+00   5.0074512e+04   1.7808042e+01   0.0000000e+00   1.1341971e+00
   1.6386300e+00   5.5569183e+04   1.9649579e+01   0.0000000e+00   1.1256560e+00
   1.6389500e+00   5.6143736e+04   1.9666504e+01   0.0000000e+00   1.1151522e+00
   1.6392700e+00   5.3622065e+04   1.9012865e+01   0.0000000e+00   1.1122151e+00
   1.6395900e+00   4.8510955e+04   1.7222305e+01   0.0000000e+00   1.1185562e+00
   1.6399100e+00   4.8499536e+04   1.7218534e+01   0.0000000e+00   1.1273295e+00
   1.6402400e+00   4.7533241e+04   1.6862459e+01   0.0000000e+00   1.1312812e+00
   1.6405600e+00   4.7177393e+04   1.6948551e+01   0.0000000e+00   1.1226997e+00
   1.6408800e+00   4.8217500e+04   1.7330886e+01   0.0000000e+00   1.1139046e+00
   1.6412000e+00   5.0399465e+04   1.8010631e+01   0.0000000e+00   1.1055174e+00
   1.6415200e+00   5.1367699e+04   1.8223445e+01   0.0000000e+00   1.1075929e+00
   1.6418500e+00   4.9992497e+04   1.7630800e+01   0.0000000e+00   1.1212188e+00
   1.6421700e+00   4.8539863e+04   1.7333574e+01   0.0000000e+00   1.1287438e+00
   1.6424900e+00   4.8230363e+04   1.7151318e+01   0.0000000e+00   1.1230700e+00
   1.6428100e+00   4.8647013e+04   1.7292487e+01   0.0000000e+00   1.1133146e+00
   1.6431400e+00   4.9014996e+04   1.7346054e+01   0.0000000e+00   1.1035713e+00
   1.6434600e+00   4.8814491e+04   1.7233796e+01   0.0000000e+00   1.1050184e+00
   1.6437800e+00   5.6998591e+04   2.0485354e+01   0.0000000e+00   1.1132173e+00
   1.6441000e+00   6.5422343e+04   2.3097380e+01   0.0000000e+00   1.1215970e+00
   1.6444300e+00   6.6575729e+04   2.3262423e+01   0.0000000e+00   1.1242320e+00
   1.6447500e+00   5.8081195e+04   2.0764300e+01   0.0000000e+00   1.1134421e+00
   1.6450700e+00   5.2011155e+04   1.8342221e+01   0.0000000e+00   1.1016227e+00
   1.6454000e+00   4.9312124e+04   1.7686224e+01   0.0000000e+00   1.0976937e+00
   1.6457200e+00   4.8792540e+04   1.7263293e+01   0.0000000e+00   1.1050858e+00
   1.6460400e+00   4.8513097e+04   1.7593731e+01   0.0000000e+00   1.1146841e+00
   1.6463700e+00   4.8028226e+04   1.7193465e+01   0.0000000e+00   1.1173846e+00
   1.6466900e+00   4.8402550e+04   1.7320871e+01   0.0000000e+00   1.1125856e+00
   1.6470100e+00   5.0569876e+04   1.8138301e+01   0.0000000e+00   1.1001457e+00
   1.6473400e+00   5.4558372e+04   1.9496951e+01   0.0000000e+00   1.0927297e+00
   1.6476600e+00   6.0093827e+04   2.1154483e+01   0.0000000e+00   1.0976094e+00
   1.6479900e+00   5.8861070e+04   2.1153728e+01   0.0000000e+00   1.1070824e+00
   1.6483100e+00   5.3846891e+04   1.9248063e+01   0.0000000e+00   1.1146063e+00
   1.6486300e+00   4.9672443e+04   1.7766429e+01   0.0000000e+00   1.1139728e+00
   1.6489600e+00   4.8589260e+04   1.7303722e+01   0.0000000e+00   1.1022628e+00
   1.6492800e+00   4.9320460e+04   1.7603267e+01   0.0000000e+00   1.0919904e+00
   1.6496100e+00   5.2453819e+04   1.8924098e+01   0.0000000e+00   1.0897665e+00
   1.6499300e+00   6.4001343e+04   2.2679018e+01   0.0000000e+00   1.0991919e+00
   1.6502600e+00   6.9815221e+04   2.4468217e+01   0.0000000e+00   1.1122831e+00
   1.6505800e+00   6.4398250e+04   2.2759010e+01   0.0000000e+00   1.1132066e+00
   1.6509000e+00   5.2938030e+04   1.8863137e+01   0.0000000e+00   1.1033233e+00
   1.6512300e+00   4.9695858e+04   1.7835596e+01   0.0000000e+00   1.0907566e+00
   1.6515500e+00   4.9477220e+04   1.7549338e+01   0.0000000e+00   1.0892993e+00
   1.6518800e+00   4.8442815e+04   1.7195441e+01   0.0000000e+00   1.0942109e+00
   1.6522000e+00   4.9657245e+04   1.7607665e+01   0.0000000e+00   1.1069110e+00
   1.6525300e+00   4.8285885e+04   1.7245822e+01   0.0000000e+00   1.1094706e+00
   1.6528600e+00   4.9486502e+04   1.7858644e+01   0.0000000e+00   1.1035520e+00
   1.6531800e+00   5.0405540e+04   1.8058201e+01   0.0000000e+00   1.0922511e+00
   1.6535100e+00   4.9400933e+04   1.7669783e+01   0.0000000e+00   1.0814803e+00
   1.6538300e+00   5.0368332e+04   1.7966351e+01   0.0000000e+00   1.0885319e+00
   1.6541600e+00   5.0355961e+04   1.7921913e+01   0.0000000e+00   1.0979529e+00
   1.6544800e+00   5.0117422e+04   1.7853535e+01   0.0000000e+00   1.1054855e+00
   1.6548100e+00   5.1903898e+04   1.8517676e+01   0.0000000e+00   1.1098723e+00
   1.6551300e+00   5.5864139e+04   1.9907147e+01   0.0000000e+00   1.0947936e+00
   1.6554600e+00   5.7691624e+04   2.0210205e+01   0.0000000e+00   1.0850717e+00
   1.6557900e+00   5.5272165e+04   1.9583544e+01   0.0000000e+00   1.0861592e+00
   1.6561100e+00   5.1801876e+04   1.8437189e+01   0.0000000e+00   1.0946237e+00
   1.6564400e+00   5.0074802e+04   1.8025537e+01   0.0000000e+00   1.1039036e+00
   1.6567600e+00   5.0436444e+04   1.7774625e+01   0.0000000e+00   1.1072306e+00
   1.6570900e+00   5.0192951e+04   1.7793662e+01   0.0000000e+00   1.0984319e+00
   1.6574200e+00   5.0257833e+04   1.7704894e+01   0.0000000e+00   1.0897921e+00
   1.6577400e+00   5.0724909e+04   1.7942345e+01   0.0000000e+00   1.0835787e+00
   1.6580700e+00   5.1332641e+04   1.8268708e+01   0.0000000e+00   1.0900515e+00
   1.6584000e+00   5.1875656e+04   1.8669069e+01   0.0000000e+00   1.1021373e+00
   1.6587200e+00   5.1772936e+04   1.8342430e+01   0.0000000e+00   1.1072225e+00
   1.6590500e+00   5.1602399e+04   1.8600585e+01   0.0000000e+00   1.1027438e+00
   1.6593800e+00   5.0778179e+04   1.8220906e+01   0.0000000e+00   1.0930438e+00
   1.6597000e+00   5.1061849e+04   1.8176491e+01   0.0000000e+00   1.0849091e+00
   1.6600300e+00   5.1463056e+04   1.8148769e+01   0.0000000e+00   1.0880415e+00
   1.6603600e+00   5.1718262e+04   1.8388229e+01   0.0000000e+00   1.0953547e+00
   1.6606900e+00   5.2849531e+04   1.8655375e+01   0.0000000e+00   1.1066256e+00
   1.6610100e+00   5.2610117e+04   1.8881582e+01   0.0000000e+00   1.1074595e+00
   1.6613400e+00   5.3579406e+04   1.8870142e+01   0.0000000e+00   1.0982962e+00
   1.6616700e+00   5.0915084e+04   1.8231937e+01   0.0000000e+00   1.0849796e+00
   1.6620000e+00   5.0476562e+04   1.8203026e+01   0.0000000e+00   1.0836947e+00
   1.6623200e+00   5.0885993e+04   1.8105932e+01   0.0000000e+00   1.0908970e+00
   1.6626500e+00   5.1023607e+04   1.7879168e+01   0.0000000e+00   1.1053939e+00
   1.6629800e+00   5.1522564e+04   1.8390939e+01   0.0000000e+00   1.1070078e+00
   1.6633100e+00   5.1432588e+04   1.8313636e+01   0.0000000e+00   1.1022883e+00
   1.6636400e+00   5.0799288e+04   1.8204451e+01   0.0000000e+00   1.0874155e+00
   1.6639600e+00   5.1107525e+04   1.8127711e+01   0.0000000e+00   1.0846250e+00
   1.6642900e+00   5.1617548e+04   1.8295997e+01   0.0000000e+00   1.0882050e+00
   1.6646200e+00   5.1216013e+04   1.7960087e+01   0.0000000e+00   1.0981527e+00
   1.6649500e+00   5.1291299e+04   1.8140544e+01   0.0000000e+00   1.1070190e+00
   1.6652800e+00   5.0918590e+04   1.7922485e+01   0.0000000e+00   1.1058339e+00
   1.6656100e+00   5.1685337e+04   1.8246282e+01   0.0000000e+00   1.0940786e+00
   1.6659300e+00   5.1093889e+04   1.8029186e+01   0.0000000e+00   1.0831463e+00
   1.6662600e+00   5.1486641e+04   1.8152455e+01   0.0000000e+00   1.0801834e+00
   1.6665900e+00   5.1172569e+04   1.8131145e+01   0.0000000e+00   1.0893423e+00
   1.6669200e+00   5.1767251e+04   1.8151344e+01   0.0000000e+00   1.1020854e+00
   1.6672500e+00   5.1976835e+04   1.8240936e+01   0.0000000e+00   1.1063316e+00
   1.6675800e+00   5.1704272e+04   1.8280513e+01   0.0000000e+00   1.0988411e+00
   1.6679100e+00   5.2034651e+04   1.8466226e+01   0.0000000e+00   1.0858041e+00
   1.6682400e+00   5.2782133e+04   1.8839912e+01   0.0000000e+00   1.0802154e+00
   1.6685700e+00   6.4369134e+04   2.3494340e+01   0.0000000e+00   1.0835124e+00
   1.6689000e+00   9.8286641e+04   3.5560315e+01   0.0000000e+00   1.0930828e+00
   1.6692300e+00   1.1313499e+05   3.9034680e+01   0.0000000e+00   1.1022446e+00
   1.6695500e+00   9.8806988e+04   3.4743380e+01   0.0000000e+00   1.1004212e+00
   1.6698800e+00   6.7311570e+04   2.4407751e+01   0.0000000e+00   1.0907901e+00
   1.6702100e+00   5.9054524e+04   2.0829430e+01   0.0000000e+00   1.0812611e+00
   1.6705400e+00   6.7955247e+04   2.3851973e+01   0.0000000e+00   1.0801387e+00
   1.6708700e+00   7.3597558e+04   2.5711802e+01   0.0000000e+00   1.0884272e+00
   1.6712000e+00   6.8883472e+04   2.4195509e+01   0.0000000e+00   1.0976550e+00
   1.6715300e+00   5.6907827e+04   1.9980260e+01   0.0000000e+00   1.0989271e+00
   1.6718600e+00   5.4095437e+04   1.9048297e+01   0.0000000e+00   1.0936373e+00
   1.6721900e+00   5.3258158e+04   1.8793313e+01   0.0000000e+00   1.0807201e+00
   1.6725200e+00   5.3571325e+04   1.8687412e+01   0.0000000e+00   1.0754678e+00
   1.6728500e+00   5.7236816e+04   2.0135571e+01   0.0000000e+00   1.0848958e+00
   1.6731800e+00   5.8904479e+04   2.0867606e+01   0.0000000e+00   1.0956927e+00
   1.6735200e+00   5.8015620e+04   2.0253823e+01   0.0000000e+00   1.1007954e+00
   1.6738500e+00   5.3595251e+04   1.8935597e+01   0.0000000e+00   1.0924910e+00
   1.6741800e+00   5.1684478e+04   1.8322563e+01   0.0000000e+00   1.0829945e+00
   1.6745100e+00   5.1875258e+04   1.8589104e+01   0.0000000e+00   1.0764010e+00
   1.6748400e+00   5.1526694e+04   1.8226393e+01   0.0000000e+00   1.0790680e+00
   1.6751700e+00   5.1825519e+04   1.8364272e+01   0.0000000e+00   1.0859167e+00
   1.6755000e+00   5.1977122e+04   1.8356578e+01   0.0000000e+00   1.0927243e+00
   1.6758300e+00   5.3003903e+04   1.8896832e+01   0.0000000e+00   1.0954966e+00
   1.6761600e+00   5.3562652e+04   1.8918765e+01   0.0000000e+00   1.0871939e+00
   1.6764900e+00   5.3108292e+04   1.8736921e+01   0.0000000e+00   1.0779267e+00
   1.6768200e+00   5.2437300e+04   1.8497417e+01   0.0000000e+00   1.0733793e+00
   1.6771600e+00   5.1998779e+04   1.8421374e+01   0.0000000e+00   1.0787123e+00
   1.6774900e+00   5.1715057e+04   1.8369229e+01   0.0000000e+00   1.0864529e+00
   1.6778200e+00   5.1337758e+04   1.8100223e+01   0.0000000e+00   1.0919717e+00
   1.6781500e+00   5.1282007e+04   1.8434292e+01   0.0000000e+00   1.0871267e+00
   1.6784800e+00   5.1296455e+04   1.8086095e+01   0.0000000e+00   1.0792531e+00
   1.6788100e+00   5.3185809e+04   1.8848149e+01   0.0000000e+00   1.0713577e+00
   1.6791500e+00   5.2522992e+04   1.8584076e+01   0.0000000e+00   1.0711947e+00
   1.6794800e+00   5.2014542e+04   1.8286567e+01   0.0000000e+00   1.0784048e+00
   1.6798100e+00   5.3185820e+04   1.8653596e+01   0.0000000e+00   1.0861568e+00
   1.6801400e+00   5.4353512e+04   1.8971286e+01   0.0000000e+00   1.0828032e+00
   1.6804700e+00   5.4640730e+04   1.9166833e+01   0.0000000e+00   1.0731834e+00
   1.6808100e+00   5.3449366e+04   1.8896069e+01   0.0000000e+00   1.0648435e+00
   1.6811400e+00   5.3050718e+04   1.9311489e+01   0.0000000e+00   1.0635611e+00
   1.6814700e+00   5.2759419e+04   1.8959181e+01   0.0000000e+00   1.0660982e+00
   1.6818000e+00   5.3213764e+04   1.8844868e+01   0.0000000e+00   1.0767968e+00
   1.6821400e+00   5.3865289e+04   1.9074319e+01   0.0000000e+00   1.0780911e+00
   1.6824700e+00   5.3181674e+04   1.8892675e+01   0.0000000e+00   1.0719373e+00
   1.6828000e+00   5.3710290e+04   1.8868220e+01   0.0000000e+00   1.0602163e+00
   1.6831400e+00   5.3482838e+04   1.8733778e+01   0.0000000e+00   1.0546233e+00
   1.6834700e+00   5.6434454e+04   1.9879215e+01   0.0000000e+00   1.0572091e+00
   1.6838000e+00   6.1677580e+04   2.1753024e+01   0.0000000e+00   1.0623359e+00
   1.6841300e+00   6.2227337e+04   2.2222523e+01   0.0000000e+00   1.0651403e+00
   1.6844700e+00   5.9766625e+04   2.0872644e+01   0.0000000e+00   1.0663032e+00
   1.6848000e+00   5.5223838e+04   1.9324214e+01   0.0000000e+00   1.0567941e+00
   1.6851300e+00   5.4013826e+04   1.9089905e+01   0.0000000e+00   1.0505036e+00
   1.6854700e+00   5.2209167e+04   1.8271240e+01   0.0000000e+00   1.0455824e+00
   1.6858000e+00   5.2417876e+04   1.8593773e+01   0.0000000e+00   1.0503357e+00
   1.6861300e+00   5.3372882e+04   1.8685364e+01   0.0000000e+00   1.0553367e+00
   1.6864700e+00   5.3488254e+04   1.8810032e+01   0.0000000e+00   1.0580233e+00
   1.6868000e+00   5.3590635e+04   1.8846122e+01   0.0000000e+00   1.0521468e+00
   1.6871400e+00   5.3773738e+04   1.8743973e+01   0.0000000e+00   1.0434975e+00
   1.6874700e+00   5.3534777e+04   1.9055201e+01   0.0000000e+00   1.0364386e+00
   1.6878000e+00   5.4098531e+04   1.9027216e+01   0.0000000e+00   1.0369492e+00
   1.6881400e+00   5.3507589e+04   1.9033328e+01   0.0000000e+00   1.0391786e+00
   1.6884700e+00   5.3356346e+04   1.8908804e+01   0.0000000e+00   1.0451459e+00
   1.6888100e+00   5.4029070e+04   1.8854540e+01   0.0000000e+00   1.0424999e+00
   1.6891400e+00   5.3598198e+04   1.9102428e+01   0.0000000e+00   1.0323110e+00
   1.6894700e+00   5.4499070e+04   1.9457700e+01   0.0000000e+00   1.0194867e+00
   1.6898100e+00   6.7126780e+04   2.4473389e+01   0.0000000e+00   1.0226394e+00
   1.6901400e+00   9.0217141e+04   3.2300676e+01   0.0000000e+00   1.0235386e+00
   1.6904800e+00   9.4434034e+04   3.2652611e+01   0.0000000e+00   1.0260672e+00
   1.6908100e+00   7.8939757e+04   2.7924560e+01   0.0000000e+00   1.0284972e+00
   1.6911500e+00   6.0681399e+04   2.1530783e+01   0.0000000e+00   1.0238866e+00
   1.6914800e+00   5.5863755e+04   1.9555410e+01   0.0000000e+00   1.0159685e+00
   1.6918200e+00   5.3930199e+04   1.9371066e+01   0.0000000e+00   1.0085493e+00
   1.6921500e+00   5.5128896e+04   1.9467108e+01   0.0000000e+00   1.0095432e+00
   1.6924900e+00   5.4890362e+04   1.9407970e+01   0.0000000e+00   1.0143516e+00
   1.6928200e+00   5.4461567e+04   1.9394462e+01   0.0000000e+00   1.0176929e+00
   1.6931600e+00   5.5075134e+04   1.9559642e+01   0.0000000e+00   1.0153232e+00
   1.6934900e+00   5.4560559e+04   1.9937142e+01   0.0000000e+00   1.0078437e+00
   1.6938300e+00   5.4766822e+04   1.9307220e+01   0.0000000e+00   1.0019465e+00
   1.6941600e+00   5.4719382e+04   1.9175366e+01   0.0000000e+00   1.0009594e+00
   1.6945000e+00   5.5242422e+04   1.9658566e+01   0.0000000e+00   1.0039919e+00
   1.6948300e+00   5.7007883e+04   1.9905276e+01   0.0000000e+00   1.0081918e+00
   1.6951700e+00   6.5879585e+04   2.3116405e+01   0.0000000e+00   1.0078797e+00
   1.6955100e+00   7.0273638e+04   2.4553889e+01   0.0000000e+00   1.0034733e+00
   1.6958400e+00   6.6442311e+04   2.3202490e+01   0.0000000e+00   9.9696163e-01
   1.6961800e+00   5.7931893e+04   2.0327153e+01   0.0000000e+00   9.8937311e-01
   1.6965100e+00   5.4763338e+04   1.9320126e+01   0.0000000e+00   9.8972009e-01
   1.6968500e+00   5.3891185e+04   1.8916321e+01   0.0000000e+00   9.9630714e-01
   1.6971900e+00   5.2275245e+04   1.8369213e+01   0.0000000e+00   9.9827062e-01
   1.6975200e+00   5.4194502e+04   1.9214781e+01   0.0000000e+00   9.9777613e-01
   1.6978600e+00   5.3429210e+04   1.8980298e+01   0.0000000e+00   9.8852865e-01
   1.6981900e+00   5.3939491e+04   1.8932633e+01   0.0000000e+00   9.8197790e-01
   1.6985300e+00   5.3753042e+04   1.8835810e+01   0.0000000e+00   9.8166804e-01
   1.6988700e+00   5.4402875e+04   1.9110397e+01   0.0000000e+00   9.8117573e-01
   1.6992000e+00   5.4171788e+04   1.9070827e+01   0.0000000e+00   9.8434499e-01
   1.6995400e+00   5.3720615e+04   1.9022042e+01   0.0000000e+00   9.8537882e-01
   1.6998800e+00   5.5174463e+04   1.9406925e+01   0.0000000e+00   9.8323290e-01
   1.7002100e+00   6.2914874e+04   2.2646670e+01   0.0000000e+00   9.7542159e-01
   1.7005500e+00   8.5327707e+04   3.0342740e+01   0.0000000e+00   9.6621036e-01
   1.7008900e+00   9.5383873e+04   3.2961399e+01   0.0000000e+00   9.6533996e-01
   1.7012200e+00   8.7533135e+04   3.0532007e+01   0.0000000e+00   9.6968662e-01
   1.7015600e+00   6.4238015e+04   2.2900133e+01   0.0000000e+00   9.7585335e-01
   1.7019000e+00   5.6380533e+04   2.0056886e+01   0.0000000e+00   9.7684103e-01
   1.7022400e+00   5.5024506e+04   1.9291099e+01   0.0000000e+00   9.6983574e-01
   1.7025700e+00   5.4083970e+04   1.9135954e+01   0.0000000e+00   9.6308784e-01
   1.7029100e+00   5.3752198e+04   1.9031361e+01   0.0000000e+00   9.5931155e-01
   1.7032500e+00   5.5261006e+04   1.9406034e+01   0.0000000e+00   9.6237630e-01
   1.7035900e+00   5.4559406e+04   1.9244468e+01   0.0000000e+00   9.6611570e-01
   1.7039200e+00   5.4546121e+04   1.9721258e+01   0.0000000e+00   9.6873984e-01
   1.7042600e+00   5.3468701e+04   1.8855036e+01   0.0000000e+00   9.6614245e-01
   1.7046000e+00   5.4758211e+04   1.9384110e+01   0.0000000e+00   9.5743544e-01
   1.7049400e+00   5.4714225e+04   1.9265402e+01   0.0000000e+00   9.5416681e-01
   1.7052700e+00   5.4314453e+04   1.9089950e+01   0.0000000e+00   9.5057881e-01
   1.7056100e+00   5.5557822e+04   1.9619219e+01   0.0000000e+00   9.5378304e-01
   1.7059500e+00   5.5176533e+04   1.9502891e+01   0.0000000e+00   9.5921178e-01
   1.7062900e+00   5.4279011e+04   1.9029112e+01   0.0000000e+00   9.6014098e-01
   1.7066300e+00   5.4020152e+04   1.9072796e+01   0.0000000e+00   9.5629384e-01
   1.7069700e+00   5.5230033e+04   1.9298020e+01   0.0000000e+00   9.4600224e-01
   1.7073000e+00   5.8641463e+04   2.0546043e+01   0.0000000e+00   9.4305501e-01
   1.7076400e+00   6.3821110e+04   2.2456617e+01   0.0000000e+00   9.4390397e-01
   1.7079800e+00   6.4812838e+04   2.2565480e+01   0.0000000e+00   9.5061457e-01
   1.7083200e+00   6.0349947e+04   2.1075276e+01   0.0000000e+00   9.5351812e-01
   1.7086600e+00   5.4740008e+04   1.9174424e+01   0.0000000e+00   9.5185688e-01
   1.7090000e+00   5.3490057e+04   1.8946716e+01   0.0000000e+00   9.4342171e-01
   1.7093400e+00   5.3402395e+04   1.8773344e+01   0.0000000e+00   9.3254051e-01
   1.7096700e+00   5.2574614e+04   1.9076320e+01   0.0000000e+00   9.3110729e-01
   1.7100100e+00   5.4185210e+04   1.9506311e+01   0.0000000e+00   9.3796128e-01
   1.7103500e+00   5.4322919e+04   1.9341186e+01   0.0000000e+00   9.4750519e-01
   1.7106900e+00   5.3729598e+04   1.8878146e+01   0.0000000e+00   9.4684975e-01
   1.7110300e+00   5.3968586e+04   1.9057065e+01   0.0000000e+00   9.3999538e-01
   1.7113700e+00   5.5269849e+04   1.9679251e+01   0.0000000e+00   9.3374752e-01
   1.7117100e+00   5.9127211e+04   2.1087175e+01   0.0000000e+00   9.2863937e-01
   1.7120500e+00   7.5916904e+04   2.6935595e+01   0.0000000e+00   9.2777429e-01
   1.7123900e+00   8.3026849e+04   2.8834138e+01   0.0000000e+00   9.3591422e-01
   1.7127300e+00   7.7185764e+04   2.7040655e+01   0.0000000e+00   9.3902983e-01
   1.7130700e+00   6.1834407e+04   2.2076202e+01   0.0000000e+00   9.3592600e-01
   1.7134100e+00   5.6878829e+04   1.9962836e+01   0.0000000e+00   9.2919450e-01
   1.7137500e+00   5.5165151e+04   1.9430493e+01   0.0000000e+00   9.2320473e-01
   1.7140900e+00   5.5803033e+04   1.9653012e+01   0.0000000e+00   9.2110280e-01
   1.7144300e+00   5.5637844e+04   1.9512217e+01   0.0000000e+00   9.2609718e-01
   1.7147700e+00   5.6508170e+04   1.9723794e+01   0.0000000e+00   9.3205499e-01
   1.7151100e+00   5.4907913e+04   1.9495170e+01   0.0000000e+00   9.3519599e-01
   1.7154500e+00   5.5508666e+04   1.9340690e+01   0.0000000e+00   9.2794622e-01
   1.7157900e+00   5.5825747e+04   1.9537146e+01   0.0000000e+00   9.2035691e-01
   1.7161300e+00   5.6984124e+04   1.9827823e+01   0.0000000e+00   9.1594420e-01
   1.7164700e+00   5.6506121e+04   1.9748287e+01   0.0000000e+00   9.1639913e-01
   1.7168100e+00   5.6691693e+04   1.9835158e+01   0.0000000e+00   9.2411426e-01
   1.7171500e+00   5.7105964e+04   1.9911040e+01   0.0000000e+00   9.2924739e-01
   1.7174900e+00   5.7470425e+04   2.0290757e+01   0.0000000e+00   9.2644022e-01
   1.7178300e+00   5.7458548e+04   2.0136252e+01   0.0000000e+00   9.1808577e-01
   1.7181700e+00   5.7022337e+04   2.0263193e+01   0.0000000e+00   9.1009672e-01
   1.7185100e+00   5.7441505e+04   1.9977073e+01   0.0000000e+00   9.0953209e-01
   1.7188500e+00   5.7594869e+04   2.0023414e+01   0.0000000e+00   9.1367443e-01
   1.7191900e+00   5.6757255e+04   2.0284891e+01   0.0000000e+00   9.1968902e-01
   1.7195300e+00   5.7018177e+04   2.0292228e+01   0.0000000e+00   9.1982039e-01
   1.7198700e+00   5.6803054e+04   1.9811596e+01   0.0000000e+00   9.1701054e-01
   1.7202200e+00   5.6664083e+04   1.9883152e+01   0.0000000e+00   9.0625034e-01
   1.7205600e+00   6.0703809e+04   2.1027516e+01   0.0000000e+00   8.9502709e-01
   1.7209000e+00   6.3328441e+04   2.2059505e+01   0.0000000e+00   8.9823028e-01
   1.7212400e+00   6.4791180e+04   2.2739653e+01   0.0000000e+00   9.0519696e-01
   1.7215800e+00   6.2049593e+04   2.1447435e+01   0.0000000e+00   9.1464903e-01
   1.7219200e+00   5.8693847e+04   2.0659580e+01   0.0000000e+00   9.1336579e-01
   1.7222600e+00   5.8487518e+04   2.0283776e+01   0.0000000e+00   9.0286282e-01
   1.7226100e+00   5.7299365e+04   1.9986913e+01   0.0000000e+00   8.9536529e-01
   1.7229500e+00   5.7565397e+04   2.0127732e+01   0.0000000e+00   8.9209594e-01
   1.7232900e+00   5.8319074e+04   2.0285530e+01   0.0000000e+00   8.9572656e-01
   1.7236300e+00   5.7502894e+04   2.0227852e+01   0.0000000e+00   9.0329775e-01
   1.7239700e+00   5.8560663e+04   2.0302816e+01   0.0000000e+00   9.0484775e-01
   1.7243100e+00   6.3498640e+04   2.2184472e+01   0.0000000e+00   8.9799086e-01
   1.7246600e+00   6.9698948e+04   2.4233247e+01   0.0000000e+00   8.8836865e-01
   1.7250000e+00   7.0501221e+04   2.4487075e+01   0.0000000e+00   8.8182189e-01
   1.7253400e+00   6.6456715e+04   2.3153674e+01   0.0000000e+00   8.8464866e-01
   1.7256800e+00   5.9918228e+04   2.1124683e+01   0.0000000e+00   8.8912625e-01
   1.7260300e+00   5.8854907e+04   2.0524075e+01   0.0000000e+00   8.9489017e-01
   1.7263700e+00   5.7826603e+04   2.0150506e+01   0.0000000e+00   8.9264537e-01
   1.7267100e+00   5.7483835e+04   2.0181647e+01   0.0000000e+00   8.8496246e-01
   1.7270500e+00   5.7383083e+04   2.0016515e+01   0.0000000e+00   8.7530364e-01
   1.7274000e+00   5.8330007e+04   2.0501130e+01   0.0000000e+00   8.7229503e-01
   1.7277400e+00   5.8912723e+04   2.0757433e+01   0.0000000e+00   8.7430790e-01
   1.7280800e+00   5.9141164e+04   2.0582137e+01   0.0000000e+00   8.8125248e-01
   1.7284200e+00   6.0493701e+04   2.1124386e+01   0.0000000e+00   8.8375383e-01
   1.7287700e+00   5.9171864e+04   2.0528492e+01   0.0000000e+00   8.7749406e-01
   1.7291100e+00   5.8334560e+04   2.0307531e+01   0.0000000e+00   8.6801261e-01
   1.7294500e+00   5.8289133e+04   2.0461301e+01   0.0000000e+00   8.5907292e-01
   1.7298000e+00   5.8784587e+04   2.0450132e+01   0.0000000e+00   8.6172297e-01
   1.7301400e+00   5.9387643e+04   2.0866842e+01   0.0000000e+00   8.6788608e-01
   1.7304800e+00   5.9756039e+04   2.0823722e+01   0.0000000e+00   8.7234091e-01
   1.7308300e+00   5.8979929e+04   2.0427682e+01   0.0000000e+00   8.7139932e-01
   1.7311700e+00   5.8513385e+04   2.0396335e+01   0.0000000e+00   8.6026347e-01
   1.7315100e+00   5.9310549e+04   2.0731176e+01   0.0000000e+00   8.5188351e-01
   1.7318600e+00   6.1146137e+04   2.1442476e+01   0.0000000e+00   8.4737113e-01
   1.7322000e+00   6.0502768e+04   2.2950528e+01   0.0000000e+00   8.4991651e-01
   1.7325400e+00   6.1761184e+04   2.1629256e+01   0.0000000e+00   8.5633973e-01
   1.7328900e+00   6.5786935e+04   2.2902909e+01   0.0000000e+00   8.6024744e-01
   1.7332300e+00   6.6601624e+04   2.2801102e+01   0.0000000e+00   8.5513490e-01
   1.7335700e+00   6.3672242e+04   2.2098329e+01   0.0000000e+00   8.4661850e-01
   1.7339200e+00   6.0996174e+04   2.1510628e+01   0.0000000e+00   8.4025589e-01
   1.7342600e+00   5.9840880e+04   2.1097634e+01   0.0000000e+00   8.4057613e-01
   1.7346100e+00   6.1400519e+04   2.1314270e+01   0.0000000e+00   8.4500653e-01
   1.7349500e+00   6.3541944e+04   2.2101294e+01   0.0000000e+00   8.5044040e-01
   1.7352900e+00   6.2999770e+04   2.1900274e+01   0.0000000e+00   8.4876627e-01
   1.7356400e+00   6.3328441e+04   2.2014470e+01   0.0000000e+00   8.4107318e-01
   1.7359800e+00   6.3737606e+04   2.2499377e+01   0.0000000e+00   8.3235169e-01
   1.7363300e+00   6.2262402e+04   2.1786682e+01   0.0000000e+00   8.2924629e-01
   1.7366700e+00   6.1171070e+04   2.1366734e+01   0.0000000e+00   8.3143009e-01
   1.7370200e+00   6.0711308e+04   2.1262458e+01   0.0000000e+00   8.3702700e-01
   1.7373600e+00   6.1176850e+04   2.1573052e+01   0.0000000e+00   8.4125702e-01
   1.7377100e+00   6.3174654e+04   2.1866674e+01   0.0000000e+00   8.3911611e-01
   1.7380500e+00   6.6907311e+04   2.3384087e+01   0.0000000e+00   8.3054330e-01
   1.7384000e+00   7.5329767e+04   2.6076098e+01   0.0000000e+00   8.2162510e-01
   1.7387400e+00   7.7304494e+04   2.6728820e+01   0.0000000e+00   8.2176679e-01
   1.7390900e+00   7.0749042e+04   2.4350853e+01   0.0000000e+00   8.2669714e-01
   1.7394300e+00   6.3328103e+04   2.2073786e+01   0.0000000e+00   8.3167783e-01
   1.7397800e+00   6.2112861e+04   2.1718322e+01   0.0000000e+00   8.3094357e-01
   1.7401200e+00   6.1891459e+04   2.1439243e+01   0.0000000e+00   8.2709867e-01
   1.7404700e+00   6.1404654e+04   2.1440285e+01   0.0000000e+00   8.1689699e-01
   1.7408100e+00   6.2184989e+04   2.1480775e+01   0.0000000e+00   8.1278893e-01
   1.7411600e+00   6.2122158e+04   2.1872097e+01   0.0000000e+00   8.1318777e-01
   1.7415000e+00   6.2700722e+04   2.2032897e+01   0.0000000e+00   8.2099031e-01
   1.7418500e+00   6.2425062e+04   2.1636256e+01   0.0000000e+00   8.2430384e-01
   1.7421900e+00   6.4828054e+04   2.2787757e+01   0.0000000e+00   8.2170135e-01
   1.7425400e+00   6.7148532e+04   2.3449127e+01   0.0000000e+00   8.1574652e-01
   1.7428800e+00   6.6997158e+04   2.3262489e+01   0.0000000e+00   8.0949554e-01
   1.7432300e+00   6.5361496e+04   2.2819727e+01   0.0000000e+00   8.0660852e-01
   1.7435800e+00   6.4831159e+04   2.2402348e+01   0.0000000e+00   8.1182164e-01
   1.7439200e+00   6.3415712e+04   2.2083035e+01   0.0000000e+00   8.1530766e-01
   1.7442700e+00   6.4979118e+04   2.2478822e+01   0.0000000e+00   8.1692195e-01
   1.7446100e+00   7.1292574e+04   2.4935214e+01   0.0000000e+00   8.1267313e-01
   1.7449600e+00   7.6953467e+04   2.6874950e+01   0.0000000e+00   8.0695792e-01
   1.7453100e+00   7.5531806e+04   2.5989068e+01   0.0000000e+00   8.0066187e-01
   1.7456500e+00   6.8812268e+04   2.4056858e+01   0.0000000e+00   8.0400328e-01
   1.7460000e+00   6.5118681e+04   2.2500227e+01   0.0000000e+00   8.0514536e-01
   1.7463400e+00   6.4141513e+04   2.2343094e+01   0.0000000e+00   8.1068721e-01
   1.7466900e+00   6.4880904e+04   2.2581923e+01   0.0000000e+00   8.1130025e-01
   1.7470400e+00   6.5774021e+04   2.2685404e+01   0.0000000e+00   8.0426829e-01
   1.7473800e+00   6.5386247e+04   2.2600458e+01   0.0000000e+00   7.9935639e-01
   1.7477300e+00   6.6289461e+04   2.2782973e+01   0.0000000e+00   7.9770717e-01
   1.7480800e+00   6.6899490e+04   2.2928370e+01   0.0000000e+00   8.0001263e-01
   1.7484200e+00   6.6579773e+04   2.3013045e+01   0.0000000e+00   8.0591997e-01
   1.7487700e+00   6.7452025e+04   2.3287940e+01   0.0000000e+00   8.0944529e-01
   1.7491200e+00   6.6708390e+04   2.3018795e+01   0.0000000e+00   8.0615679e-01
   1.7494600e+00   6.6666106e+04   2.2939537e+01   0.0000000e+00   7.9985964e-01
   1.7498100e+00   6.8052857e+04   2.3501518e+01   0.0000000e+00   7.9594695e-01
   1.7501600e+00   7.0757833e+04   2.4357027e+01   0.0000000e+00   7.9472984e-01
   1.7505100e+00   7.2080497e+04   2.4965351e+01   0.0000000e+00   7.9879930e-01
   1.7508500e+00   7.0523215e+04   2.4290783e+01   0.0000000e+00   8.0323376e-01
   1.7512000e+00   6.9621432e+04   2.3782304e+01   0.0000000e+00   8.0488312e-01
   1.7515500e+00   6.7127459e+04   2.3226813e+01   0.0000000e+00   7.9986860e-01
   1.7519000e+00   6.6421539e+04   2.2768742e+01   0.0000000e+00   7.9448358e-01
   1.7522400e+00   6.6742699e+04   2.2936548e+01   0.0000000e+00   7.9149600e-01
   1.7525900e+00   6.6994613e+04   2.3135784e+01   0.0000000e+00   7.9483093e-01
   1.7529400e+00   6.7780005e+04   2.3298452e+01   0.0000000e+00   8.0071817e-01
   1.7532900e+00   6.7705217e+04   2.3182192e+01   0.0000000e+00   8.0194041e-01
   1.7536300e+00   6.6960030e+04   2.3296170e+01   0.0000000e+00   7.9983463e-01
   1.7539800e+00   6.5855495e+04   2.2893850e+01   0.0000000e+00   7.9525576e-01
   1.7543300e+00   6.6576382e+04   2.2826843e+01   0.0000000e+00   7.8936770e-01
   1.7546800e+00   6.6294412e+04   2.2906311e+01   0.0000000e+00   7.8916621e-01
   1.7550200e+00   6.5684931e+04   2.2840572e+01   0.0000000e+00   7.9276520e-01
   1.7553700e+00   6.5557445e+04   2.2507890e+01   0.0000000e+00   7.9744315e-01
   1.7557200e+00   6.6650307e+04   2.3340755e+01   0.0000000e+00   7.9791459e-01
   1.7560700e+00   6.6270640e+04   2.3401951e+01   0.0000000e+00   7.9559426e-01
   1.7564200e+00   6.6521903e+04   2.3161744e+01   0.0000000e+00   7.9005100e-01
   1.7567700e+00   6.7411716e+04   2.3458105e+01   0.0000000e+00   7.8702464e-01
   1.7571100e+00   6.7483937e+04   2.3250278e+01   0.0000000e+00   7.8766824e-01
   1.7574600e+00   6.7635754e+04   2.3365160e+01   0.0000000e+00   7.9309176e-01
   1.7578100e+00   6.8201324e+04   2.3470177e+01   0.0000000e+00   7.9774607e-01
   1.7581600e+00   6.8133387e+04   2.3388738e+01   0.0000000e+00   7.9774307e-01
   1.7585100e+00   6.9158594e+04   2.3733102e+01   0.0000000e+00   7.9355646e-01
   1.7588600e+00   6.8118933e+04   2.3426506e+01   0.0000000e+00   7.8674422e-01
   1.7592100e+00   6.9864206e+04   2.3858250e+01   0.0000000e+00   7.8411199e-01
   1.7595500e+00   6.9284551e+04   2.3852405e+01   0.0000000e+00   7.8838955e-01
   1.7599000e+00   6.8483279e+04   2.3722033e+01   0.0000000e+00   7.9436010e-01
   1.7602500e+00   6.9281515e+04   2.3856218e+01   0.0000000e+00   7.9578796e-01
   1.7606000e+00   7.1103698e+04   2.4312740e+01   0.0000000e+00   7.9400973e-01
   1.7609500e+00   7.2053537e+04   2.4767718e+01   0.0000000e+00   7.8853302e-01
   1.7613000e+00   7.1863570e+04   2.4755214e+01   0.0000000e+00   7.8453885e-01
   1.7616500e+00   7.2159817e+04   2.4684241e+01   0.0000000e+00   7.8121738e-01
   1.7620000e+00   7.2869901e+04   2.4995340e+01   0.0000000e+00   7.8539838e-01
   1.7623500e+00   7.2446894e+04   2.4951691e+01   0.0000000e+00   7.9182316e-01
   1.7627000e+00   7.3193344e+04   2.4947400e+01   0.0000000e+00   7.9348424e-01
   1.7630500e+00   7.3220098e+04   2.5173146e+01   0.0000000e+00   7.8967371e-01
   1.7633900e+00   7.3581057e+04   2.5523447e+01   0.0000000e+00   7.8426294e-01
   1.7637400e+00   7.3800103e+04   2.5431095e+01   0.0000000e+00   7.7971422e-01
   1.7640900e+00   7.4091557e+04   2.5355558e+01   0.0000000e+00   7.8059083e-01
   1.7644400e+00   7.5061042e+04   2.5693164e+01   0.0000000e+00   7.8422820e-01
   1.7647900e+00   8.8056988e+04   3.0616931e+01   0.0000000e+00   7.8855314e-01
   1.7651400e+00   1.0671310e+05   3.6720644e+01   0.0000000e+00   7.8802873e-01
   1.7654900e+00   1.1130544e+05   3.7884594e+01   0.0000000e+00   7.8344668e-01
   1.7658400e+00   9.7344029e+04   3.3610833e+01   0.0000000e+00   7.7683339e-01
   1.7661900e+00   8.2204424e+04   2.8214343e+01   0.0000000e+00   7.7335597e-01
   1.7665400e+00   7.8895474e+04   2.7148940e+01   0.0000000e+00   7.7656779e-01
   1.7668900e+00   8.4061256e+04   2.9003126e+01   0.0000000e+00   7.8275205e-01
   1.7672400e+00   8.6526191e+04   2.9917382e+01   0.0000000e+00   7.8674115e-01
   1.7675900e+00   8.3697323e+04   2.8564726e+01   0.0000000e+00   7.8308598e-01
   1.7679400e+00   7.8705507e+04   2.6789608e+01   0.0000000e+00   7.7852033e-01
   1.7682900e+00   7.6202888e+04   2.5898098e+01   0.0000000e+00   7.7412397e-01
   1.7686400e+00   7.6007758e+04   2.5830591e+01   0.0000000e+00   7.7338199e-01
   1.7690000e+00   7.6268963e+04   2.6174964e+01   0.0000000e+00   7.7435889e-01
   1.7693500e+00   7.5470331e+04   2.5612687e+01   0.0000000e+00   7.7981015e-01
   1.7697000e+00   7.7224590e+04   2.6445919e+01   0.0000000e+00   7.8447203e-01
   1.7700500e+00   7.8041652e+04   2.6775903e+01   0.0000000e+00   7.7895439e-01
   1.7704000e+00   7.6686555e+04   2.6021994e+01   0.0000000e+00   7.7275187e-01
   1.7707500e+00   7.5575168e+04   2.6103458e+01   0.0000000e+00   7.6986164e-01
   1.7711000e+00   7.6096666e+04   2.5946850e+01   0.0000000e+00   7.6904756e-01
   1.7714500e+00   7.6058425e+04   2.6055508e+01   0.0000000e+00   7.7213048e-01
   1.7718000e+00   7.5479152e+04   2.5848786e+01   0.0000000e+00   7.7719566e-01
   1.7721500e+00   7.6158680e+04   2.5962671e+01   0.0000000e+00   7.7590051e-01
   1.7725000e+00   7.6525007e+04   2.6230585e+01   0.0000000e+00   7.6891915e-01
   1.7728500e+00   7.6788439e+04   2.6413510e+01   0.0000000e+00   7.6268417e-01
   1.7732100e+00   7.8038720e+04   2.6539388e+01   0.0000000e+00   7.6075864e-01
   1.7735600e+00   7.8598908e+04   2.6883474e+01   0.0000000e+00   7.6032747e-01
   1.7739100e+00   7.7455419e+04   2.6908454e+01   0.0000000e+00   7.6405696e-01
   1.7742600e+00   7.7796965e+04   2.6615637e+01   0.0000000e+00   7.6366462e-01
   1.7746100e+00   7.8864501e+04   2.6851844e+01   0.0000000e+00   7.5958705e-01
   1.7749600e+00   7.7925028e+04   2.6903614e+01   0.0000000e+00   7.5549665e-01
   1.7753100e+00   7.8770406e+04   2.7000108e+01   0.0000000e+00   7.4725882e-01
   1.7756700e+00   7.8820125e+04   2.7014519e+01   0.0000000e+00   7.4164388e-01
   1.7760200e+00   7.9846411e+04   2.7276013e+01   0.0000000e+00   7.4261705e-01
   1.7763700e+00   8.0086850e+04   2.7127962e+01   0.0000000e+00   7.4354772e-01
   1.7767200e+00   8.0530626e+04   2.7442830e+01   0.0000000e+00   7.4403042e-01
   1.7770700e+00   8.0356368e+04   2.7666993e+01   0.0000000e+00   7.4009017e-01
   1.7774200e+00   7.9869059e+04   2.7259435e+01   0.0000000e+00   7.3128473e-01
   1.7777800e+00   8.1259179e+04   2.7750934e+01   0.0000000e+00   7.2323420e-01
   1.7781300e+00   8.1204505e+04   2.7652237e+01   0.0000000e+00   7.2042782e-01
   1.7784800e+00   8.0428638e+04   2.7542656e+01   0.0000000e+00   7.2023215e-01
   1.7788300e+00   8.0626865e+04   2.7474915e+01   0.0000000e+00   7.1869294e-01
   1.7791900e+00   8.0302681e+04   2.7451905e+01   0.0000000e+00   7.1639413e-01
   1.7795400e+00   8.0069044e+04   2.7466946e+01   0.0000000e+00   7.0946697e-01
   1.7798900e+00   8.0428972e+04   2.7358593e+01   0.0000000e+00   6.9939667e-01
   1.7802400e+00   8.1254115e+04   2.7841322e+01   0.0000000e+00   6.9320066e-01
   1.7805900e+00   8.1655203e+04   2.7723129e+01   0.0000000e+00   6.9162773e-01
   1.7809500e+00   8.1325823e+04   2.7594719e+01   0.0000000e+00   6.8841099e-01
   1.7813000e+00   8.3226142e+04   2.8282671e+01   0.0000000e+00   6.8396849e-01
   1.7816500e+00   8.3144418e+04   2.8135426e+01   0.0000000e+00   6.7481072e-01
   1.7820000e+00   8.2575134e+04   2.7965492e+01   0.0000000e+00   6.6539550e-01
   1.7823600e+00   8.2310056e+04   2.8261602e+01   0.0000000e+00   6.5801958e-01
   1.7827100e+00   8.2856609e+04   2.8166263e+01   0.0000000e+00   6.4772523e-01
   1.7830600e+00   8.3015088e+04   2.8417201e+01   0.0000000e+00   6.4277016e-01
   1.7834200e+00   8.3214548e+04   2.8276023e+01   0.0000000e+00   6.3809751e-01
   1.7837700e+00   8.4027630e+04   2.8568656e+01   0.0000000e+00   6.3177794e-01
   1.7841200e+00   8.4111439e+04   2.8535145e+01   0.0000000e+00   6.2259029e-01
   1.7844800e+00   8.4267226e+04   2.8919224e+01   0.0000000e+00   6.0929114e-01
   1.7848300e+00   8.3987001e+04   2.8732418e+01   0.0000000e+00   5.9708360e-01
   1.7851800e+00   8.6148632e+04   2.9446547e+01   0.0000000e+00   5.8461841e-01
   1.7855400e+00   8.6471472e+04   2.9155352e+01   0.0000000e+00   5.8050924e-01
   1.7858900e+00   8.5542220e+04   2.9493249e+01   0.0000000e+00   5.7583574e-01
   1.7862400e+00   8.7190867e+04   2.9374908e+01   0.0000000e+00   5.6405562e-01
   1.7866000e+00   8.6767780e+04   2.9294066e+01   0.0000000e+00   5.5014536e-01
   1.7869500e+00   8.6524030e+04   2.9447745e+01   0.0000000e+00   5.3834903e-01
   1.7873000e+00   8.7832219e+04   2.9839515e+01   0.0000000e+00   5.2535181e-01
   1.7876600e+00   9.4214279e+04   3.2512863e+01   0.0000000e+00   5.1554243e-01
   1.7880100e+00   1.0199062e+05   3.4634659e+01   0.0000000e+00   5.0561309e-01
   1.7883600e+00   1.0347978e+05   3.5014174e+01   0.0000000e+00   4.9491837e-01
   1.7887200e+00   9.8263928e+04   3.3376095e+01   0.0000000e+00   4.8319091e-01
   1.7890700e+00   9.2344758e+04   3.1215509e+01   0.0000000e+00   4.6919727e-01
   1.7894200e+00   9.0728732e+04   3.0717408e+01   0.0000000e+00   4.5547428e-01
   1.7897800e+00   9.1983470e+04   3.1141222e+01   0.0000000e+00   4.4442573e-01
   1.7901300e+00   9.1979505e+04   3.1143235e+01   0.0000000e+00   4.3355152e-01
   1.7904900e+00   9.1998237e+04   3.1028134e+01   0.0000000e+00   4.2342986e-01
   1.7908400e+00   9.2080625e+04   3.1219205e+01   0.0000000e+00   4.1321297e-01
   1.7912000e+00   9.2486430e+04   3.1343994e+01   0.0000000e+00   4.0042369e-01
   1.7915500e+00   9.2487462e+04   3.1460609e+01   0.0000000e+00   3.8878061e-01
   1.7919000e+00   9.4126967e+04   3.2011617e+01   0.0000000e+00   3.7442432e-01
   1.7922600e+00   9.4513618e+04   3.1896502e+01   0.0000000e+00   3.6235732e-01
   1.7926100e+00   9.4196493e+04   3.1998858e+01   0.0000000e+00   3.5348302e-01
   1.7929700e+00   9.5817841e+04   3.2443592e+01   0.0000000e+00   3.4515800e-01
   1.7933200e+00   9.4653417e+04   3.2383957e+01   0.0000000e+00   3.3688881e-01
   1.7936800e+00   9.5352234e+04   3.2806159e+01   0.0000000e+00   3.2794750e-01
   1.7940300e+00   9.3745999e+04   3.1896867e+01   0.0000000e+00   3.1616223e-01
   1.7943900e+00   9.5328436e+04   3.2646208e+01   0.0000000e+00   3.0790277e-01
   1.7947400e+00   9.7297756e+04   3.2860272e+01   0.0000000e+00   3.0059534e-01
   1.7951000e+00   9.8684947e+04   3.3430009e+01   0.0000000e+00   2.9680039e-01
   1.7954500e+00   1.0057644e+05   3.9516351e+01   0.0000000e+00   3.3883136e-01
