   1.9420100e+00   0.0000000e+00   0.0000000e+00   0.0000000e+00   0.0000000e+00   5.1493041e+03
   1.9423500e+00   0.0000000e+00   0.0000000e+00   0.0000000e+00   0.0000000e+00   5.1484027e+03
   1.9426900e+00   0.0000000e+00   0.0000000e+00   0.0000000e+00   0.0000000e+00   5.1475017e+03
   1.9430300e+00   0.0000000e+00   0.0000000e+00   0.0000000e+00   0.0000000e+00   5.1466009e+03
   1.9433700e+00   0.0000000e+00   0.0000000e+00   0.0000000e+00   0.0000000e+00   5.1457005e+03
   1.9437100e+00   0.0000000e+00   0.0000000e+00   0.0000000e+00   0.0000000e+00   5.1448004e+03
   1.9440500e+00   0.0000000e+00   0.0000000e+00   0.0000000e+00   0.0000000e+00   5.1439006e+03
   1.9443900e+00   0.0000000e+00   0.0000000e+00   0.0000000e+00   0.0000000e+00   5.1430011e+03
   1.9447300e+00   0.0000000e+00   0.0000000e+00   0.0000000e+00   0.0000000e+00   5.1421020e+03
   1.9450700e+00   0.0000000e+00   0.0000000e+00   0.0000000e+00   0.0000000e+00   5.1412031e+03
   1.9454100e+00   0.0000000e+00   0.0000000e+00   0.0000000e+00   0.0000000e+00   5.1403046e+03
   1.9457500e+00   0.0000000e+00   0.0000000e+00   0.0000000e+00   0.0000000e+00   5.1394064e+03
   1.9460900e+00   0.0000000e+00   0.0000000e+00   0.0000000e+00   0.0000000e+00   5.1385085e+03
   1.9464300e+00   0.0000000e+00   0.0000000e+00   0.0000000e+00   0.0000000e+00   5.1376109e+03
   1.9467700e+00   0.0000000e+00   0.0000000e+00   0.0000000e+00   0.0000000e+00   5.1367136e+03
   1.9471100e+00   0.0000000e+00   0.0000000e+00   0.0000000e+00   0.0000000e+00   5.1358167e+03
   1.9474500e+00   0.0000000e+00   0.0000000e+00   0.0000000e+00   0.0000000e+00   5.1349200e+03
   1.9477900e+00   0.0000000e+00   0.0000000e+00   0.0000000e+00   0.0000000e+00   5.1340237e+03
   1.9481300e+00   0.0000000e+00   0.0000000e+00   0.0000000e+00   0.0000000e+00   5.1331277e+03
   1.9484800e+00   0.0000000e+00   0.0000000e+00   0.0000000e+00   0.0000000e+00   5.1322056e+03
   1.9488200e+00   0.0000000e+00   0.0000000e+00   0.0000000e+00   0.0000000e+00   5.1313102e+03
   1.9491600e+00   0.0000000e+00   0.0000000e+00   0.0000000e+00   0.0000000e+00   5.1304152e+03
   1.9495000e+00   0.0000000e+00   0.0000000e+00   0.0000000e+00   0.0000000e+00   5.1295204e+03
   1.9498400e+00   0.0000000e+00   0.0000000e+00   0.0000000e+00   0.0000000e+00   5.1286259e+03
   1.9501900e+00   4.6395479e+05   2.0505162e+02   0.0000000e+00   1.6305823e-01   5.1277055e+03
   1.9505300e+00   4.5508008e+05   2.0331229e+02   0.0000000e+00   1.6411218e-01   5.1268117e+03
   1.9508700e+00   4.5542221e+05   2.0929409e+02   0.0000000e+00   1.7034169e-01   5.1259182e+03
   1.9512200e+00   4.6228404e+05   2.1767484e+02   0.0000000e+00   1.5888217e-01   5.1249987e+03
   1.9515600e+00   4.6481120e+05   2.0501155e+02   0.0000000e+00   1.5623481e-01   5.1241058e+03
   1.9519000e+00   4.6155018e+05   2.0254311e+02   0.0000000e+00   1.5370398e-01   5.1232133e+03
   1.9522500e+00   4.6946995e+05   2.0111944e+02   0.0000000e+00   1.4749776e-01   5.1222948e+03
   1.9525900e+00   4.6389119e+05   2.0410011e+02   0.0000000e+00   1.5382076e-01   5.1214029e+03
   1.9529300e+00   4.6522608e+05   1.9944477e+02   0.0000000e+00   1.4585476e-01   5.1205112e+03
   1.9532800e+00   4.6524224e+05   2.0363843e+02   0.0000000e+00   1.4956509e-01   5.1195937e+03
   1.9536200e+00   4.7146487e+05   2.0747254e+02   0.0000000e+00   1.4686353e-01   5.1187027e+03
   1.9539700e+00   4.7142428e+05   2.0243488e+02   0.0000000e+00   1.4519445e-01   5.1177858e+03
   1.9543100e+00   4.7997398e+05   2.0394729e+02   0.0000000e+00   1.4367153e-01   5.1168955e+03
   1.9546600e+00   4.7031871e+05   2.0122634e+02   0.0000000e+00   1.4090981e-01   5.1159792e+03
   1.9550000e+00   4.7112709e+05   2.0063290e+02   0.0000000e+00   1.3660147e-01   5.1150895e+03
   1.9553500e+00   4.7272879e+05   2.0263346e+02   0.0000000e+00   1.4203942e-01   5.1141739e+03
   1.9556900e+00   4.7719469e+05   2.2945571e+02   0.0000000e+00   1.3490027e-01   5.1132848e+03
   1.9560400e+00   4.8186006e+05   3.0429942e+02   0.0000000e+00   1.3404147e-01   5.1123699e+03
   1.9563800e+00   4.6952677e+05   1.9964292e+02   0.0000000e+00   1.3492553e-01   5.1114814e+03
   1.9567300e+00   4.6495983e+05   2.0085442e+02   0.0000000e+00   1.3591782e-01   5.1105671e+03
   1.9570700e+00   4.7398829e+05   2.1184243e+02   0.0000000e+00   1.3065670e-01   5.1096793e+03
   1.9574200e+00   4.6906603e+05   2.0397981e+02   0.0000000e+00   1.3178967e-01   5.1087656e+03
   1.9577700e+00   4.7669087e+05   2.8464096e+02   0.0000000e+00   1.2813576e-01   5.1078523e+03
   1.9581100e+00   4.8812612e+05   3.5062197e+02   0.0000000e+00   1.2907645e-01   5.1069654e+03
   1.9584600e+00   4.7908111e+05   2.0574209e+02   0.0000000e+00   1.2051042e-01   5.1060527e+03
   1.9588100e+00   4.7766097e+05   2.1962807e+02   0.0000000e+00   1.2244543e-01   5.1051404e+03
   1.9591500e+00   4.9229162e+05   3.3655172e+02   0.0000000e+00   1.1781072e-01   5.1042544e+03
   1.9595000e+00   4.7481163e+05   1.9582788e+02   0.0000000e+00   1.1993054e-01   5.1033427e+03
   1.9598500e+00   4.7848217e+05   3.2706422e+02   0.0000000e+00   1.2158287e-01   5.1024313e+03
   1.9602000e+00   4.7094997e+05   1.9182670e+02   0.0000000e+00   1.1220626e-01   5.1015203e+03
   1.9605400e+00   4.7795426e+05   1.8534992e+02   0.0000000e+00   1.1131078e-01   5.1006355e+03
   1.9608900e+00   4.7620589e+05   2.5637877e+02   0.0000000e+00   1.1129532e-01   5.0997251e+03
   1.9612400e+00   4.6080559e+05   1.9774613e+02   0.0000000e+00   1.1777323e-01   5.0988150e+03
   1.9615900e+00   4.7032132e+05   1.9014145e+02   0.0000000e+00   1.1012923e-01   5.0979053e+03
   1.9619400e+00   4.7274268e+05   2.7048496e+02   0.0000000e+00   1.1124060e-01   5.0969958e+03
   1.9622900e+00   4.5655800e+05   1.8124162e+02   0.0000000e+00   1.0951632e-01   5.0960867e+03
   1.9626300e+00   4.6796157e+05   2.8663233e+02   0.0000000e+00   1.0619210e-01   5.0952039e+03
   1.9629800e+00   4.6356067e+05   1.9145621e+02   0.0000000e+00   1.0452911e-01   5.0942954e+03
   1.9633300e+00   4.6260643e+05   1.8256262e+02   0.0000000e+00   1.0481683e-01   5.0933873e+03
   1.9636800e+00   4.6340601e+05   1.7863705e+02   0.0000000e+00   1.0078113e-01   5.0924794e+03
   1.9640300e+00   4.5624718e+05   1.7570155e+02   0.0000000e+00   1.0368778e-01   5.0915719e+03
   1.9643800e+00   4.5398660e+05   1.7305266e+02   0.0000000e+00   1.0286123e-01   5.0906647e+03
   1.9647300e+00   4.5564255e+05   2.5226951e+02   0.0000000e+00   1.0494864e-01   5.0897579e+03
   1.9650800e+00   4.5419209e+05   1.7490164e+02   0.0000000e+00   1.0686026e-01   5.0888513e+03
   1.9654300e+00   4.6564827e+05   2.9018234e+02   0.0000000e+00   1.0262341e-01   5.0879451e+03
   1.9657800e+00   4.6404235e+05   1.7618556e+02   0.0000000e+00   9.9120208e-02   5.0870392e+03
   1.9661300e+00   4.5939356e+05   1.6983239e+02   0.0000000e+00   9.8793357e-02   5.0861337e+03
   1.9664800e+00   4.5085699e+05   1.7275820e+02   0.0000000e+00   1.0699921e-01   5.0852284e+03
   1.9668300e+00   4.5584195e+05   1.7101614e+02   0.0000000e+00   1.0098700e-01   5.0843235e+03
   1.9671800e+00   4.6212572e+05   1.6688871e+02   0.0000000e+00   9.7496363e-02   5.0834189e+03
   1.9675400e+00   4.6144577e+05   1.7830225e+02   0.0000000e+00   1.0395639e-01   5.0824888e+03
   1.9678900e+00   4.5099413e+05   1.6871632e+02   0.0000000e+00   1.0220923e-01   5.0815848e+03
   1.9682400e+00   4.5205914e+05   1.6730602e+02   0.0000000e+00   9.8168992e-02   5.0806812e+03
   1.9685900e+00   4.5623286e+05   1.6619121e+02   0.0000000e+00   9.9144187e-02   5.0797779e+03
   1.9689400e+00   4.5480182e+05   1.6814977e+02   0.0000000e+00   9.9447574e-02   5.0788749e+03
   1.9692900e+00   4.5314942e+05   1.6543594e+02   0.0000000e+00   9.9527030e-02   5.0779723e+03
   1.9696500e+00   4.5307446e+05   1.6937576e+02   0.0000000e+00   1.0160982e-01   5.0770441e+03
   1.9700000e+00   4.5566478e+05   1.6696917e+02   0.0000000e+00   1.0002525e-01   5.0761421e+03
   1.9703500e+00   4.5244737e+05   1.6982330e+02   0.0000000e+00   1.0191272e-01   5.0752404e+03
   1.9707000e+00   4.5286246e+05   1.7679548e+02   0.0000000e+00   1.0208299e-01   5.0743391e+03
   1.9710600e+00   4.5664701e+05   1.7481614e+02   0.0000000e+00   1.0292055e-01   5.0734123e+03
   1.9714100e+00   4.5372335e+05   1.6724126e+02   0.0000000e+00   9.8756868e-02   5.0725116e+03
   1.9717600e+00   4.5273093e+05   1.6834588e+02   0.0000000e+00   1.0267046e-01   5.0716111e+03
   1.9721200e+00   4.5273645e+05   1.7111635e+02   0.0000000e+00   9.8269808e-02   5.0706854e+03
   1.9724700e+00   4.6318657e+05   1.8121334e+02   0.0000000e+00   9.7449121e-02   5.0697856e+03
   1.9728200e+00   4.6047295e+05   1.7007772e+02   0.0000000e+00   9.9447848e-02   5.0688862e+03
   1.9731800e+00   4.5811830e+05   1.7178365e+02   0.0000000e+00   1.0058089e-01   5.0679614e+03
   1.9735300e+00   4.5528365e+05   1.7075067e+02   0.0000000e+00   1.0086136e-01   5.0670626e+03
   1.9738900e+00   4.5363746e+05   1.6385522e+02   0.0000000e+00   9.9387751e-02   5.0661384e+03
   1.9742400e+00   4.5365777e+05   1.7398259e+02   0.0000000e+00   1.0114700e-01   5.0652403e+03
   1.9746000e+00   4.4976863e+05   1.6458897e+02   0.0000000e+00   1.0068371e-01   5.0643168e+03
   1.9749500e+00   4.5494233e+05   1.7214193e+02   0.0000000e+00   9.8724284e-02   5.0634193e+03
   1.9753000e+00   4.4075728e+05   1.6014022e+02   0.0000000e+00   1.0112680e-01   5.0625221e+03
   1.9756600e+00   4.4947455e+05   1.7265314e+02   0.0000000e+00   1.0289147e-01   5.0615997e+03
   1.9760200e+00   4.4196657e+05   1.5950804e+02   0.0000000e+00   1.0148814e-01   5.0606775e+03
   1.9763700e+00   4.3569504e+05   1.6143029e+02   0.0000000e+00   1.0230269e-01   5.0597813e+03
   1.9767300e+00   4.4230279e+05   1.6080952e+02   0.0000000e+00   1.0273113e-01   5.0588598e+03
   1.9770800e+00   4.4264989e+05   1.6053303e+02   0.0000000e+00   1.0478051e-01   5.0579643e+03
   1.9774400e+00   4.3804105e+05   1.6989420e+02   0.0000000e+00   1.0246393e-01   5.0570435e+03
   1.9777900e+00   4.3790705e+05   1.6525812e+02   0.0000000e+00   1.0069991e-01   5.0561485e+03
   1.9781500e+00   4.3930977e+05   1.6486598e+02   0.0000000e+00   1.0334210e-01   5.0552284e+03
   1.9785100e+00   4.3165896e+05   1.5519008e+02   0.0000000e+00   1.0142196e-01   5.0543085e+03
   1.9788600e+00   4.2881580e+05   1.5671306e+02   0.0000000e+00   1.0249807e-01   5.0534146e+03
   1.9792200e+00   4.2760443e+05   1.5430040e+02   0.0000000e+00   1.0179702e-01   5.0524954e+03
   1.9795800e+00   4.3100541e+05   1.5433198e+02   0.0000000e+00   1.0310373e-01   5.0515766e+03
   1.9799300e+00   4.2648446e+05   1.5425733e+02   0.0000000e+00   1.0494714e-01   5.0506836e+03
   1.9802900e+00   4.1651870e+05   1.5422124e+02   0.0000000e+00   1.0963864e-01   5.0497654e+03
   1.9806500e+00   4.2047730e+05   1.5125693e+02   0.0000000e+00   1.0364375e-01   5.0488476e+03
   1.9810100e+00   4.2310079e+05   1.5348897e+02   0.0000000e+00   1.0555535e-01   5.0479301e+03
   1.9813600e+00   4.1682026e+05   1.4948596e+02   0.0000000e+00   1.0344603e-01   5.0470384e+03
   1.9817200e+00   4.1586910e+05   1.5109210e+02   0.0000000e+00   1.0371165e-01   5.0461216e+03
   1.9820800e+00   4.1864835e+05   1.5055272e+02   0.0000000e+00   1.0409079e-01   5.0452050e+03
   1.9824400e+00   4.1650189e+05   1.5816343e+02   0.0000000e+00   1.0500601e-01   5.0442889e+03
   1.9828000e+00   4.1287006e+05   1.4872624e+02   0.0000000e+00   1.0477683e-01   5.0433730e+03
   1.9831500e+00   4.1316319e+05   1.5149958e+02   0.0000000e+00   1.0584005e-01   5.0424829e+03
   1.9835100e+00   4.1253695e+05   1.5255541e+02   0.0000000e+00   1.0778982e-01   5.0415677e+03
   1.9838700e+00   4.0555919e+05   1.4592103e+02   0.0000000e+00   1.0554131e-01   5.0406529e+03
   1.9842300e+00   4.1188301e+05   1.4924078e+02   0.0000000e+00   1.0758418e-01   5.0397383e+03
   1.9845900e+00   4.1019599e+05   1.4860964e+02   0.0000000e+00   1.0789732e-01   5.0388241e+03
   1.9849500e+00   4.0760152e+05   1.7005008e+02   0.0000000e+00   1.0835457e-01   5.0379103e+03
   1.9853100e+00   4.0969352e+05   1.4651675e+02   0.0000000e+00   1.0784075e-01   5.0369967e+03
   1.9856700e+00   4.1748995e+05   2.8556301e+02   0.0000000e+00   1.0991216e-01   5.0360835e+03
   1.9860300e+00   4.0684952e+05   1.4632015e+02   0.0000000e+00   1.0770300e-01   5.0351707e+03
   1.9863900e+00   4.0679513e+05   1.4496380e+02   0.0000000e+00   1.0907603e-01   5.0342581e+03
   1.9867500e+00   4.0218993e+05   1.4511523e+02   0.0000000e+00   1.1013309e-01   5.0333459e+03
   1.9871100e+00   4.0926235e+05   1.5267887e+02   0.0000000e+00   1.1015668e-01   5.0324340e+03
   1.9874700e+00   4.0717642e+05   1.5773064e+02   0.0000000e+00   1.0972292e-01   5.0315225e+03
   1.9878300e+00   4.0437483e+05   1.4642691e+02   0.0000000e+00   1.1021267e-01   5.0306113e+03
   1.9881900e+00   4.0350868e+05   1.4717485e+02   0.0000000e+00   1.1154091e-01   5.0297004e+03
   1.9885500e+00   3.9543413e+05   1.4636987e+02   0.0000000e+00   1.1207210e-01   5.0287898e+03
   1.9889100e+00   3.9960592e+05   1.4328326e+02   0.0000000e+00   1.1350434e-01   5.0278796e+03
   1.9892700e+00   4.0621888e+05   1.8421150e+02   0.0000000e+00   1.1199419e-01   5.0269697e+03
   1.9896400e+00   3.9212940e+05   1.4316270e+02   0.0000000e+00   1.1502956e-01   5.0260349e+03
   1.9900000e+00   3.8522336e+05   1.3858359e+02   0.0000000e+00   1.1393427e-01   5.0251256e+03
   1.9903600e+00   3.9160315e+05   1.3918489e+02   0.0000000e+00   1.1326712e-01   5.0242167e+03
   1.9907200e+00   3.8832112e+05   1.3708149e+02   0.0000000e+00   1.1370085e-01   5.0233081e+03
   1.9910800e+00   3.8400534e+05   1.3850666e+02   0.0000000e+00   1.1685436e-01   5.0223999e+03
   1.9914500e+00   3.7926624e+05   1.3629742e+02   0.0000000e+00   1.1557316e-01   5.0214668e+03
   1.9918100e+00   3.8164954e+05   1.4488824e+02   0.0000000e+00   1.1519601e-01   5.0205592e+03
   1.9921700e+00   3.7228895e+05   1.3487243e+02   0.0000000e+00   1.1599580e-01   5.0196519e+03
   1.9925300e+00   3.6937935e+05   1.3259005e+02   0.0000000e+00   1.1569168e-01   5.0187450e+03
   1.9929000e+00   3.6987049e+05   1.3191608e+02   0.0000000e+00   1.1619711e-01   5.0178132e+03
   1.9932600e+00   3.6520746e+05   1.3131945e+02   0.0000000e+00   1.1768080e-01   5.0169070e+03
   1.9936200e+00   3.6580016e+05   1.3237904e+02   0.0000000e+00   1.1911804e-01   5.0160010e+03
   1.9939900e+00   3.6161920e+05   1.3075955e+02   0.0000000e+00   1.2003831e-01   5.0150703e+03
   1.9943500e+00   3.6152893e+05   1.3483041e+02   0.0000000e+00   1.2135019e-01   5.0141650e+03
   1.9947100e+00   3.5450755e+05   1.2908586e+02   0.0000000e+00   1.2297595e-01   5.0132601e+03
   1.9950800e+00   3.5810943e+05   1.2691733e+02   0.0000000e+00   1.2040490e-01   5.0123303e+03
   1.9954400e+00   3.5066745e+05   1.2488601e+02   0.0000000e+00   1.2216930e-01   5.0114261e+03
   1.9958100e+00   3.4876327e+05   1.2509215e+02   0.0000000e+00   1.2266214e-01   5.0104970e+03
   1.9961700e+00   3.4570079e+05   1.2187216e+02   0.0000000e+00   1.2271716e-01   5.0095934e+03
   1.9965300e+00   3.4598032e+05   1.2323546e+02   0.0000000e+00   1.2341477e-01   5.0086901e+03
   1.9969000e+00   3.4147603e+05   1.2160997e+02   0.0000000e+00   1.2594742e-01   5.0077620e+03
   1.9972600e+00   3.3833319e+05   1.1952881e+02   0.0000000e+00   1.2601676e-01   5.0068594e+03
   1.9976300e+00   3.3731131e+05   1.2073962e+02   0.0000000e+00   1.2775076e-01   5.0059320e+03
   1.9979900e+00   3.3661717e+05   1.1897396e+02   0.0000000e+00   1.2791740e-01   5.0050301e+03
   1.9983600e+00   3.3393628e+05   1.1883861e+02   0.0000000e+00   1.2963325e-01   5.0041034e+03
   1.9987300e+00   3.3109339e+05   1.1701080e+02   0.0000000e+00   1.2984044e-01   5.0031770e+03
   1.9990900e+00   3.2666036e+05   1.1772648e+02   0.0000000e+00   1.3083550e-01   5.0022760e+03
   1.9994600e+00   3.2459105e+05   1.1958396e+02   0.0000000e+00   1.3180716e-01   5.0013504e+03
   1.9998200e+00   3.1854799e+05   1.1441306e+02   0.0000000e+00   1.3505427e-01   5.0004500e+03
   2.0001900e+00   3.1677923e+05   1.1374612e+02   0.0000000e+00   1.3728494e-01   4.9995250e+03
   2.0005500e+00   3.1878524e+05   1.1340984e+02   0.0000000e+00   1.3485334e-01   4.9986254e+03
   2.0009200e+00   3.1313733e+05   1.1203127e+02   0.0000000e+00   1.3633668e-01   4.9977011e+03
   2.0012900e+00   3.1145152e+05   1.1148201e+02   0.0000000e+00   1.3938316e-01   4.9967771e+03
   2.0016500e+00   3.0878998e+05   1.1063407e+02   0.0000000e+00   1.4062535e-01   4.9958784e+03
   2.0020200e+00   3.0609380e+05   1.0850780e+02   0.0000000e+00   1.3947365e-01   4.9949551e+03
   2.0023900e+00   3.0180434e+05   1.0805990e+02   0.0000000e+00   1.4304812e-01   4.9940321e+03
   2.0027600e+00   3.0321981e+05   1.1221417e+02   0.0000000e+00   1.4292718e-01   4.9931095e+03
   2.0031200e+00   2.9898741e+05   1.0443861e+02   0.0000000e+00   1.4337461e-01   4.9922121e+03
   2.0034900e+00   2.9247053e+05   1.0471603e+02   0.0000000e+00   1.4744465e-01   4.9912902e+03
   2.0038600e+00   2.9152259e+05   1.0344117e+02   0.0000000e+00   1.4798127e-01   4.9903686e+03
   2.0042300e+00   2.8845283e+05   1.0129995e+02   0.0000000e+00   1.4880202e-01   4.9894473e+03
   2.0045900e+00   2.8249264e+05   9.9109786e+01   0.0000000e+00   1.5101376e-01   4.9885513e+03
   2.0049600e+00   2.7832815e+05   9.8448916e+01   0.0000000e+00   1.5258075e-01   4.9876307e+03
   2.0053300e+00   2.7462534e+05   9.7488617e+01   0.0000000e+00   1.5521564e-01   4.9867104e+03
   2.0057000e+00   2.6974785e+05   9.3757870e+01   0.0000000e+00   1.5537981e-01   4.9857905e+03
   2.0060700e+00   2.6487295e+05   9.3471115e+01   0.0000000e+00   1.5918628e-01   4.9848709e+03
   2.0064400e+00   2.6327267e+05   9.1886339e+01   0.0000000e+00   1.5908812e-01   4.9839517e+03
   2.0068100e+00   2.6162082e+05   9.1497652e+01   0.0000000e+00   1.6193930e-01   4.9830328e+03
   2.0071700e+00   2.5420622e+05   9.0176673e+01   0.0000000e+00   1.6519329e-01   4.9821390e+03
   2.0075400e+00   2.5190657e+05   8.7805006e+01   0.0000000e+00   1.6690942e-01   4.9812208e+03
   2.0079100e+00   2.4657893e+05   8.7030574e+01   0.0000000e+00   1.7095489e-01   4.9803029e+03
   2.0082800e+00   2.4176538e+05   8.4300056e+01   0.0000000e+00   1.7258593e-01   4.9793853e+03
   2.0086500e+00   2.3895163e+05   8.3117187e+01   0.0000000e+00   1.7333400e-01   4.9784681e+03
   2.0090200e+00   2.3269861e+05   8.3130282e+01   0.0000000e+00   1.7794484e-01   4.9775512e+03
   2.0093900e+00   2.2947491e+05   8.0868464e+01   0.0000000e+00   1.7815849e-01   4.9766347e+03
   2.0097600e+00   2.2542028e+05   7.9159436e+01   0.0000000e+00   1.8139851e-01   4.9757185e+03
   2.0101300e+00   2.2430418e+05   7.9491346e+01   0.0000000e+00   1.8456013e-01   4.9748026e+03
   2.0105000e+00   2.2209578e+05   7.7782917e+01   0.0000000e+00   1.8758819e-01   4.9738871e+03
   2.0108700e+00   2.1450252e+05   7.4684569e+01   0.0000000e+00   1.9034156e-01   4.9729719e+03
   2.0112500e+00   2.1120744e+05   7.2989164e+01   0.0000000e+00   1.9354428e-01   4.9720323e+03
   2.0116200e+00   2.1089043e+05   7.2961484e+01   0.0000000e+00   1.9770867e-01   4.9711178e+03
   2.0119900e+00   2.0424366e+05   7.1572369e+01   0.0000000e+00   2.0171403e-01   4.9702036e+03
   2.0123600e+00   1.9944229e+05   7.0063606e+01   0.0000000e+00   2.0360218e-01   4.9692898e+03
   2.0127300e+00   1.9721005e+05   6.8977592e+01   0.0000000e+00   2.0827668e-01   4.9683763e+03
   2.0131000e+00   1.9663428e+05   6.8188992e+01   0.0000000e+00   2.1138905e-01   4.9674631e+03
   2.0134700e+00   1.8934430e+05   6.6568238e+01   0.0000000e+00   2.1610993e-01   4.9665503e+03
   2.0138500e+00   1.8459190e+05   6.5282674e+01   0.0000000e+00   2.2019125e-01   4.9656131e+03
   2.0142200e+00   1.8377189e+05   6.3941853e+01   0.0000000e+00   2.2396032e-01   4.9647010e+03
   2.0145900e+00   1.8048129e+05   6.2675365e+01   0.0000000e+00   2.2988905e-01   4.9637892e+03
   2.0149600e+00   1.7588061e+05   6.1492415e+01   0.0000000e+00   2.3511375e-01   4.9628777e+03
   2.0153300e+00   1.7399153e+05   6.1303749e+01   0.0000000e+00   2.3938139e-01   4.9619665e+03
   2.0157100e+00   1.7112030e+05   6.0127058e+01   0.0000000e+00   2.4392367e-01   4.9610311e+03
   2.0160800e+00   1.6669571e+05   5.8388806e+01   0.0000000e+00   2.4917278e-01   4.9601206e+03
   2.0164500e+00   1.6282311e+05   5.6580263e+01   0.0000000e+00   2.5220993e-01   4.9592105e+03
   2.0168300e+00   1.5997061e+05   5.5563487e+01   0.0000000e+00   2.5914216e-01   4.9582761e+03
   2.0172000e+00   1.5858192e+05   5.4823001e+01   0.0000000e+00   2.6539528e-01   4.9573666e+03
   2.0175700e+00   1.5340785e+05   5.2865691e+01   0.0000000e+00   2.7161845e-01   4.9564575e+03
   2.0179500e+00   1.4869332e+05   5.2094005e+01   0.0000000e+00   2.7924817e-01   4.9555242e+03
   2.0183200e+00   1.4729039e+05   5.1125965e+01   0.0000000e+00   2.8382823e-01   4.9546157e+03
   2.0186900e+00   1.4402618e+05   5.0327401e+01   0.0000000e+00   2.8994817e-01   4.9537076e+03
   2.0190700e+00   1.4172770e+05   4.9584657e+01   0.0000000e+00   2.9561045e-01   4.9527753e+03
   2.0194400e+00   1.3856651e+05   4.8513385e+01   0.0000000e+00   3.0159167e-01   4.9518678e+03
   2.0198200e+00   1.3385134e+05   4.7168935e+01   0.0000000e+00   3.1244925e-01   4.9509362e+03
   2.0201900e+00   1.3073966e+05   4.6395957e+01   0.0000000e+00   3.2046583e-01   4.9500295e+03
   2.0205700e+00   1.2695083e+05   4.4896479e+01   0.0000000e+00   3.2900625e-01   4.9490985e+03
   2.0209400e+00   1.2326259e+05   4.3820847e+01   0.0000000e+00   3.4029956e-01   4.9481924e+03
   2.0213200e+00   1.1979619e+05   4.1896888e+01   0.0000000e+00   3.4479305e-01   4.9472622e+03
   2.0216900e+00   1.1728525e+05   4.1470184e+01   0.0000000e+00   3.5316310e-01   4.9463568e+03
   2.0220700e+00   1.1358672e+05   4.0006124e+01   0.0000000e+00   3.6026632e-01   4.9454272e+03
   2.0224400e+00   1.1164337e+05   3.9227882e+01   0.0000000e+00   3.6844687e-01   4.9445225e+03
   2.0228200e+00   1.0699306e+05   3.8170230e+01   0.0000000e+00   3.7960773e-01   4.9435936e+03
   2.0231900e+00   1.0598703e+05   3.7865706e+01   0.0000000e+00   3.8842547e-01   4.9426895e+03
   2.0235700e+00   1.0275995e+05   3.6106627e+01   0.0000000e+00   3.9904083e-01   4.9417613e+03
   2.0239500e+00   9.9633323e+04   3.5303694e+01   0.0000000e+00   4.1109763e-01   4.9408335e+03
   2.0243200e+00   9.6214354e+04   3.4253179e+01   0.0000000e+00   4.2504362e-01   4.9399304e+03
   2.0247000e+00   9.5046053e+04   3.3290292e+01   0.0000000e+00   4.3241875e-01   4.9390033e+03
   2.0250700e+00   9.3345342e+04   3.2960496e+01   0.0000000e+00   4.4111871e-01   4.9381009e+03
   2.0254500e+00   9.1074171e+04   3.2149311e+01   0.0000000e+00   4.4957995e-01   4.9371745e+03
   2.0258300e+00   8.9536613e+04   3.2390948e+01   0.0000000e+00   4.6121804e-01   4.9362484e+03
   2.0262000e+00   8.7902467e+04   3.1225121e+01   0.0000000e+00   4.7389462e-01   4.9353470e+03
   2.0265800e+00   8.4711627e+04   2.9625008e+01   0.0000000e+00   4.8850944e-01   4.9344215e+03
   2.0269600e+00   8.4470123e+04   3.0290212e+01   0.0000000e+00   5.0516181e-01   4.9334965e+03
   2.0273400e+00   8.9132736e+04   3.0806642e+01   0.0000000e+00   5.1793748e-01   4.9325717e+03
   2.0277100e+00   8.8450969e+04   3.0915485e+01   0.0000000e+00   5.3156212e-01   4.9316717e+03
   2.0280900e+00   8.5435960e+04   3.0048746e+01   0.0000000e+00   5.4215945e-01   4.9307476e+03
   2.0284700e+00   7.7939306e+04   2.7299531e+01   0.0000000e+00   5.5099455e-01   4.9298240e+03
   2.0288500e+00   7.4143002e+04   2.6315236e+01   0.0000000e+00   5.6317914e-01   4.9289006e+03
   2.0292300e+00   7.2497257e+04   2.5332920e+01   0.0000000e+00   5.7739153e-01   4.9279776e+03
   2.0296000e+00   7.0342653e+04   2.4649436e+01   0.0000000e+00   5.9442530e-01   4.9270792e+03
   2.0299800e+00   6.9086466e+04   2.4135006e+01   0.0000000e+00   6.1299358e-01   4.9261569e+03
   2.0303600e+00   6.6271647e+04   2.3202711e+01   0.0000000e+00   6.3083708e-01   4.9252349e+03
   2.0307400e+00   6.5387624e+04   2.2878143e+01   0.0000000e+00   6.4395929e-01   4.9243133e+03
   2.0311200e+00   6.5178543e+04   2.2844202e+01   0.0000000e+00   6.5589210e-01   4.9233920e+03
   2.0315000e+00   6.3434188e+04   2.2301802e+01   0.0000000e+00   6.6671294e-01   4.9224711e+03
   2.0318800e+00   6.3304735e+04   2.2131616e+01   0.0000000e+00   6.7923256e-01   4.9215505e+03
   2.0322600e+00   6.1897252e+04   2.1678486e+01   0.0000000e+00   6.9617617e-01   4.9206302e+03
   2.0326400e+00   6.0389395e+04   2.0997052e+01   0.0000000e+00   7.1166527e-01   4.9197103e+03
   2.0330100e+00   5.9137750e+04   2.0704453e+01   0.0000000e+00   7.3025217e-01   4.9188150e+03
   2.0333900e+00   6.0135482e+04   2.0796935e+01   0.0000000e+00   7.5042907e-01   4.9178957e+03
   2.0337700e+00   6.3205830e+04   2.1977344e+01   0.0000000e+00   7.6798727e-01   4.9169768e+03
   2.0341500e+00   6.1422818e+04   2.1448818e+01   0.0000000e+00   7.8302648e-01   4.9160583e+03
   2.0345300e+00   5.9780928e+04   2.0752831e+01   0.0000000e+00   7.9481234e-01   4.9151401e+03
   2.0349200e+00   5.5076531e+04   1.9376141e+01   0.0000000e+00   8.0752117e-01   4.9141981e+03
   2.0353000e+00   5.2983551e+04   1.8592511e+01   0.0000000e+00   8.1987046e-01   4.9132806e+03
   2.0356800e+00   5.1716719e+04   1.8108929e+01   0.0000000e+00   8.3635689e-01   4.9123634e+03
   2.0360600e+00   5.0586241e+04   1.7767087e+01   0.0000000e+00   8.5784256e-01   4.9114466e+03
   2.0364400e+00   4.9213701e+04   1.7248158e+01   0.0000000e+00   8.7920051e-01   4.9105301e+03
   2.0368200e+00   4.8048268e+04   1.6921417e+01   0.0000000e+00   8.9547229e-01   4.9096140e+03
   2.0372000e+00   4.8309896e+04   1.6965964e+01   0.0000000e+00   9.1081405e-01   4.9086982e+03
   2.0375800e+00   4.7518783e+04   1.6613081e+01   0.0000000e+00   9.2143830e-01   4.9077828e+03
   2.0379600e+00   4.6712851e+04   1.6644513e+01   0.0000000e+00   9.3115530e-01   4.9068677e+03
   2.0383400e+00   4.5953499e+04   1.6221276e+01   0.0000000e+00   9.4464415e-01   4.9059529e+03
   2.0387300e+00   4.5908135e+04   1.6088887e+01   0.0000000e+00   9.5849465e-01   4.9050144e+03
   2.0391100e+00   4.5006995e+04   1.5810751e+01   0.0000000e+00   9.7443094e-01   4.9041003e+03
   2.0394900e+00   4.3776304e+04   1.5336477e+01   0.0000000e+00   9.9642659e-01   4.9031866e+03
   2.0398700e+00   4.3568125e+04   1.5228391e+01   0.0000000e+00   1.0188801e+00   4.9022732e+03
   2.0402600e+00   4.3976303e+04   1.5996315e+01   0.0000000e+00   1.0361551e+00   4.9013361e+03
   2.0406400e+00   4.7942553e+04   1.7149373e+01   0.0000000e+00   1.0444682e+00   4.9004234e+03
   2.0410200e+00   5.8869732e+04   2.0683624e+01   0.0000000e+00   1.0496185e+00   4.8995110e+03
   2.0414000e+00   6.1515191e+04   2.1047926e+01   0.0000000e+00   1.0584417e+00   4.8985990e+03
   2.0417900e+00   5.6491548e+04   1.9778733e+01   0.0000000e+00   1.0686423e+00   4.8976633e+03
   2.0421700e+00   4.4598223e+04   1.5676409e+01   0.0000000e+00   1.0835617e+00   4.8967520e+03
   2.0425500e+00   4.0336267e+04   1.4115105e+01   0.0000000e+00   1.1019139e+00   4.8958410e+03
   2.0429400e+00   3.9696153e+04   1.4228052e+01   0.0000000e+00   1.1223258e+00   4.8949064e+03
   2.0433200e+00   3.9048253e+04   1.3744933e+01   0.0000000e+00   1.1363846e+00   4.8939960e+03
   2.0437000e+00   3.9259686e+04   1.3563676e+01   0.0000000e+00   1.1485010e+00   4.8930861e+03
   2.0440900e+00   3.8821536e+04   1.3455909e+01   0.0000000e+00   1.1537354e+00   4.8921525e+03
   2.0444700e+00   3.8656185e+04   1.3427551e+01   0.0000000e+00   1.1569277e+00   4.8912432e+03
   2.0448600e+00   3.8622241e+04   1.3343609e+01   0.0000000e+00   1.1601318e+00   4.8903103e+03
   2.0452400e+00   3.8295954e+04   1.3469846e+01   0.0000000e+00   1.1759943e+00   4.8894017e+03
   2.0456200e+00   3.7518363e+04   1.3138041e+01   0.0000000e+00   1.1946596e+00   4.8884935e+03
   2.0460100e+00   3.7483090e+04   1.2985672e+01   0.0000000e+00   1.2141615e+00   4.8875616e+03
   2.0463900e+00   3.6817772e+04   1.2925872e+01   0.0000000e+00   1.2302955e+00   4.8866541e+03
   2.0467800e+00   3.6024270e+04   1.2646873e+01   0.0000000e+00   1.2401468e+00   4.8857229e+03
   2.0471600e+00   3.6272924e+04   1.2656116e+01   0.0000000e+00   1.2405186e+00   4.8848160e+03
   2.0475500e+00   3.7686909e+04   1.3895157e+01   0.0000000e+00   1.2411266e+00   4.8838856e+03
   2.0479300e+00   3.7423566e+04   1.3711990e+01   0.0000000e+00   1.2464195e+00   4.8829794e+03
   2.0483200e+00   3.6843207e+04   1.2817337e+01   0.0000000e+00   1.2568230e+00   4.8820497e+03
   2.0487100e+00   3.6508872e+04   1.2758344e+01   0.0000000e+00   1.2695806e+00   4.8811203e+03
   2.0490900e+00   3.6612300e+04   1.2823809e+01   0.0000000e+00   1.2888565e+00   4.8802151e+03
   2.0494800e+00   3.7318066e+04   1.3076946e+01   0.0000000e+00   1.3033243e+00   4.8792865e+03
   2.0498600e+00   3.8326322e+04   1.3142751e+01   0.0000000e+00   1.3134274e+00   4.8783819e+03
   2.0502500e+00   3.8883554e+04   1.3440955e+01   0.0000000e+00   1.3155029e+00   4.8774540e+03
   2.0506400e+00   3.7342161e+04   1.3021026e+01   0.0000000e+00   1.3141663e+00   4.8765264e+03
   2.0510200e+00   3.6231134e+04   1.2595451e+01   0.0000000e+00   1.3177463e+00   4.8756229e+03
   2.0514100e+00   3.6333444e+04   1.2508332e+01   0.0000000e+00   1.3190764e+00   4.8746959e+03
   2.0518000e+00   3.6405719e+04   1.2539720e+01   0.0000000e+00   1.3275147e+00   4.8737694e+03
   2.0521800e+00   3.6086065e+04   1.2386187e+01   0.0000000e+00   1.3430146e+00   4.8728669e+03
   2.0525700e+00   3.5265958e+04   1.2145287e+01   0.0000000e+00   1.3588828e+00   4.8719410e+03
   2.0529600e+00   3.5212286e+04   1.2314378e+01   0.0000000e+00   1.3713647e+00   4.8710155e+03
   2.0533400e+00   3.5335420e+04   1.2522358e+01   0.0000000e+00   1.3729767e+00   4.8701141e+03
   2.0537300e+00   3.5550105e+04   1.2641919e+01   0.0000000e+00   1.3711786e+00   4.8691892e+03
   2.0541200e+00   3.5826717e+04   1.2582220e+01   0.0000000e+00   1.3673167e+00   4.8682648e+03
   2.0545100e+00   3.5849619e+04   1.2475964e+01   0.0000000e+00   1.3673350e+00   4.8673406e+03
   2.0548900e+00   3.5447619e+04   1.2256887e+01   0.0000000e+00   1.3700649e+00   4.8664405e+03
   2.0552800e+00   3.5662702e+04   1.2341414e+01   0.0000000e+00   1.3821266e+00   4.8655171e+03
   2.0556700e+00   3.8318432e+04   1.4226143e+01   0.0000000e+00   1.3946466e+00   4.8645940e+03
   2.0560600e+00   4.4921336e+04   1.7326381e+01   0.0000000e+00   1.4068128e+00   4.8636713e+03
   2.0564500e+00   4.6765598e+04   1.5944952e+01   0.0000000e+00   1.4169521e+00   4.8627489e+03
   2.0568400e+00   4.4639254e+04   1.5262795e+01   0.0000000e+00   1.4174960e+00   4.8618269e+03
   2.0572200e+00   3.7940113e+04   1.3173297e+01   0.0000000e+00   1.4099407e+00   4.8609288e+03
   2.0576100e+00   3.5635422e+04   1.2325927e+01   0.0000000e+00   1.4077429e+00   4.8600075e+03
   2.0580000e+00   3.5476492e+04   1.2295919e+01   0.0000000e+00   1.4131389e+00   4.8590865e+03
   2.0583900e+00   3.5315219e+04   1.2200945e+01   0.0000000e+00   1.4203098e+00   4.8581658e+03
   2.0587800e+00   3.4452802e+04   1.1831311e+01   0.0000000e+00   1.4328583e+00   4.8572456e+03
   2.0591700e+00   3.4389633e+04   1.1883876e+01   0.0000000e+00   1.4459863e+00   4.8563256e+03
   2.0595600e+00   3.4336953e+04   1.1834262e+01   0.0000000e+00   1.4545951e+00   4.8554060e+03
   2.0599500e+00   3.3704627e+04   1.1703137e+01   0.0000000e+00   1.4509888e+00   4.8544868e+03
   2.0603400e+00   3.4305466e+04   1.1832741e+01   0.0000000e+00   1.4491654e+00   4.8535679e+03
   2.0607300e+00   3.4941947e+04   1.2083765e+01   0.0000000e+00   1.4416886e+00   4.8526493e+03
   2.0611200e+00   3.4790302e+04   1.2122565e+01   0.0000000e+00   1.4409825e+00   4.8517311e+03
   2.0615100e+00   3.4475813e+04   1.1944934e+01   0.0000000e+00   1.4450929e+00   4.8508132e+03
   2.0619000e+00   3.4820557e+04   1.1920205e+01   0.0000000e+00   1.4538557e+00   4.8498957e+03
   2.0622900e+00   3.4596179e+04   1.1887832e+01   0.0000000e+00   1.4680805e+00   4.8489786e+03
   2.0626800e+00   3.4317514e+04   1.1916654e+01   0.0000000e+00   1.4713626e+00   4.8480617e+03
   2.0630700e+00   3.4186288e+04   1.1991197e+01   0.0000000e+00   1.4727819e+00   4.8471453e+03
   2.0634600e+00   3.5066648e+04   1.2229718e+01   0.0000000e+00   1.4666808e+00   4.8462291e+03
   2.0638500e+00   3.5288578e+04   1.2076161e+01   0.0000000e+00   1.4640361e+00   4.8453134e+03
   2.0642500e+00   3.4871996e+04   1.2076802e+01   0.0000000e+00   1.4594932e+00   4.8443745e+03
   2.0646400e+00   3.5561521e+04   1.2228296e+01   0.0000000e+00   1.4589527e+00   4.8434594e+03
   2.0650300e+00   3.5229704e+04   1.2339339e+01   0.0000000e+00   1.4661192e+00   4.8425447e+03
   2.0654200e+00   3.5212128e+04   1.2276142e+01   0.0000000e+00   1.4769974e+00   4.8416303e+03
   2.0658100e+00   3.5058589e+04   1.2030084e+01   0.0000000e+00   1.4886767e+00   4.8407162e+03
   2.0662000e+00   3.5087523e+04   1.2087876e+01   0.0000000e+00   1.4930616e+00   4.8398025e+03
   2.0666000e+00   3.5430740e+04   1.2272477e+01   0.0000000e+00   1.4884528e+00   4.8388658e+03
   2.0669900e+00   3.5589901e+04   1.2224834e+01   0.0000000e+00   1.4853458e+00   4.8379528e+03
   2.0673800e+00   3.5336176e+04   1.2542103e+01   0.0000000e+00   1.4770275e+00   4.8370401e+03
   2.0677700e+00   3.5939947e+04   1.3588399e+01   0.0000000e+00   1.4732000e+00   4.8361278e+03
   2.0681700e+00   3.6383129e+04   1.4192348e+01   0.0000000e+00   1.4734326e+00   4.8351925e+03
   2.0685600e+00   3.6444596e+04   1.2908154e+01   0.0000000e+00   1.4891159e+00   4.8342809e+03
   2.0689500e+00   3.6057034e+04   1.2354715e+01   0.0000000e+00   1.5043866e+00   4.8333696e+03
   2.0693400e+00   3.5707442e+04   1.2268453e+01   0.0000000e+00   1.5050378e+00   4.8324587e+03
   2.0697400e+00   3.6343608e+04   1.2429314e+01   0.0000000e+00   1.5009311e+00   4.8315247e+03
   2.0701300e+00   3.6116045e+04   1.2475595e+01   0.0000000e+00   1.4982621e+00   4.8306145e+03
   2.0705200e+00   3.6309022e+04   1.2486582e+01   0.0000000e+00   1.4902562e+00   4.8297046e+03
   2.0709200e+00   3.6551977e+04   1.2562215e+01   0.0000000e+00   1.4846615e+00   4.8287718e+03
   2.0713100e+00   3.6442610e+04   1.2578227e+01   0.0000000e+00   1.4879038e+00   4.8278626e+03
   2.0717100e+00   3.6765318e+04   1.2666602e+01   0.0000000e+00   1.4961723e+00   4.8269304e+03
   2.0721000e+00   3.7611892e+04   1.3395419e+01   0.0000000e+00   1.5000601e+00   4.8260219e+03
   2.0724900e+00   4.3123642e+04   1.7341506e+01   0.0000000e+00   1.5029229e+00   4.8251138e+03
   2.0728900e+00   4.6394259e+04   2.1317131e+01   0.0000000e+00   1.5041529e+00   4.8241827e+03
   2.0732800e+00   4.6226813e+04   2.1302598e+01   0.0000000e+00   1.4995582e+00   4.8232752e+03
   2.0736800e+00   4.1485461e+04   1.7216745e+01   0.0000000e+00   1.4936319e+00   4.8223448e+03
   2.0740700e+00   3.7885189e+04   1.3054963e+01   0.0000000e+00   1.4934937e+00   4.8214380e+03
   2.0744700e+00   3.7471324e+04   1.2990212e+01   0.0000000e+00   1.4950405e+00   4.8205084e+03
   2.0748600e+00   3.7066568e+04   1.2843292e+01   0.0000000e+00   1.5010193e+00   4.8196023e+03
   2.0752600e+00   3.6798974e+04   1.2780989e+01   0.0000000e+00   1.5091459e+00   4.8186733e+03
   2.0756500e+00   3.6856654e+04   1.2606211e+01   0.0000000e+00   1.5151125e+00   4.8177679e+03
   2.0760500e+00   3.6862527e+04   1.2667382e+01   0.0000000e+00   1.5171392e+00   4.8168397e+03
   2.0764400e+00   3.6973017e+04   1.2739737e+01   0.0000000e+00   1.5135471e+00   4.8159350e+03
   2.0768400e+00   3.7716675e+04   1.2993505e+01   0.0000000e+00   1.5036907e+00   4.8150074e+03
   2.0772300e+00   3.8192218e+04   1.3231052e+01   0.0000000e+00   1.5004725e+00   4.8141034e+03
   2.0776300e+00   3.8035829e+04   1.3025562e+01   0.0000000e+00   1.4936696e+00   4.8131766e+03
   2.0780300e+00   3.8151714e+04   1.3135069e+01   0.0000000e+00   1.4986235e+00   4.8122501e+03
   2.0784200e+00   3.7722299e+04   1.2905559e+01   0.0000000e+00   1.5067812e+00   4.8113471e+03
   2.0788200e+00   3.7909059e+04   1.2967643e+01   0.0000000e+00   1.5173425e+00   4.8104213e+03
   2.0792100e+00   3.7904207e+04   1.3021350e+01   0.0000000e+00   1.5182534e+00   4.8095190e+03
   2.0796100e+00   3.8262541e+04   1.3039156e+01   0.0000000e+00   1.5151333e+00   4.8085939e+03
   2.0800100e+00   3.8610614e+04   1.3205799e+01   0.0000000e+00   1.5105076e+00   4.8076692e+03
   2.0804000e+00   3.8869528e+04   1.3353323e+01   0.0000000e+00   1.5033613e+00   4.8067679e+03
   2.0808000e+00   3.9154516e+04   1.3479976e+01   0.0000000e+00   1.5005898e+00   4.8058439e+03
   2.0812000e+00   3.9421049e+04   1.3491559e+01   0.0000000e+00   1.5017299e+00   4.8049202e+03
   2.0816000e+00   3.9141289e+04   1.3422242e+01   0.0000000e+00   1.5088869e+00   4.8039969e+03
   2.0819900e+00   3.9682410e+04   1.3548040e+01   0.0000000e+00   1.5141983e+00   4.8030970e+03
   2.0823900e+00   3.9645493e+04   1.3523389e+01   0.0000000e+00   1.5189760e+00   4.8021744e+03
   2.0827900e+00   4.0174126e+04   1.7503950e+01   0.0000000e+00   1.5173648e+00   4.8012522e+03
   2.0831900e+00   3.9984426e+04   1.3542378e+01   0.0000000e+00   1.5128237e+00   4.8003303e+03
   2.0835800e+00   3.9801154e+04   1.3589322e+01   0.0000000e+00   1.5050696e+00   4.7994317e+03
   2.0839800e+00   3.9862226e+04   1.3690088e+01   0.0000000e+00   1.5027141e+00   4.7985105e+03
   2.0843800e+00   4.0085325e+04   1.3900744e+01   0.0000000e+00   1.5023593e+00   4.7975897e+03
   2.0847800e+00   3.9944850e+04   1.3703376e+01   0.0000000e+00   1.5021276e+00   4.7966692e+03
   2.0851800e+00   4.0425346e+04   1.3830969e+01   0.0000000e+00   1.5101533e+00   4.7957490e+03
   2.0855700e+00   4.2346577e+04   1.5649763e+01   0.0000000e+00   1.5113554e+00   4.7948522e+03
   2.0859700e+00   4.3547185e+04   1.6709991e+01   0.0000000e+00   1.5129024e+00   4.7939328e+03
   2.0863700e+00   4.3914788e+04   1.7310137e+01   0.0000000e+00   1.5060929e+00   4.7930137e+03
   2.0867700e+00   4.2603166e+04   1.6033958e+01   0.0000000e+00   1.5029291e+00   4.7920950e+03
   2.0871700e+00   4.1322507e+04   1.4930707e+01   0.0000000e+00   1.4980017e+00   4.7911766e+03
   2.0875700e+00   4.1308292e+04   1.4142501e+01   0.0000000e+00   1.5073863e+00   4.7902585e+03
   2.0879700e+00   4.1413402e+04   1.4136106e+01   0.0000000e+00   1.5109347e+00   4.7893408e+03
   2.0883700e+00   4.1231207e+04   1.4084532e+01   0.0000000e+00   1.5139105e+00   4.7884235e+03
   2.0887700e+00   4.1226609e+04   1.3936554e+01   0.0000000e+00   1.5188259e+00   4.7875065e+03
   2.0891700e+00   4.1265761e+04   1.3943333e+01   0.0000000e+00   1.5225493e+00   4.7865899e+03
   2.0895700e+00   4.1421102e+04   1.4233895e+01   0.0000000e+00   1.5176437e+00   4.7856736e+03
   2.0899700e+00   4.1693576e+04   1.4372310e+01   0.0000000e+00   1.5133631e+00   4.7847577e+03
   2.0903700e+00   4.3439972e+04   1.4881608e+01   0.0000000e+00   1.5116422e+00   4.7838421e+03
   2.0907700e+00   4.6396164e+04   1.5808600e+01   0.0000000e+00   1.5117510e+00   4.7829269e+03
   2.0911700e+00   4.7030553e+04   1.5947657e+01   0.0000000e+00   1.5109094e+00   4.7820120e+03
   2.0915700e+00   4.4989075e+04   1.5414103e+01   0.0000000e+00   1.5136851e+00   4.7810975e+03
   2.0919700e+00   4.3328363e+04   1.4791069e+01   0.0000000e+00   1.5178370e+00   4.7801833e+03
   2.0923700e+00   4.2868488e+04   1.4665902e+01   0.0000000e+00   1.5203982e+00   4.7792694e+03
   2.0927700e+00   4.2593832e+04   1.4601371e+01   0.0000000e+00   1.5190882e+00   4.7783560e+03
   2.0931700e+00   4.2889525e+04   1.4600571e+01   0.0000000e+00   1.5171452e+00   4.7774428e+03
   2.0935700e+00   4.3776395e+04   1.4933688e+01   0.0000000e+00   1.5159347e+00   4.7765300e+03
   2.0939700e+00   4.3461423e+04   1.4944894e+01   0.0000000e+00   1.5167987e+00   4.7756176e+03
   2.0943800e+00   4.3155300e+04   1.5089282e+01   0.0000000e+00   1.5149478e+00   4.7746827e+03
   2.0947800e+00   4.3667825e+04   1.5017852e+01   0.0000000e+00   1.5176210e+00   4.7737710e+03
   2.0951800e+00   4.3834031e+04   1.4960710e+01   0.0000000e+00   1.5206102e+00   4.7728596e+03
   2.0955800e+00   4.3918380e+04   1.5055787e+01   0.0000000e+00   1.5209834e+00   4.7719486e+03
   2.0959800e+00   4.4204256e+04   1.5313444e+01   0.0000000e+00   1.5226445e+00   4.7710379e+03
   2.0963900e+00   4.4512981e+04   1.5126778e+01   0.0000000e+00   1.5229922e+00   4.7701048e+03
   2.0967900e+00   4.4803322e+04   1.5250710e+01   0.0000000e+00   1.5215382e+00   4.7691948e+03
   2.0971900e+00   4.4996711e+04   1.5383557e+01   0.0000000e+00   1.5205652e+00   4.7682852e+03
   2.0975900e+00   4.4887884e+04   1.5373528e+01   0.0000000e+00   1.5234601e+00   4.7673759e+03
   2.0979900e+00   4.6522932e+04   4.2131878e+01   0.0000000e+00   1.5238911e+00   4.7664670e+03
   2.0984000e+00   4.5156134e+04   1.5219231e+01   0.0000000e+00   1.5255965e+00   4.7655356e+03
   2.0988000e+00   4.5467382e+04   1.5532917e+01   0.0000000e+00   1.5267104e+00   4.7646274e+03
   2.0992000e+00   4.5637734e+04   1.5799350e+01   0.0000000e+00   1.5230275e+00   4.7637195e+03
   2.0996100e+00   4.5547163e+04   1.5731135e+01   0.0000000e+00   1.5256885e+00   4.7627893e+03
   2.1000100e+00   4.6077405e+04   1.5765605e+01   0.0000000e+00   1.5240288e+00   4.7618821e+03
   2.1004100e+00   4.6394446e+04   1.5985902e+01   0.0000000e+00   1.5227439e+00   4.7609752e+03
   2.1008200e+00   4.6711076e+04   1.5897363e+01   0.0000000e+00   1.5260876e+00   4.7600461e+03
   2.1012200e+00   4.6882757e+04   1.6100886e+01   0.0000000e+00   1.5293533e+00   4.7591399e+03
   2.1016200e+00   4.7351520e+04   1.6280942e+01   0.0000000e+00   1.5318611e+00   4.7582341e+03
   2.1020300e+00   4.7539306e+04   1.6159184e+01   0.0000000e+00   1.5371546e+00   4.7573060e+03
   2.1024300e+00   4.8062776e+04   2.0394663e+01   0.0000000e+00   1.5250414e+00   4.7564009e+03
   2.1028400e+00   4.7734403e+04   1.6465531e+01   0.0000000e+00   1.5240809e+00   4.7554736e+03
   2.1032400e+00   4.8629793e+04   1.6574233e+01   0.0000000e+00   1.5249912e+00   4.7545691e+03
   2.1036400e+00   4.8323803e+04   1.6451396e+01   0.0000000e+00   1.5267084e+00   4.7536651e+03
   2.1040500e+00   4.8713700e+04   1.6458534e+01   0.0000000e+00   1.5318396e+00   4.7527388e+03
   2.1044500e+00   4.8540200e+04   1.6608458e+01   0.0000000e+00   1.5355024e+00   4.7518354e+03
   2.1048600e+00   4.9655087e+04   3.8576984e+01   0.0000000e+00   1.5359558e+00   4.7509098e+03
   2.1052600e+00   4.9361026e+04   1.6775576e+01   0.0000000e+00   1.5367066e+00   4.7500071e+03
   2.1056700e+00   4.9848729e+04   1.6977426e+01   0.0000000e+00   1.5350427e+00   4.7490822e+03
   2.1060700e+00   5.1053032e+04   1.7257952e+01   0.0000000e+00   1.5289681e+00   4.7481803e+03
   2.1064800e+00   5.2194053e+04   1.7793184e+01   0.0000000e+00   1.5235928e+00   4.7472561e+03
   2.1068800e+00   5.2705620e+04   1.7782772e+01   0.0000000e+00   1.5293141e+00   4.7463548e+03
   2.1072900e+00   5.1606578e+04   1.7587242e+01   0.0000000e+00   1.5293920e+00   4.7454313e+03
   2.1077000e+00   5.0747208e+04   1.7201462e+01   0.0000000e+00   1.5335735e+00   4.7445082e+03
   2.1081000e+00   5.0628129e+04   1.7074880e+01   0.0000000e+00   1.5321381e+00   4.7436080e+03
   2.1085100e+00   5.1055825e+04   1.7314612e+01   0.0000000e+00   1.5314298e+00   4.7426856e+03
   2.1089100e+00   5.1193968e+04   1.7362610e+01   0.0000000e+00   1.5275259e+00   4.7417860e+03
   2.1093200e+00   5.2161302e+04   1.8052735e+01   0.0000000e+00   1.5198357e+00   4.7408644e+03
   2.1097300e+00   5.3159923e+04   1.8450978e+01   0.0000000e+00   1.5197213e+00   4.7399430e+03
   2.1101300e+00   5.4172004e+04   1.8449376e+01   0.0000000e+00   1.5233862e+00   4.7390445e+03
   2.1105400e+00   5.3948198e+04   1.8386097e+01   0.0000000e+00   1.5269055e+00   4.7381239e+03
   2.1109400e+00   5.5180299e+04   1.8761524e+01   0.0000000e+00   1.5275431e+00   4.7372261e+03
   2.1113500e+00   5.6032071e+04   1.9118070e+01   0.0000000e+00   1.5312249e+00   4.7363062e+03
   2.1117600e+00   5.6207240e+04   1.8994382e+01   0.0000000e+00   1.5336723e+00   4.7353866e+03
   2.1121700e+00   5.5894315e+04   1.8945554e+01   0.0000000e+00   1.5244399e+00   4.7344674e+03
   2.1125700e+00   5.4414217e+04   1.8552340e+01   0.0000000e+00   1.5233811e+00   4.7335710e+03
   2.1129800e+00   5.4817671e+04   1.8646481e+01   0.0000000e+00   1.5116567e+00   4.7326525e+03
   2.1133900e+00   5.4761672e+04   1.8562857e+01   0.0000000e+00   1.5157719e+00   4.7317343e+03
   2.1137900e+00   5.5312351e+04   1.8768003e+01   0.0000000e+00   1.5199541e+00   4.7308389e+03
   2.1142000e+00   5.5431594e+04   1.8830936e+01   0.0000000e+00   1.5258356e+00   4.7299215e+03
   2.1146100e+00   5.5289226e+04   1.8676863e+01   0.0000000e+00   1.5271216e+00   4.7290044e+03
   2.1150200e+00   5.6918856e+04   1.9176651e+01   0.0000000e+00   1.5273434e+00   4.7280877e+03
   2.1154300e+00   5.7752600e+04   1.9455329e+01   0.0000000e+00   1.5271618e+00   4.7271713e+03
   2.1158300e+00   5.7776549e+04   1.9426690e+01   0.0000000e+00   1.5227442e+00   4.7262776e+03
   2.1162400e+00   5.7493881e+04   1.9622360e+01   0.0000000e+00   1.5134739e+00   4.7253620e+03
   2.1166500e+00   5.7447100e+04   1.9590951e+01   0.0000000e+00   1.5101867e+00   4.7244466e+03
   2.1170600e+00   5.9041184e+04   2.0195564e+01   0.0000000e+00   1.5103367e+00   4.7235317e+03
   2.1174700e+00   6.1919162e+04   2.0936099e+01   0.0000000e+00   1.5181727e+00   4.7226171e+03
   2.1178800e+00   6.2878421e+04   2.1097062e+01   0.0000000e+00   1.5212858e+00   4.7217028e+03
   2.1182900e+00   6.1796769e+04   2.0938161e+01   0.0000000e+00   1.5262957e+00   4.7207889e+03
   2.1186900e+00   5.9618259e+04   2.1389626e+01   0.0000000e+00   1.5157108e+00   4.7198977e+03
   2.1191000e+00   6.0484913e+04   2.0941567e+01   0.0000000e+00   1.5094903e+00   4.7189845e+03
   2.1195100e+00   6.0675545e+04   2.0747634e+01   0.0000000e+00   1.5030526e+00   4.7180716e+03
   2.1199200e+00   6.0557769e+04   2.0625703e+01   0.0000000e+00   1.4991384e+00   4.7171591e+03
   2.1203300e+00   6.0846419e+04   2.0660757e+01   0.0000000e+00   1.5029630e+00   4.7162470e+03
   2.1207400e+00   6.1274006e+04   2.0768184e+01   0.0000000e+00   1.5080554e+00   4.7153352e+03
   2.1211500e+00   6.0605551e+04   2.0518248e+01   0.0000000e+00   1.5143173e+00   4.7144238e+03
   2.1215600e+00   6.1296628e+04   2.0770734e+01   0.0000000e+00   1.5162794e+00   4.7135127e+03
   2.1219700e+00   6.1584023e+04   2.0862122e+01   0.0000000e+00   1.5135386e+00   4.7126020e+03
   2.1223800e+00   6.2531993e+04   2.1217307e+01   0.0000000e+00   1.5074131e+00   4.7116916e+03
   2.1227900e+00   6.3416079e+04   2.1705295e+01   0.0000000e+00   1.4970121e+00   4.7107816e+03
   2.1232000e+00   6.5247317e+04   2.2156416e+01   0.0000000e+00   1.4904736e+00   4.7098719e+03
   2.1236100e+00   6.6207385e+04   2.2406175e+01   0.0000000e+00   1.4888508e+00   4.7089626e+03
   2.1240200e+00   6.5205712e+04   2.1978537e+01   0.0000000e+00   1.4948828e+00   4.7080536e+03
   2.1244300e+00   6.6626467e+04   2.2642885e+01   0.0000000e+00   1.5041962e+00   4.7071450e+03
   2.1248400e+00   6.9651005e+04   2.3485840e+01   0.0000000e+00   1.5065593e+00   4.7062367e+03
   2.1252500e+00   7.0697831e+04   2.3882561e+01   0.0000000e+00   1.5016317e+00   4.7053288e+03
   2.1256700e+00   6.8445636e+04   2.3134753e+01   0.0000000e+00   1.4966675e+00   4.7043991e+03
   2.1260800e+00   6.6904303e+04   2.3087917e+01   0.0000000e+00   1.4858413e+00   4.7034919e+03
   2.1264900e+00   6.7892369e+04   2.3590050e+01   0.0000000e+00   1.4731517e+00   4.7025850e+03
   2.1269000e+00   6.8238056e+04   2.3175191e+01   0.0000000e+00   1.4717358e+00   4.7016785e+03
   2.1273100e+00   6.8926673e+04   2.3292948e+01   0.0000000e+00   1.4754947e+00   4.7007723e+03
   2.1277200e+00   6.9339182e+04   2.3476653e+01   0.0000000e+00   1.4826777e+00   4.6998665e+03
   2.1281300e+00   6.9937793e+04   2.3488352e+01   0.0000000e+00   1.4887444e+00   4.6989611e+03
   2.1285500e+00   7.0526244e+04   2.3807835e+01   0.0000000e+00   1.4857499e+00   4.6980339e+03
   2.1289600e+00   7.0697979e+04   2.4142703e+01   0.0000000e+00   1.4776527e+00   4.6971291e+03
   2.1293700e+00   7.1237676e+04   2.4169468e+01   0.0000000e+00   1.4698226e+00   4.6962247e+03
   2.1297800e+00   7.2617159e+04   2.4512689e+01   0.0000000e+00   1.4573834e+00   4.6953206e+03
   2.1302000e+00   7.3497831e+04   2.4814306e+01   0.0000000e+00   1.4511772e+00   4.6943949e+03
   2.1306100e+00   7.3681922e+04   2.4977462e+01   0.0000000e+00   1.4483671e+00   4.6934915e+03
   2.1310200e+00   7.3992256e+04   2.5053000e+01   0.0000000e+00   1.4545945e+00   4.6925885e+03
   2.1314300e+00   7.5334961e+04   2.5336327e+01   0.0000000e+00   1.4632336e+00   4.6916859e+03
   2.1318500e+00   7.6387863e+04   2.5819713e+01   0.0000000e+00   1.4634748e+00   4.6907615e+03
   2.1322600e+00   7.7992072e+04   2.6402666e+01   0.0000000e+00   1.4597571e+00   4.6898596e+03
   2.1326700e+00   7.9250472e+04   2.6628497e+01   0.0000000e+00   1.4465533e+00   4.6889580e+03
   2.1330900e+00   7.9124255e+04   2.6696451e+01   0.0000000e+00   1.4364361e+00   4.6880347e+03
   2.1335000e+00   7.9352115e+04   2.6668511e+01   0.0000000e+00   1.4257982e+00   4.6871338e+03
   2.1339100e+00   7.9813770e+04   2.6810849e+01   0.0000000e+00   1.4198711e+00   4.6862333e+03
   2.1343300e+00   8.0064870e+04   2.7010420e+01   0.0000000e+00   1.4247417e+00   4.6853111e+03
   2.1347400e+00   8.0483941e+04   2.7262805e+01   0.0000000e+00   1.4333775e+00   4.6844112e+03
   2.1351500e+00   8.0649003e+04   2.7224183e+01   0.0000000e+00   1.4393616e+00   4.6835117e+03
   2.1355700e+00   9.5822288e+04   2.8869361e+01   0.0000000e+00   1.3854159e+00   4.6825906e+03
   2.1359800e+00   8.5886550e+04   1.4050222e+02   0.0000000e+00   1.4244169e+00   4.6816918e+03
   2.1364000e+00   8.2901407e+04   1.3158950e+02   0.0000000e+00   1.4251357e+00   4.6807714e+03
   2.1368100e+00   7.9632236e+04   1.3883360e+02   0.0000000e+00   1.4211634e+00   4.6798733e+03
   2.1372200e+00   7.8562314e+04   1.5771752e+02   0.0000000e+00   1.4211257e+00   4.6789755e+03
   2.1376400e+00   7.9819822e+04   1.7799407e+02   0.0000000e+00   1.4289058e+00   4.6780562e+03
   2.1380500e+00   7.9849006e+04   1.8500034e+02   0.0000000e+00   1.4397310e+00   4.6771591e+03
   2.1384700e+00   6.2887114e+04   7.7727433e+01   0.0000000e+00   1.4422737e+00   4.6762405e+03
   2.1388800e+00   5.9443407e+04   7.4273126e+01   0.0000000e+00   1.4434353e+00   4.6753441e+03
   2.1393000e+00   5.4525406e+04   6.4333389e+01   0.0000000e+00   1.4322962e+00   4.6744262e+03
   2.1397100e+00   5.3799466e+04   7.3218601e+01   0.0000000e+00   1.4158684e+00   4.6735305e+03
   2.1401300e+00   5.0761199e+04   6.6287741e+01   0.0000000e+00   1.3992892e+00   4.6726133e+03
   2.1405400e+00   4.9600848e+04   7.4941602e+01   0.0000000e+00   1.3938265e+00   4.6717184e+03
   2.1409600e+00   5.3775803e+04   1.6100958e+02   0.0000000e+00   1.4075510e+00   4.6708019e+03
   2.1413700e+00   4.1215955e+04   5.8542572e+01   0.0000000e+00   1.4426197e+00   4.6699076e+03
   2.1417900e+00   3.7584254e+04   4.7653077e+01   0.0000000e+00   1.4563483e+00   4.6689918e+03
   2.1422100e+00   3.5923242e+04   3.9109670e+01   0.0000000e+00   1.4691155e+00   4.6680764e+03
   2.1426200e+00   3.4503841e+04   3.7029388e+01   0.0000000e+00   1.4848804e+00   4.6671832e+03
   2.1430400e+00   3.2954876e+04   2.7976277e+01   0.0000000e+00   1.4827975e+00   4.6662685e+03
   2.1434500e+00   3.1043266e+04   1.0697260e+01   0.0000000e+00   1.4712064e+00   4.6653759e+03
   2.1438700e+00   3.0855249e+04   1.0703314e+01   0.0000000e+00   1.4622934e+00   4.6644619e+03
   2.1442900e+00   3.1063489e+04   1.0901661e+01   0.0000000e+00   1.4631463e+00   4.6635483e+03
   2.1447000e+00   3.0892620e+04   1.0698707e+01   0.0000000e+00   1.4737629e+00   4.6626568e+03
   2.1451200e+00   3.0613233e+04   1.0506329e+01   0.0000000e+00   1.4908916e+00   4.6617439e+03
   2.1455400e+00   3.0643018e+04   1.0544058e+01   0.0000000e+00   1.4945934e+00   4.6608313e+03
   2.1459500e+00   3.0473793e+04   1.0623841e+01   0.0000000e+00   1.4969642e+00   4.6599408e+03
   2.1463700e+00   3.0853552e+04   1.0958998e+01   0.0000000e+00   1.4892910e+00   4.6590290e+03
   2.1467900e+00   3.0866446e+04   1.0679930e+01   0.0000000e+00   1.4686031e+00   4.6581175e+03
   2.1472000e+00   3.1231972e+04   1.0778086e+01   0.0000000e+00   1.4585153e+00   4.6572280e+03
   2.1476200e+00   3.1465679e+04   1.1015000e+01   0.0000000e+00   1.4544382e+00   4.6563172e+03
   2.1480400e+00   3.0847082e+04   1.0803939e+01   0.0000000e+00   1.4677979e+00   4.6554068e+03
   2.1484600e+00   3.1186646e+04   1.0829368e+01   0.0000000e+00   1.4784656e+00   4.6544967e+03
   2.1488700e+00   3.1075375e+04   1.0656733e+01   0.0000000e+00   1.4892644e+00   4.6536086e+03
   2.1492900e+00   3.1101820e+04   1.0670674e+01   0.0000000e+00   1.4958141e+00   4.6526993e+03
   2.1497100e+00   3.1992859e+04   1.0993466e+01   0.0000000e+00   1.4891295e+00   4.6517902e+03
   2.1501300e+00   3.7456899e+04   1.3175784e+01   0.0000000e+00   1.4742869e+00   4.6508816e+03
   2.1505500e+00   4.6217481e+04   1.5897829e+01   0.0000000e+00   1.4578597e+00   4.6499733e+03
   2.1509600e+00   4.7685795e+04   1.6374031e+01   0.0000000e+00   1.4515093e+00   4.6490869e+03
   2.1513800e+00   4.0922393e+04   1.4384242e+01   0.0000000e+00   1.4562556e+00   4.6481793e+03
   2.1518000e+00   3.3223096e+04   1.1554751e+01   0.0000000e+00   1.4671607e+00   4.6472721e+03
   2.1522200e+00   3.1983478e+04   1.1006457e+01   0.0000000e+00   1.4801702e+00   4.6463651e+03
   2.1526400e+00   3.1823020e+04   1.0911705e+01   0.0000000e+00   1.4864657e+00   4.6454586e+03
   2.1530600e+00   3.2948764e+04   1.1566871e+01   0.0000000e+00   1.4808325e+00   4.6445524e+03
   2.1534700e+00   3.6358356e+04   1.2591271e+01   0.0000000e+00   1.4725638e+00   4.6436681e+03
   2.1538900e+00   3.7680971e+04   1.2898643e+01   0.0000000e+00   1.4555772e+00   4.6427626e+03
   2.1543100e+00   3.6876604e+04   1.2624413e+01   0.0000000e+00   1.4433384e+00   4.6418575e+03
   2.1547300e+00   3.3052039e+04   1.1527984e+01   0.0000000e+00   1.4431189e+00   4.6409527e+03
   2.1551500e+00   3.2259986e+04   1.1173356e+01   0.0000000e+00   1.4513106e+00   4.6400483e+03
   2.1555700e+00   3.1305634e+04   1.0832977e+01   0.0000000e+00   1.4677321e+00   4.6391442e+03
   2.1559900e+00   3.1035328e+04   1.0690972e+01   0.0000000e+00   1.4778935e+00   4.6382404e+03
   2.1564100e+00   3.1181032e+04   1.0740656e+01   0.0000000e+00   1.4794918e+00   4.6373371e+03
   2.1568300e+00   3.1123661e+04   1.0767828e+01   0.0000000e+00   1.4692871e+00   4.6364340e+03
   2.1572500e+00   3.1777133e+04   1.0957356e+01   0.0000000e+00   1.4537141e+00   4.6355313e+03
   2.1576700e+00   3.2903597e+04   1.1380969e+01   0.0000000e+00   1.4377766e+00   4.6346290e+03
   2.1580900e+00   3.3871013e+04   1.1655018e+01   0.0000000e+00   1.4312644e+00   4.6337270e+03
   2.1585100e+00   3.3488961e+04   1.1560668e+01   0.0000000e+00   1.4387948e+00   4.6328254e+03
   2.1589300e+00   3.2002646e+04   1.1169535e+01   0.0000000e+00   1.4490226e+00   4.6319241e+03
   2.1593500e+00   3.1628147e+04   1.0949652e+01   0.0000000e+00   1.4654502e+00   4.6310232e+03
   2.1597700e+00   3.1500146e+04   1.0932412e+01   0.0000000e+00   1.4676111e+00   4.6301227e+03
   2.1601900e+00   3.1731937e+04   1.0909888e+01   0.0000000e+00   1.4593162e+00   4.6292224e+03
   2.1606100e+00   3.1694556e+04   1.0945218e+01   0.0000000e+00   1.4491108e+00   4.6283226e+03
   2.1610300e+00   3.2078120e+04   1.1056572e+01   0.0000000e+00   1.4361583e+00   4.6274230e+03
   2.1614500e+00   3.2047406e+04   1.1002894e+01   0.0000000e+00   1.4252383e+00   4.6265239e+03
   2.1618800e+00   3.2159977e+04   1.1136948e+01   0.0000000e+00   1.4291768e+00   4.6256036e+03
   2.1623000e+00   3.2212188e+04   1.1109494e+01   0.0000000e+00   1.4395404e+00   4.6247052e+03
   2.1627200e+00   3.1666929e+04   1.0878876e+01   0.0000000e+00   1.4565352e+00   4.6238071e+03
   2.1631400e+00   3.2026174e+04   1.0966366e+01   0.0000000e+00   1.4645883e+00   4.6229093e+03
   2.1635600e+00   3.2456124e+04   1.1140179e+01   0.0000000e+00   1.4636243e+00   4.6220119e+03
   2.1639800e+00   3.2891193e+04   1.1289578e+01   0.0000000e+00   1.4566185e+00   4.6211148e+03
   2.1644000e+00   3.2890264e+04   1.1425141e+01   0.0000000e+00   1.4388011e+00   4.6202181e+03
   2.1648300e+00   3.2760154e+04   1.1290651e+01   0.0000000e+00   1.4277717e+00   4.6193004e+03
   2.1652500e+00   3.2687706e+04   1.1347770e+01   0.0000000e+00   1.4251888e+00   4.6184043e+03
   2.1656700e+00   3.2646353e+04   1.1215979e+01   0.0000000e+00   1.4338554e+00   4.6175087e+03
   2.1660900e+00   3.2341123e+04   1.1283169e+01   0.0000000e+00   1.4469949e+00   4.6166133e+03
   2.1665100e+00   3.2541019e+04   1.1251112e+01   0.0000000e+00   1.4596085e+00   4.6157184e+03
   2.1669400e+00   3.2470847e+04   1.1074457e+01   0.0000000e+00   1.4670212e+00   4.6148024e+03
   2.1673600e+00   3.2642189e+04   1.1279883e+01   0.0000000e+00   1.4584962e+00   4.6139082e+03
   2.1677800e+00   3.2436951e+04   1.1303985e+01   0.0000000e+00   1.4440149e+00   4.6130142e+03
   2.1682000e+00   3.2585043e+04   1.1345125e+01   0.0000000e+00   1.4313201e+00   4.6121207e+03
   2.1686300e+00   3.2630744e+04   1.1498761e+01   0.0000000e+00   1.4226400e+00   4.6112062e+03
   2.1690500e+00   3.2391264e+04   1.1310937e+01   0.0000000e+00   1.4279140e+00   4.6103133e+03
   2.1694700e+00   3.2015120e+04   1.1204248e+01   0.0000000e+00   1.4441255e+00   4.6094207e+03
   2.1699000e+00   3.2210096e+04   1.1146479e+01   0.0000000e+00   1.4604257e+00   4.6085073e+03
   2.1703200e+00   3.2658933e+04   1.1257225e+01   0.0000000e+00   1.4684472e+00   4.6076155e+03
   2.1707400e+00   3.4591720e+04   1.1919967e+01   0.0000000e+00   1.4634280e+00   4.6067240e+03
   2.1711700e+00   3.6120739e+04   1.2339196e+01   0.0000000e+00   1.4507159e+00   4.6058116e+03
   2.1715900e+00   3.5865943e+04   1.2316510e+01   0.0000000e+00   1.4382910e+00   4.6049208e+03
   2.1720100e+00   3.3506617e+04   1.1584768e+01   0.0000000e+00   1.4269274e+00   4.6040304e+03
   2.1724400e+00   3.2717367e+04   1.1351256e+01   0.0000000e+00   1.4266269e+00   4.6031191e+03
   2.1728600e+00   3.2393123e+04   1.1158456e+01   0.0000000e+00   1.4356476e+00   4.6022293e+03
   2.1732900e+00   3.2105745e+04   1.1566892e+01   0.0000000e+00   1.4541068e+00   4.6013187e+03
   2.1737100e+00   3.1722834e+04   1.0891801e+01   0.0000000e+00   1.4638743e+00   4.6004297e+03
   2.1741300e+00   3.1838660e+04   1.0923726e+01   0.0000000e+00   1.4672785e+00   4.5995410e+03
   2.1745600e+00   3.2010431e+04   1.1155921e+01   0.0000000e+00   1.4538495e+00   4.5986314e+03
   2.1749800e+00   3.2403527e+04   1.2187186e+01   0.0000000e+00   1.4370544e+00   4.5977434e+03
   2.1754100e+00   3.3157388e+04   1.3167492e+01   0.0000000e+00   1.4236525e+00   4.5968346e+03
   2.1758300e+00   3.3586765e+04   1.4529023e+01   0.0000000e+00   1.4147367e+00   4.5959473e+03
   2.1762600e+00   3.3336619e+04   1.3650258e+01   0.0000000e+00   1.4265280e+00   4.5950392e+03
   2.1766800e+00   3.3286877e+04   1.2262042e+01   0.0000000e+00   1.4382608e+00   4.5941526e+03
   2.1771100e+00   3.2437430e+04   1.1852941e+01   0.0000000e+00   1.4498993e+00   4.5932452e+03
   2.1775300e+00   3.2030583e+04   1.1599726e+01   0.0000000e+00   1.4628924e+00   4.5923592e+03
   2.1779600e+00   3.2672222e+04   1.2055124e+01   0.0000000e+00   1.4515738e+00   4.5914526e+03
   2.1783800e+00   3.2717099e+04   1.1596249e+01   0.0000000e+00   1.4396237e+00   4.5905673e+03
   2.1788100e+00   3.3267772e+04   1.1670461e+01   0.0000000e+00   1.4266393e+00   4.5896613e+03
   2.1792300e+00   3.4142443e+04   1.1767462e+01   0.0000000e+00   1.4156821e+00   4.5887768e+03
   2.1796600e+00   3.8258645e+04   1.3502638e+01   0.0000000e+00   1.4135359e+00   4.5878715e+03
   2.1800800e+00   4.4051311e+04   1.5040431e+01   0.0000000e+00   1.4256767e+00   4.5869876e+03
   2.1805100e+00   4.3469629e+04   1.4912979e+01   0.0000000e+00   1.4383609e+00   4.5860831e+03
   2.1809400e+00   3.8173835e+04   1.3250142e+01   0.0000000e+00   1.4521340e+00   4.5851789e+03
   2.1813600e+00   3.3531322e+04   1.1516874e+01   0.0000000e+00   1.4516236e+00   4.5842960e+03
   2.1817900e+00   3.2627192e+04   1.1194626e+01   0.0000000e+00   1.4413723e+00   4.5833925e+03
   2.1822100e+00   3.3101772e+04   1.1476378e+01   0.0000000e+00   1.4256835e+00   4.5825104e+03
   2.1826400e+00   3.3381105e+04   1.1565903e+01   0.0000000e+00   1.4108585e+00   4.5816076e+03
   2.1830700e+00   3.3297576e+04   1.1444084e+01   0.0000000e+00   1.4039289e+00   4.5807052e+03
   2.1834900e+00   3.3343347e+04   1.1637587e+01   0.0000000e+00   1.4130734e+00   4.5798240e+03
   2.1839200e+00   3.2975043e+04   1.1312839e+01   0.0000000e+00   1.4270629e+00   4.5789223e+03
   2.1843500e+00   3.3219756e+04   1.1385061e+01   0.0000000e+00   1.4415419e+00   4.5780209e+03
   2.1847700e+00   3.2681169e+04   1.1262959e+01   0.0000000e+00   1.4418230e+00   4.5771408e+03
   2.1852000e+00   3.2974428e+04   1.1314218e+01   0.0000000e+00   1.4375341e+00   4.5762402e+03
   2.1856300e+00   3.3188832e+04   1.1549650e+01   0.0000000e+00   1.4217956e+00   4.5753398e+03
   2.1860600e+00   3.3321384e+04   1.1483015e+01   0.0000000e+00   1.4056082e+00   4.5744399e+03
   2.1864800e+00   3.3740778e+04   1.1873019e+01   0.0000000e+00   1.3930337e+00   4.5735612e+03
   2.1869100e+00   3.5795549e+04   1.2633912e+01   0.0000000e+00   1.3962292e+00   4.5726619e+03
   2.1873400e+00   3.7950777e+04   1.3001072e+01   0.0000000e+00   1.4059004e+00   4.5717630e+03
   2.1877600e+00   3.7347569e+04   1.2786558e+01   0.0000000e+00   1.4225065e+00   4.5708853e+03
   2.1881900e+00   3.4220241e+04   1.1896061e+01   0.0000000e+00   1.4233302e+00   4.5699871e+03
   2.1886200e+00   3.3247515e+04   1.1478504e+01   0.0000000e+00   1.4226906e+00   4.5690892e+03
   2.1890500e+00   3.3428371e+04   1.1723500e+01   0.0000000e+00   1.4042052e+00   4.5681917e+03
   2.1894800e+00   3.3425610e+04   1.1644190e+01   0.0000000e+00   1.3938075e+00   4.5672945e+03
   2.1899000e+00   3.3989587e+04   1.1738988e+01   0.0000000e+00   1.3808289e+00   4.5664186e+03
   2.1903300e+00   3.3511816e+04   1.1558206e+01   0.0000000e+00   1.3761374e+00   4.5655221e+03
   2.1907600e+00   3.3265373e+04   1.1546706e+01   0.0000000e+00   1.3806030e+00   4.5646260e+03
   2.1911900e+00   3.3155650e+04   1.1450296e+01   0.0000000e+00   1.3912311e+00   4.5637302e+03
   2.1916200e+00   3.3235389e+04   1.1384667e+01   0.0000000e+00   1.3972865e+00   4.5628348e+03
   2.1920500e+00   3.2996666e+04   1.1356099e+01   0.0000000e+00   1.3969711e+00   4.5619397e+03
   2.1924800e+00   3.3339779e+04   1.1486079e+01   0.0000000e+00   1.3861137e+00   4.5610450e+03
   2.1929000e+00   3.3352242e+04   1.1580942e+01   0.0000000e+00   1.3712582e+00   4.5601715e+03
   2.1933300e+00   3.3973959e+04   1.1807095e+01   0.0000000e+00   1.3581380e+00   4.5592774e+03
   2.1937600e+00   3.4231500e+04   1.1775489e+01   0.0000000e+00   1.3509452e+00   4.5583838e+03
   2.1941900e+00   3.4124037e+04   1.1859908e+01   0.0000000e+00   1.3508822e+00   4.5574905e+03
   2.1946200e+00   3.5252008e+04   1.2313604e+01   0.0000000e+00   1.3544337e+00   4.5565975e+03
   2.1950500e+00   4.0912279e+04   1.4393372e+01   0.0000000e+00   1.3628308e+00   4.5557049e+03
   2.1954800e+00   4.7840654e+04   1.6508136e+01   0.0000000e+00   1.3655654e+00   4.5548126e+03
   2.1959100e+00   4.6971980e+04   1.6110579e+01   0.0000000e+00   1.3614783e+00   4.5539207e+03
   2.1963400e+00   3.9866931e+04   1.3809131e+01   0.0000000e+00   1.3518220e+00   4.5530291e+03
   2.1967700e+00   3.5819588e+04   1.2397407e+01   0.0000000e+00   1.3361915e+00   4.5521379e+03
   2.1972000e+00   3.4779027e+04   1.2048388e+01   0.0000000e+00   1.3247355e+00   4.5512470e+03
   2.1976300e+00   3.4690548e+04   1.2050273e+01   0.0000000e+00   1.3182332e+00   4.5503565e+03
   2.1980600e+00   3.4823698e+04   1.2065263e+01   0.0000000e+00   1.3199748e+00   4.5494663e+03
   2.1984900e+00   3.4571214e+04   1.2054117e+01   0.0000000e+00   1.3288676e+00   4.5485765e+03
   2.1989200e+00   3.4868682e+04   1.2091603e+01   0.0000000e+00   1.3353511e+00   4.5476870e+03
   2.1993500e+00   3.4959747e+04   1.1968433e+01   0.0000000e+00   1.3365393e+00   4.5467979e+03
   2.1997800e+00   3.5336016e+04   1.2240593e+01   0.0000000e+00   1.3310322e+00   4.5459091e+03
   2.2002100e+00   3.5278083e+04   1.2213520e+01   0.0000000e+00   1.3130667e+00   4.5450207e+03
   2.2006400e+00   3.5545789e+04   1.2201701e+01   0.0000000e+00   1.2965921e+00   4.5441326e+03
   2.2010700e+00   3.5753717e+04   1.2482125e+01   0.0000000e+00   1.2927257e+00   4.5432449e+03
   2.2015000e+00   3.5244151e+04   1.2380404e+01   0.0000000e+00   1.2934732e+00   4.5423575e+03
   2.2019300e+00   3.5204660e+04   1.2199257e+01   0.0000000e+00   1.2995429e+00   4.5414704e+03
   2.2023600e+00   3.5207631e+04   1.2220850e+01   0.0000000e+00   1.3030611e+00   4.5405837e+03
   2.2027900e+00   3.6494678e+04   1.8473991e+01   0.0000000e+00   1.3079073e+00   4.5396974e+03
   2.2032300e+00   3.5918395e+04   1.2543503e+01   0.0000000e+00   1.3039941e+00   4.5387908e+03
   2.2036600e+00   3.5766874e+04   1.2389708e+01   0.0000000e+00   1.2955653e+00   4.5379051e+03
   2.2040900e+00   3.6599347e+04   1.2695452e+01   0.0000000e+00   1.2792988e+00   4.5370198e+03
   2.2045200e+00   3.7668202e+04   1.3119942e+01   0.0000000e+00   1.2667474e+00   4.5361349e+03
   2.2049500e+00   4.0334640e+04   1.4026590e+01   0.0000000e+00   1.2659295e+00   4.5352502e+03
   2.2053800e+00   4.0552260e+04   1.4032370e+01   0.0000000e+00   1.2693015e+00   4.5343660e+03
   2.2058100e+00   3.9305976e+04   1.3547659e+01   0.0000000e+00   1.2768188e+00   4.5334820e+03
   2.2062500e+00   3.6846053e+04   1.2687454e+01   0.0000000e+00   1.2823795e+00   4.5325779e+03
   2.2066800e+00   3.5982104e+04   1.2438718e+01   0.0000000e+00   1.2839265e+00   4.5316947e+03
   2.2071100e+00   3.6113744e+04   1.2459665e+01   0.0000000e+00   1.2759874e+00   4.5308118e+03
   2.2075400e+00   3.6354593e+04   1.2592026e+01   0.0000000e+00   1.2649351e+00   4.5299292e+03
   2.2079800e+00   3.6664492e+04   1.2853322e+01   0.0000000e+00   1.2522257e+00   4.5290265e+03
   2.2084100e+00   3.6557201e+04   1.2678515e+01   0.0000000e+00   1.2468176e+00   4.5281447e+03
   2.2088400e+00   3.6820537e+04   1.2783414e+01   0.0000000e+00   1.2447856e+00   4.5272632e+03
   2.2092700e+00   3.6544396e+04   1.2615163e+01   0.0000000e+00   1.2496709e+00   4.5263820e+03
   2.2097100e+00   3.5828849e+04   1.2276546e+01   0.0000000e+00   1.2580613e+00   4.5254807e+03
   2.2101400e+00   3.6720086e+04   1.6400757e+01   0.0000000e+00   1.2657852e+00   4.5246003e+03
   2.2105700e+00   3.7226998e+04   1.2750426e+01   0.0000000e+00   1.2607063e+00   4.5237201e+03
   2.2110000e+00   3.7004543e+04   1.2737290e+01   0.0000000e+00   1.2499298e+00   4.5228403e+03
   2.2114400e+00   3.7285105e+04   1.2918048e+01   0.0000000e+00   1.2374053e+00   4.5219405e+03
   2.2118700e+00   4.0347817e+04   1.4444208e+01   0.0000000e+00   1.2278729e+00   4.5210614e+03
   2.2123000e+00   4.8025681e+04   2.6881289e+01   0.0000000e+00   1.2239880e+00   4.5201826e+03
   2.2127400e+00   4.8531612e+04   1.6647880e+01   0.0000000e+00   1.2319240e+00   4.5192838e+03
   2.2131700e+00   4.3811800e+04   1.5136286e+01   0.0000000e+00   1.2392822e+00   4.5184057e+03
   2.2136000e+00   3.8124546e+04   1.3146032e+01   0.0000000e+00   1.2467677e+00   4.5175280e+03
   2.2140400e+00   3.7378170e+04   1.2842353e+01   0.0000000e+00   1.2463364e+00   4.5166302e+03
   2.2144700e+00   3.6990643e+04   1.2675938e+01   0.0000000e+00   1.2414953e+00   4.5157532e+03
   2.2149000e+00   3.7149246e+04   1.2821455e+01   0.0000000e+00   1.2327306e+00   4.5148765e+03
   2.2153400e+00   3.7583015e+04   1.3036780e+01   0.0000000e+00   1.2201532e+00   4.5139798e+03
   2.2157700e+00   3.7241214e+04   1.3091089e+01   0.0000000e+00   1.2108935e+00   4.5131038e+03
   2.2162100e+00   3.7305104e+04   1.2894597e+01   0.0000000e+00   1.2155170e+00   4.5122078e+03
   2.2166400e+00   3.6722212e+04   1.2703528e+01   0.0000000e+00   1.2200205e+00   4.5113325e+03
   2.2170800e+00   3.6533854e+04   1.2662587e+01   0.0000000e+00   1.2312641e+00   4.5104372e+03
   2.2175100e+00   3.6276258e+04   1.2458379e+01   0.0000000e+00   1.2344734e+00   4.5095625e+03
   2.2179400e+00   3.6520140e+04   1.2639256e+01   0.0000000e+00   1.2348567e+00   4.5086882e+03
   2.2183800e+00   3.7396964e+04   1.2876454e+01   0.0000000e+00   1.2262014e+00   4.5077940e+03
   2.2188100e+00   3.7450450e+04   1.2902999e+01   0.0000000e+00   1.2164701e+00   4.5069204e+03
   2.2192500e+00   3.7706503e+04   1.3008045e+01   0.0000000e+00   1.2065174e+00   4.5060268e+03
   2.2196800e+00   3.7380928e+04   1.2899894e+01   0.0000000e+00   1.2037422e+00   4.5051539e+03
   2.2201200e+00   3.7125050e+04   1.2957940e+01   0.0000000e+00   1.2060427e+00   4.5042610e+03
   2.2205500e+00   3.7383865e+04   1.2982414e+01   0.0000000e+00   1.2146215e+00   4.5033888e+03
   2.2209900e+00   3.6917447e+04   1.2861422e+01   0.0000000e+00   1.2188146e+00   4.5024966e+03
   2.2214200e+00   3.6680152e+04   1.2632021e+01   0.0000000e+00   1.2245088e+00   4.5016251e+03
   2.2218600e+00   3.7190823e+04   1.2798423e+01   0.0000000e+00   1.2195202e+00   4.5007336e+03
   2.2222900e+00   3.7546873e+04   1.3100688e+01   0.0000000e+00   1.2071468e+00   4.4998628e+03
   2.2227300e+00   3.7686698e+04   1.3131704e+01   0.0000000e+00   1.1906089e+00   4.4989720e+03
   2.2231700e+00   3.7815692e+04   1.3255672e+01   0.0000000e+00   1.1901792e+00   4.4980816e+03
   2.2236000e+00   3.7398363e+04   1.3202973e+01   0.0000000e+00   1.1882693e+00   4.4972117e+03
   2.2240400e+00   3.8535822e+04   1.3416461e+01   0.0000000e+00   1.1917589e+00   4.4963220e+03
   2.2244700e+00   3.9745651e+04   1.3795730e+01   0.0000000e+00   1.2004191e+00   4.4954528e+03
   2.2249100e+00   4.0114310e+04   1.3822006e+01   0.0000000e+00   1.2066455e+00   4.4945638e+03
   2.2253400e+00   3.9735196e+04   1.3664855e+01   0.0000000e+00   1.2069775e+00   4.4936953e+03
   2.2257800e+00   3.7415739e+04   1.2981254e+01   0.0000000e+00   1.1978072e+00   4.4928070e+03
   2.2262200e+00   3.8154511e+04   1.3144292e+01   0.0000000e+00   1.1881189e+00   4.4919190e+03
   2.2266500e+00   3.8402785e+04   1.3421333e+01   0.0000000e+00   1.1782975e+00   4.4910516e+03
   2.2270900e+00   3.8340522e+04   1.3622017e+01   0.0000000e+00   1.1733280e+00   4.4901643e+03
   2.2275300e+00   3.8862664e+04   1.3454870e+01   0.0000000e+00   1.1753334e+00   4.4892774e+03
   2.2279600e+00   3.8237203e+04   1.4199119e+01   0.0000000e+00   1.1802228e+00   4.4884109e+03
   2.2284000e+00   3.8121426e+04   1.3492567e+01   0.0000000e+00   1.1902579e+00   4.4875247e+03
   2.2288400e+00   3.8373609e+04   1.3380988e+01   0.0000000e+00   1.1964463e+00   4.4866388e+03
   2.2292700e+00   3.8373925e+04   1.3347162e+01   0.0000000e+00   1.1925045e+00   4.4857734e+03
   2.2297100e+00   3.9089980e+04   1.3359432e+01   0.0000000e+00   1.1825550e+00   4.4848882e+03
   2.2301500e+00   3.9358320e+04   1.3618384e+01   0.0000000e+00   1.1676641e+00   4.4840033e+03
   2.2305800e+00   4.1465046e+04   1.4297430e+01   0.0000000e+00   1.1602363e+00   4.4831389e+03
   2.2310200e+00   4.5809898e+04   1.5815669e+01   0.0000000e+00   1.1599358e+00   4.4822548e+03
   2.2314600e+00   4.6075407e+04   1.5815619e+01   0.0000000e+00   1.1630552e+00   4.4813709e+03
   2.2319000e+00   4.3480561e+04   1.4963599e+01   0.0000000e+00   1.1718484e+00   4.4804875e+03
   2.2323300e+00   4.0112418e+04   1.3813719e+01   0.0000000e+00   1.1812823e+00   4.4796244e+03
   2.2327700e+00   3.9027297e+04   1.3496113e+01   0.0000000e+00   1.1801295e+00   4.4787417e+03
   2.2332100e+00   3.9346230e+04   1.3579336e+01   0.0000000e+00   1.1768379e+00   4.4778592e+03
   2.2336500e+00   3.9765054e+04   1.3840364e+01   0.0000000e+00   1.1628326e+00   4.4769771e+03
   2.2340900e+00   4.0326749e+04   1.3819070e+01   0.0000000e+00   1.1566618e+00   4.4760954e+03
   2.2345200e+00   4.0716142e+04   1.4015857e+01   0.0000000e+00   1.1562370e+00   4.4752341e+03
   2.2349600e+00   4.0317883e+04   1.3976286e+01   0.0000000e+00   1.1551870e+00   4.4743530e+03
   2.2354000e+00   3.9591697e+04   1.3614857e+01   0.0000000e+00   1.1604828e+00   4.4734723e+03
   2.2358400e+00   3.9815309e+04   1.3706137e+01   0.0000000e+00   1.1666429e+00   4.4725920e+03
   2.2362800e+00   3.9241879e+04   1.3592428e+01   0.0000000e+00   1.1725289e+00   4.4717120e+03
   2.2367200e+00   3.9627217e+04   1.3858480e+01   0.0000000e+00   1.1716762e+00   4.4708323e+03
   2.2371500e+00   3.9739072e+04   1.3793616e+01   0.0000000e+00   1.1607966e+00   4.4699730e+03
   2.2375900e+00   3.9889668e+04   1.3684738e+01   0.0000000e+00   1.1505399e+00   4.4690940e+03
   2.2380300e+00   4.0207830e+04   1.4028672e+01   0.0000000e+00   1.1426114e+00   4.4682154e+03
   2.2384700e+00   3.9498846e+04   1.3913682e+01   0.0000000e+00   1.1414516e+00   4.4673371e+03
   2.2389100e+00   4.0159388e+04   1.4204212e+01   0.0000000e+00   1.1470389e+00   4.4664591e+03
   2.2393500e+00   4.0229295e+04   1.3876195e+01   0.0000000e+00   1.1538258e+00   4.4655815e+03
   2.2397900e+00   3.9523092e+04   1.3719036e+01   0.0000000e+00   1.1617390e+00   4.4647043e+03
   2.2402300e+00   3.9743234e+04   1.3845576e+01   0.0000000e+00   1.1638875e+00   4.4638274e+03
   2.2406700e+00   3.9647051e+04   1.3582742e+01   0.0000000e+00   1.1606600e+00   4.4629508e+03
   2.2411000e+00   4.1180906e+04   3.8063343e+01   0.0000000e+00   1.1489167e+00   4.4620945e+03
   2.2415400e+00   4.1914053e+04   5.0375790e+01   0.0000000e+00   1.1379168e+00   4.4612186e+03
   2.2419800e+00   4.0691151e+04   1.4125178e+01   0.0000000e+00   1.1324063e+00   4.4603431e+03
   2.2424200e+00   4.1126653e+04   1.4410130e+01   0.0000000e+00   1.1322371e+00   4.4594679e+03
   2.2428600e+00   4.0416516e+04   1.3983909e+01   0.0000000e+00   1.1420891e+00   4.4585930e+03
   2.2433000e+00   4.0890734e+04   1.4143314e+01   0.0000000e+00   1.1457591e+00   4.4577185e+03
   2.2437400e+00   4.0674677e+04   1.4138395e+01   0.0000000e+00   1.1485585e+00   4.4568444e+03
   2.2441800e+00   4.0472208e+04   1.4074927e+01   0.0000000e+00   1.1483443e+00   4.4559706e+03
   2.2446200e+00   4.0628359e+04   1.3920938e+01   0.0000000e+00   1.1422924e+00   4.4550971e+03
   2.2450600e+00   4.0949862e+04   1.4248418e+01   0.0000000e+00   1.1339009e+00   4.4542239e+03
   2.2455000e+00   4.2340482e+04   1.4577864e+01   0.0000000e+00   1.1233317e+00   4.4533511e+03
   2.2459400e+00   4.2923876e+04   1.4799965e+01   0.0000000e+00   1.1208036e+00   4.4524787e+03
   2.2463800e+00   4.2641751e+04   1.4685543e+01   0.0000000e+00   1.1220181e+00   4.4516066e+03
   2.2468200e+00   4.1907676e+04   1.4394693e+01   0.0000000e+00   1.1288847e+00   4.4507348e+03
   2.2472600e+00   4.1349503e+04   1.4244257e+01   0.0000000e+00   1.1356115e+00   4.4498634e+03
   2.2477000e+00   4.1361777e+04   1.4320949e+01   0.0000000e+00   1.1394041e+00   4.4489923e+03
   2.2481500e+00   4.1669204e+04   1.4315791e+01   0.0000000e+00   1.1353180e+00   4.4481018e+03
   2.2485900e+00   4.2454255e+04   1.7447492e+01   0.0000000e+00   1.1211632e+00   4.4472314e+03
   2.2490300e+00   4.1978531e+04   1.5302671e+01   0.0000000e+00   1.1094697e+00   4.4463613e+03
   2.2494700e+00   4.3841558e+04   2.6630637e+01   0.0000000e+00   1.1050566e+00   4.4454916e+03
   2.2499100e+00   4.2805210e+04   1.4787504e+01   0.0000000e+00   1.1084639e+00   4.4446222e+03
   2.2503500e+00   4.3116411e+04   1.4804258e+01   0.0000000e+00   1.1108783e+00   4.4437532e+03
   2.2507900e+00   4.3465689e+04   1.4983180e+01   0.0000000e+00   1.1161114e+00   4.4428845e+03
   2.2512300e+00   4.5151972e+04   1.5447283e+01   0.0000000e+00   1.1237801e+00   4.4420161e+03
   2.2516700e+00   4.6140766e+04   1.5832081e+01   0.0000000e+00   1.1237148e+00   4.4411481e+03
   2.2521200e+00   4.6319445e+04   1.6254092e+01   0.0000000e+00   1.1134287e+00   4.4402607e+03
   2.2525600e+00   4.5594938e+04   1.7020601e+01   0.0000000e+00   1.1051586e+00   4.4393934e+03
   2.2530000e+00   4.4676518e+04   1.6531964e+01   0.0000000e+00   1.0944026e+00   4.4385264e+03
   2.2534400e+00   4.4616521e+04   1.5558590e+01   0.0000000e+00   1.0882502e+00   4.4376598e+03
   2.2538800e+00   4.4973098e+04   1.5448292e+01   0.0000000e+00   1.0914768e+00   4.4367934e+03
   2.2543200e+00   4.4849042e+04   1.5257286e+01   0.0000000e+00   1.0986667e+00   4.4359275e+03
   2.2547700e+00   4.4340261e+04   1.5318424e+01   0.0000000e+00   1.1042879e+00   4.4350422e+03
   2.2552100e+00   4.4771278e+04   1.5478133e+01   0.0000000e+00   1.1074781e+00   4.4341769e+03
   2.2556500e+00   4.4171458e+04   1.5107706e+01   0.0000000e+00   1.1043692e+00   4.4333119e+03
   2.2560900e+00   4.4564098e+04   1.5483283e+01   0.0000000e+00   1.0976333e+00   4.4324473e+03
   2.2565400e+00   4.5307551e+04   1.5459513e+01   0.0000000e+00   1.0872380e+00   4.4315634e+03
   2.2569800e+00   4.5425173e+04   1.5576436e+01   0.0000000e+00   1.0795031e+00   4.4306994e+03
   2.2574200e+00   4.5571560e+04   1.5696750e+01   0.0000000e+00   1.0781986e+00   4.4298358e+03
   2.2578600e+00   4.5650817e+04   1.5767409e+01   0.0000000e+00   1.0788265e+00   4.4289726e+03
   2.2583100e+00   4.4910664e+04   1.5573727e+01   0.0000000e+00   1.0856372e+00   4.4280900e+03
   2.2587500e+00   4.4579893e+04   1.5408601e+01   0.0000000e+00   1.0914800e+00   4.4272274e+03
   2.2591900e+00   4.5175942e+04   1.5603734e+01   0.0000000e+00   1.0923304e+00   4.4263652e+03
   2.2596300e+00   4.5366171e+04   1.5597169e+01   0.0000000e+00   1.0875000e+00   4.4255033e+03
   2.2600800e+00   4.5498372e+04   1.5856060e+01   0.0000000e+00   1.0778500e+00   4.4246221e+03
   2.2605200e+00   4.5821171e+04   1.5742605e+01   0.0000000e+00   1.0699468e+00   4.4237609e+03
   2.2609600e+00   4.6795727e+04   1.6132720e+01   0.0000000e+00   1.0626881e+00   4.4229000e+03
   2.2614100e+00   4.7036878e+04   1.6657133e+01   0.0000000e+00   1.0603917e+00   4.4220199e+03
   2.2618500e+00   4.7648879e+04   3.3856778e+01   0.0000000e+00   1.0631388e+00   4.4211597e+03
   2.2622900e+00   4.6788445e+04   1.6073150e+01   0.0000000e+00   1.0728248e+00   4.4202998e+03
   2.2627400e+00   4.6480481e+04   1.6113772e+01   0.0000000e+00   1.0749752e+00   4.4194207e+03
   2.2631800e+00   4.8208289e+04   1.9961374e+01   0.0000000e+00   1.0683841e+00   4.4185615e+03
   2.2636200e+00   4.8167058e+04   1.8120468e+01   0.0000000e+00   1.0638752e+00   4.4177026e+03
   2.2640700e+00   4.8559417e+04   1.6797744e+01   0.0000000e+00   1.0544070e+00   4.4168246e+03
   2.2645100e+00   4.8850522e+04   1.6641116e+01   0.0000000e+00   1.0507136e+00   4.4159664e+03
   2.2649600e+00   4.8315376e+04   1.6680369e+01   0.0000000e+00   1.0467784e+00   4.4150890e+03
   2.2654000e+00   4.8487980e+04   1.6532949e+01   0.0000000e+00   1.0461772e+00   4.4142315e+03
   2.2658400e+00   4.8200130e+04   1.6537296e+01   0.0000000e+00   1.0526025e+00   4.4133743e+03
   2.2662900e+00   4.7820194e+04   1.6500051e+01   0.0000000e+00   1.0571753e+00   4.4124980e+03
   2.2667300e+00   4.7958531e+04   1.6427941e+01   0.0000000e+00   1.0589401e+00   4.4116414e+03
   2.2671800e+00   4.8398092e+04   1.6738322e+01   0.0000000e+00   1.0574480e+00   4.4107658e+03
   2.2676200e+00   4.9227756e+04   1.6825087e+01   0.0000000e+00   1.0496157e+00   4.4099099e+03
   2.2680700e+00   5.0156608e+04   1.7336959e+01   0.0000000e+00   1.0385162e+00   4.4090350e+03
   2.2685100e+00   5.1031863e+04   1.7531615e+01   0.0000000e+00   1.0313071e+00   4.4081798e+03
   2.2689600e+00   5.1110514e+04   1.7622890e+01   0.0000000e+00   1.0290860e+00   4.4073055e+03
   2.2694000e+00   5.1333885e+04   1.7511404e+01   0.0000000e+00   1.0341065e+00   4.4064510e+03
   2.2698400e+00   5.0246969e+04   1.7223601e+01   0.0000000e+00   1.0379621e+00   4.4055969e+03
   2.2702900e+00   5.0383740e+04   1.7334267e+01   0.0000000e+00   1.0434515e+00   4.4047236e+03
   2.2707300e+00   5.0794925e+04   1.7367902e+01   0.0000000e+00   1.0440694e+00   4.4038701e+03
   2.2711800e+00   5.0546982e+04   1.7359426e+01   0.0000000e+00   1.0407540e+00   4.4029976e+03
   2.2716300e+00   5.1467510e+04   1.7636337e+01   0.0000000e+00   1.0311864e+00   4.4021253e+03
   2.2720700e+00   5.1860294e+04   1.7888994e+01   0.0000000e+00   1.0230389e+00   4.4012728e+03
   2.2725200e+00   5.1704140e+04   1.7756639e+01   0.0000000e+00   1.0156182e+00   4.4004013e+03
   2.2729600e+00   5.2146885e+04   1.7781375e+01   0.0000000e+00   1.0160657e+00   4.3995495e+03
   2.2734100e+00   5.2261702e+04   1.7830072e+01   0.0000000e+00   1.0214704e+00   4.3986786e+03
   2.2738500e+00   5.2744990e+04   1.7985853e+01   0.0000000e+00   1.0260232e+00   4.3978275e+03
   2.2743000e+00   5.3631953e+04   1.8359759e+01   0.0000000e+00   1.0318671e+00   4.3969573e+03
   2.2747400e+00   5.2206456e+04   1.7941511e+01   0.0000000e+00   1.0293649e+00   4.3961068e+03
   2.2751900e+00   5.2962585e+04   1.8137466e+01   0.0000000e+00   1.0271004e+00   4.3952373e+03
   2.2756300e+00   5.3410553e+04   1.8447263e+01   0.0000000e+00   1.0183223e+00   4.3943875e+03
   2.2760800e+00   5.3828788e+04   1.8495953e+01   0.0000000e+00   1.0107334e+00   4.3935187e+03
   2.2765300e+00   5.3725230e+04   1.8453121e+01   0.0000000e+00   1.0079931e+00   4.3926502e+03
   2.2769700e+00   5.2766156e+04   1.8261108e+01   0.0000000e+00   1.0067001e+00   4.3918014e+03
   2.2774200e+00   5.3741734e+04   1.8518750e+01   0.0000000e+00   1.0133591e+00   4.3909336e+03
   2.2778700e+00   5.3848398e+04   1.8338732e+01   0.0000000e+00   1.0184849e+00   4.3900662e+03
   2.2783100e+00   5.3379773e+04   1.8483150e+01   0.0000000e+00   1.0209194e+00   4.3892183e+03
   2.2787600e+00   5.3745977e+04   1.8451765e+01   0.0000000e+00   1.0203788e+00   4.3883516e+03
   2.2792000e+00   5.4234149e+04   1.8702487e+01   0.0000000e+00   1.0153710e+00   4.3875044e+03
   2.2796500e+00   5.4782967e+04   1.8604811e+01   0.0000000e+00   1.0063623e+00   4.3866383e+03
   2.2801000e+00   5.5348027e+04   1.9005367e+01   0.0000000e+00   1.0002064e+00   4.3857726e+03
   2.2805400e+00   5.4674540e+04   1.8958396e+01   0.0000000e+00   9.9968985e-01   4.3849264e+03
   2.2809900e+00   5.4885655e+04   1.9130120e+01   0.0000000e+00   1.0036559e+00   4.3840613e+03
   2.2814400e+00   5.4547099e+04   1.8701166e+01   0.0000000e+00   1.0088396e+00   4.3831966e+03
   2.2818900e+00   5.4595693e+04   1.8548768e+01   0.0000000e+00   1.0147406e+00   4.3823322e+03
   2.2823300e+00   5.5572042e+04   1.8989130e+01   0.0000000e+00   1.0158282e+00   4.3814873e+03
   2.2827800e+00   5.6027794e+04   1.9087110e+01   0.0000000e+00   1.0110455e+00   4.3806236e+03
   2.2832300e+00   5.6609425e+04   1.9557903e+01   0.0000000e+00   1.0029962e+00   4.3797603e+03
   2.2836700e+00   5.6773047e+04   1.9503942e+01   0.0000000e+00   9.9601956e-01   4.3789164e+03
   2.2841200e+00   5.6951377e+04   1.9619719e+01   0.0000000e+00   9.9002858e-01   4.3780537e+03
   2.2845700e+00   5.7507681e+04   1.9815326e+01   0.0000000e+00   9.8959118e-01   4.3771913e+03
   2.2850200e+00   5.7837314e+04   2.0794455e+01   0.0000000e+00   9.9412936e-01   4.3763293e+03
   2.2854600e+00   5.7983871e+04   1.9684824e+01   0.0000000e+00   1.0022036e+00   4.3754868e+03
   2.2859100e+00   5.7998153e+04   1.9780834e+01   0.0000000e+00   1.0063267e+00   4.3746254e+03
   2.2863600e+00   5.7342823e+04   1.9441143e+01   0.0000000e+00   1.0040123e+00   4.3737644e+03
   2.2868100e+00   5.8143456e+04   1.9745317e+01   0.0000000e+00   9.9991792e-01   4.3729037e+03
   2.2872500e+00   5.8616368e+04   1.9872817e+01   0.0000000e+00   9.9133125e-01   4.3720625e+03
   2.2877000e+00   5.9630150e+04   2.0302227e+01   0.0000000e+00   9.8300606e-01   4.3712025e+03
   2.2881500e+00   6.0617124e+04   2.0796808e+01   0.0000000e+00   9.7871244e-01   4.3703429e+03
   2.2886000e+00   6.0547876e+04   2.0535427e+01   0.0000000e+00   9.8216610e-01   4.3694835e+03
   2.2890500e+00   6.0693835e+04   2.0636074e+01   0.0000000e+00   9.8455004e-01   4.3686245e+03
   2.2895000e+00   6.0434061e+04   2.0553809e+01   0.0000000e+00   9.9000222e-01   4.3677659e+03
   2.2899400e+00   6.0399104e+04   2.0826280e+01   0.0000000e+00   9.9125561e-01   4.3669266e+03
   2.2903900e+00   6.0999571e+04   2.0904012e+01   0.0000000e+00   9.9294413e-01   4.3660687e+03
   2.2908400e+00   6.1712625e+04   2.1049526e+01   0.0000000e+00   9.8557255e-01   4.3652110e+03
   2.2912900e+00   6.1664109e+04   2.1289529e+01   0.0000000e+00   9.7584034e-01   4.3643537e+03
   2.2917400e+00   6.2201469e+04   2.1315643e+01   0.0000000e+00   9.7057331e-01   4.3634967e+03
   2.2921900e+00   6.2189063e+04   2.1336976e+01   0.0000000e+00   9.6927883e-01   4.3626401e+03
   2.2926400e+00   6.2736790e+04   2.1425087e+01   0.0000000e+00   9.7005619e-01   4.3617838e+03
   2.2930800e+00   6.2523660e+04   2.1237516e+01   0.0000000e+00   9.7715935e-01   4.3609468e+03
   2.2935300e+00   6.1899919e+04   2.1133130e+01   0.0000000e+00   9.8087243e-01   4.3600912e+03
   2.2939800e+00   6.3063196e+04   2.1323930e+01   0.0000000e+00   9.8385342e-01   4.3592359e+03
   2.2944300e+00   6.2968700e+04   2.1511759e+01   0.0000000e+00   9.8123564e-01   4.3583809e+03
   2.2948800e+00   6.3771296e+04   2.1872495e+01   0.0000000e+00   9.7599206e-01   4.3575263e+03
   2.2953300e+00   6.4545375e+04   2.1966478e+01   0.0000000e+00   9.6677986e-01   4.3566720e+03
   2.2957800e+00   6.4633303e+04   2.2222297e+01   0.0000000e+00   9.6313487e-01   4.3558181e+03
   2.2962300e+00   6.5038839e+04   2.2142654e+01   0.0000000e+00   9.5847303e-01   4.3549644e+03
   2.2966800e+00   6.5131938e+04   2.2265634e+01   0.0000000e+00   9.6255031e-01   4.3541112e+03
   2.2971300e+00   6.4938258e+04   2.2104705e+01   0.0000000e+00   9.7047739e-01   4.3532582e+03
   2.2975800e+00   6.4979803e+04   2.2030778e+01   0.0000000e+00   9.7329695e-01   4.3524056e+03
   2.2980300e+00   6.5766185e+04   2.2337796e+01   0.0000000e+00   9.7491617e-01   4.3515533e+03
   2.2984800e+00   6.6790727e+04   2.2576589e+01   0.0000000e+00   9.7070581e-01   4.3507013e+03
   2.2989300e+00   6.7259638e+04   2.2824300e+01   0.0000000e+00   9.6078381e-01   4.3498497e+03
   2.2993800e+00   6.7136292e+04   2.2772657e+01   0.0000000e+00   9.5316287e-01   4.3489984e+03
   2.2998300e+00   6.8257578e+04   2.3292272e+01   0.0000000e+00   9.4938004e-01   4.3481475e+03
   2.3002800e+00   6.8002669e+04   2.3042952e+01   0.0000000e+00   9.4944344e-01   4.3472969e+03
   2.3007300e+00   6.7839240e+04   2.3008697e+01   0.0000000e+00   9.5384020e-01   4.3464466e+03
   2.3011800e+00   6.7185165e+04   2.2725512e+01   0.0000000e+00   9.6058548e-01   4.3455966e+03
   2.3016300e+00   6.7838969e+04   2.2954033e+01   0.0000000e+00   9.6313724e-01   4.3447470e+03
   2.3020800e+00   6.7272756e+04   2.3046188e+01   0.0000000e+00   9.6203535e-01   4.3438977e+03
   2.3025300e+00   6.8216834e+04   2.3102681e+01   0.0000000e+00   9.5648265e-01   4.3430487e+03
   2.3029800e+00   6.9131900e+04   2.3182116e+01   0.0000000e+00   9.4998538e-01   4.3422001e+03
   2.3034300e+00   6.9765397e+04   2.3784280e+01   0.0000000e+00   9.4197768e-01   4.3413518e+03
   2.3038800e+00   7.0296922e+04   2.3862040e+01   0.0000000e+00   9.3981948e-01   4.3405038e+03
   2.3043300e+00   7.0660342e+04   2.3820359e+01   0.0000000e+00   9.4118325e-01   4.3396562e+03
   2.3047800e+00   7.0537033e+04   2.3852045e+01   0.0000000e+00   9.4791033e-01   4.3388089e+03
   2.3052300e+00   6.9569467e+04   2.3535646e+01   0.0000000e+00   9.5396219e-01   4.3379619e+03
   2.3056800e+00   6.9921689e+04   2.3510349e+01   0.0000000e+00   9.5440279e-01   4.3371153e+03
   2.3061300e+00   7.0302832e+04   2.4092561e+01   0.0000000e+00   9.5133518e-01   4.3362690e+03
   2.3065800e+00   7.0700767e+04   2.4286531e+01   0.0000000e+00   9.4575765e-01   4.3354230e+03
   2.3070300e+00   7.2049189e+04   2.4372066e+01   0.0000000e+00   9.3715492e-01   4.3345774e+03
   2.3074900e+00   7.2450581e+04   2.4629218e+01   0.0000000e+00   9.3211183e-01   4.3337133e+03
   2.3079400e+00   7.2873011e+04   2.4888018e+01   0.0000000e+00   9.3003270e-01   4.3328683e+03
   2.3083900e+00   7.2587946e+04   2.4658383e+01   0.0000000e+00   9.3333524e-01   4.3320236e+03
   2.3088400e+00   7.3025075e+04   2.4834684e+01   0.0000000e+00   9.3622044e-01   4.3311793e+03
   2.3092900e+00   7.2422650e+04   2.5003379e+01   0.0000000e+00   9.4068897e-01   4.3303353e+03
   2.3097400e+00   7.2881747e+04   2.4773056e+01   0.0000000e+00   9.4316901e-01   4.3294916e+03
   2.3101900e+00   7.3339682e+04   2.4975988e+01   0.0000000e+00   9.4075268e-01   4.3286483e+03
   2.3106500e+00   7.4233882e+04   2.5132322e+01   0.0000000e+00   9.3266471e-01   4.3277866e+03
   2.3111000e+00   7.5041333e+04   2.5492571e+01   0.0000000e+00   9.2597851e-01   4.3269439e+03
   2.3115500e+00   7.5534583e+04   2.5765283e+01   0.0000000e+00   9.1975557e-01   4.3261015e+03
   2.3120000e+00   7.6699719e+04   2.5972274e+01   0.0000000e+00   9.1819212e-01   4.3252595e+03
   2.3124500e+00   7.5990782e+04   2.5786292e+01   0.0000000e+00   9.2164740e-01   4.3244178e+03
   2.3129100e+00   7.6241922e+04   2.5849658e+01   0.0000000e+00   9.2525037e-01   4.3235578e+03
   2.3133600e+00   7.6603189e+04   2.5948446e+01   0.0000000e+00   9.2912506e-01   4.3227167e+03
   2.3138100e+00   7.6491583e+04   2.5861771e+01   0.0000000e+00   9.3168223e-01   4.3218760e+03
   2.3142600e+00   7.7029313e+04   2.6096087e+01   0.0000000e+00   9.2883785e-01   4.3210357e+03
   2.3147100e+00   7.8105013e+04   2.6388351e+01   0.0000000e+00   9.1899305e-01   4.3201956e+03
   2.3151700e+00   7.9775170e+04   2.6810733e+01   0.0000000e+00   9.1165622e-01   4.3193372e+03
   2.3156200e+00   8.0542118e+04   2.7266639e+01   0.0000000e+00   9.0746079e-01   4.3184979e+03
   2.3160700e+00   8.0287055e+04   2.7320064e+01   0.0000000e+00   9.0924157e-01   4.3176588e+03
   2.3165200e+00   8.2021319e+04   2.7723209e+01   0.0000000e+00   9.1053106e-01   4.3168201e+03
   2.3169800e+00   8.1218341e+04   2.7938762e+01   0.0000000e+00   9.1704452e-01   4.3159630e+03
   2.3174300e+00   8.1056372e+04   2.7531659e+01   0.0000000e+00   9.2307903e-01   4.3151249e+03
   2.3178800e+00   8.1688762e+04   2.7471052e+01   0.0000000e+00   9.2270077e-01   4.3142872e+03
   2.3183300e+00   8.2216919e+04   2.7787924e+01   0.0000000e+00   9.1751851e-01   4.3134498e+03
   2.3187900e+00   8.2852230e+04   2.8185783e+01   0.0000000e+00   9.1050054e-01   4.3125941e+03
   2.3192400e+00   8.4008870e+04   2.8468745e+01   0.0000000e+00   9.0342824e-01   4.3117573e+03
   2.3196900e+00   8.4206193e+04   2.8449648e+01   0.0000000e+00   9.0150474e-01   4.3109209e+03
   2.3201500e+00   8.4928634e+04   2.8587755e+01   0.0000000e+00   9.0298296e-01   4.3100662e+03
   2.3206000e+00   8.3797181e+04   2.8236716e+01   0.0000000e+00   9.0842190e-01   4.3092304e+03
   2.3210500e+00   8.4328704e+04   2.8317973e+01   0.0000000e+00   9.1398839e-01   4.3083949e+03
   2.3215100e+00   8.5213661e+04   2.8637385e+01   0.0000000e+00   9.1852615e-01   4.3075412e+03
   2.3219600e+00   8.5767982e+04   2.9089624e+01   0.0000000e+00   9.1714290e-01   4.3067064e+03
   2.3224100e+00   8.6965101e+04   3.0174104e+01   0.0000000e+00   9.1055443e-01   4.3058719e+03
   2.3228700e+00   8.8165121e+04   2.9859184e+01   0.0000000e+00   9.0351817e-01   4.3050192e+03
   2.3233200e+00   8.7603055e+04   2.9995767e+01   0.0000000e+00   8.9889540e-01   4.3041854e+03
   2.3237700e+00   8.7818160e+04   3.0111058e+01   0.0000000e+00   8.9862417e-01   4.3033519e+03
   2.3242300e+00   8.7314645e+04   2.9546456e+01   0.0000000e+00   8.9962743e-01   4.3025002e+03
   2.3246800e+00   8.7424700e+04   2.9443400e+01   0.0000000e+00   9.0565905e-01   4.3016673e+03
   2.3251400e+00   8.7721812e+04   2.9417866e+01   0.0000000e+00   9.1097352e-01   4.3008163e+03
   2.3255900e+00   8.8138359e+04   2.9561788e+01   0.0000000e+00   9.1348598e-01   4.2999841e+03
   2.3260400e+00   8.8982310e+04   3.0133926e+01   0.0000000e+00   9.0805233e-01   4.2991522e+03
   2.3265000e+00   8.9622635e+04   3.0036022e+01   0.0000000e+00   9.0409381e-01   4.2983022e+03
   2.3269500e+00   9.0658072e+04   3.0701845e+01   0.0000000e+00   9.0035035e-01   4.2974709e+03
   2.3274100e+00   9.1718266e+04   3.1109743e+01   0.0000000e+00   8.9353520e-01   4.2966216e+03
   2.3278600e+00   9.1821296e+04   3.0874175e+01   0.0000000e+00   8.9278508e-01   4.2957910e+03
   2.3283100e+00   9.1775018e+04   3.1253358e+01   0.0000000e+00   8.9759953e-01   4.2949607e+03
   2.3287700e+00   9.2642518e+04   3.1298520e+01   0.0000000e+00   9.0166624e-01   4.2941123e+03
   2.3292200e+00   9.2569537e+04   3.1235266e+01   0.0000000e+00   9.0580171e-01   4.2932827e+03
   2.3296800e+00   9.1988032e+04   3.1085222e+01   0.0000000e+00   9.0957310e-01   4.2924350e+03
   2.3301300e+00   9.2988203e+04   3.1115830e+01   0.0000000e+00   9.0659617e-01   4.2916060e+03
   2.3305900e+00   9.3905052e+04   3.1497314e+01   0.0000000e+00   8.9820523e-01   4.2907590e+03
   2.3310400e+00   9.5358143e+04   3.2155409e+01   0.0000000e+00   8.9137902e-01   4.2899307e+03
   2.3315000e+00   9.6787463e+04   3.2415906e+01   0.0000000e+00   8.8986311e-01   4.2890843e+03
   2.3319500e+00   9.6651161e+04   3.2456254e+01   0.0000000e+00   8.8950345e-01   4.2882566e+03
   2.3324100e+00   9.5630772e+04   3.2457753e+01   0.0000000e+00   8.9495108e-01   4.2874109e+03
   2.3328600e+00   9.6030372e+04   3.2341189e+01   0.0000000e+00   8.9976670e-01   4.2865838e+03
   2.3333200e+00   9.7387961e+04   3.2788756e+01   0.0000000e+00   9.0310224e-01   4.2857388e+03
   2.3337700e+00   9.6951779e+04   3.3093794e+01   0.0000000e+00   9.0499259e-01   4.2849124e+03
   2.3342300e+00   9.8654145e+04   3.3441553e+01   0.0000000e+00   8.9920142e-01   4.2840680e+03
   2.3346800e+00   1.0098942e+05   3.4570005e+01   0.0000000e+00   8.9050231e-01   4.2832422e+03
   2.3351400e+00   1.0172642e+05   3.4618978e+01   0.0000000e+00   8.8555524e-01   4.2823985e+03
   2.3355900e+00   1.0219690e+05   3.4389442e+01   0.0000000e+00   8.8306948e-01   4.2815734e+03
   2.3360500e+00   1.0200308e+05   3.4336753e+01   0.0000000e+00   8.8604583e-01   4.2807303e+03
   2.3365000e+00   1.0152662e+05   3.4370592e+01   0.0000000e+00   8.9151958e-01   4.2799058e+03
   2.3369600e+00   1.0217658e+05   3.4475251e+01   0.0000000e+00   8.9618004e-01   4.2790634e+03
   2.3374100e+00   1.0243542e+05   3.4401564e+01   0.0000000e+00   8.9765391e-01   4.2782396e+03
   2.3378700e+00   1.0346731e+05   3.4551110e+01   0.0000000e+00   8.9772206e-01   4.2773978e+03
   2.3383200e+00   1.0430975e+05   3.5290239e+01   0.0000000e+00   8.9482882e-01   4.2765746e+03
   2.3387800e+00   1.0546997e+05   3.5336602e+01   0.0000000e+00   8.8759776e-01   4.2757335e+03
   2.3392400e+00   1.0609522e+05   3.5899772e+01   0.0000000e+00   8.8365653e-01   4.2748927e+03
   2.3396900e+00   1.0688686e+05   3.6102001e+01   0.0000000e+00   8.8130276e-01   4.2740705e+03
   2.3401500e+00   1.0846881e+05   3.6293874e+01   0.0000000e+00   8.8197443e-01   4.2732303e+03
   2.3406000e+00   1.0907683e+05   3.6934782e+01   0.0000000e+00   8.8612250e-01   4.2724088e+03
   2.3410600e+00   1.0868518e+05   3.6279505e+01   0.0000000e+00   8.9378082e-01   4.2715693e+03
   2.3415200e+00   1.0916028e+05   3.6465919e+01   0.0000000e+00   8.9540740e-01   4.2707301e+03
   2.3419700e+00   1.1006349e+05   3.6887957e+01   0.0000000e+00   8.9303018e-01   4.2699095e+03
   2.3424300e+00   1.1116259e+05   3.7227683e+01   0.0000000e+00   8.8494945e-01   4.2690710e+03
   2.3428900e+00   1.1308399e+05   3.7791667e+01   0.0000000e+00   8.7728413e-01   4.2682328e+03
   2.3433400e+00   1.1335364e+05   3.8176255e+01   0.0000000e+00   8.7336527e-01   4.2674132e+03
   2.3438000e+00   1.1546069e+05   3.8548430e+01   0.0000000e+00   8.6871404e-01   4.2665756e+03
   2.3442500e+00   1.1563176e+05   3.9106747e+01   0.0000000e+00   8.6973273e-01   4.2657566e+03
   2.3447100e+00   1.1525498e+05   3.8476644e+01   0.0000000e+00   8.7356129e-01   4.2649198e+03
   2.3451700e+00   1.1658498e+05   3.9137689e+01   0.0000000e+00   8.7660094e-01   4.2640832e+03
   2.3456200e+00   1.1676658e+05   3.9068583e+01   0.0000000e+00   8.7878263e-01   4.2632651e+03
   2.3460800e+00   1.1787536e+05   3.9623584e+01   0.0000000e+00   8.7501462e-01   4.2624292e+03
   2.3465400e+00   1.1959803e+05   4.0580378e+01   0.0000000e+00   8.6810513e-01   4.2615937e+03
   2.3470000e+00   1.2150169e+05   4.0830114e+01   0.0000000e+00   8.5544521e-01   4.2607584e+03
   2.3474500e+00   1.2364821e+05   4.1404652e+01   0.0000000e+00   8.5123920e-01   4.2599416e+03
   2.3479100e+00   1.2325793e+05   4.2430527e+01   0.0000000e+00   8.4868987e-01   4.2591070e+03
   2.3483700e+00   1.2467593e+05   4.1508169e+01   0.0000000e+00   8.4710679e-01   4.2582728e+03
   2.3488200e+00   1.2693676e+05   4.2315761e+01   0.0000000e+00   8.4524459e-01   4.2574569e+03
   2.3492800e+00   1.2753129e+05   4.2791743e+01   0.0000000e+00   8.4639816e-01   4.2566233e+03
   2.3497400e+00   1.3012163e+05   4.3581770e+01   0.0000000e+00   8.4291344e-01   4.2557900e+03
   2.3501900e+00   1.3175143e+05   4.4463850e+01   0.0000000e+00   8.3515446e-01   4.2549751e+03
   2.3506500e+00   1.3440015e+05   4.5035058e+01   0.0000000e+00   8.2391294e-01   4.2541425e+03
   2.3511100e+00   1.3834601e+05   4.6299991e+01   0.0000000e+00   8.1062563e-01   4.2533101e+03
   2.3515700e+00   1.4020518e+05   4.7223183e+01   0.0000000e+00   7.9973407e-01   4.2524781e+03
   2.3520200e+00   1.4363780e+05   4.7959135e+01   0.0000000e+00   7.9190487e-01   4.2516645e+03
   2.3524800e+00   1.4511642e+05   4.8330389e+01   0.0000000e+00   7.8712071e-01   4.2508332e+03
   2.3529400e+00   1.4510020e+05   4.8573933e+01   0.0000000e+00   7.8493671e-01   4.2500021e+03
   2.3534000e+00   1.4663196e+05   4.9059040e+01   0.0000000e+00   7.8000778e-01   4.2491714e+03
   2.3538600e+00   1.4784560e+05   4.9399692e+01   0.0000000e+00   7.7258858e-01   4.2483410e+03
   2.3543100e+00   1.5149546e+05   5.0735811e+01   0.0000000e+00   7.6071978e-01   4.2475290e+03
   2.3547700e+00   1.5447592e+05   5.1697209e+01   0.0000000e+00   7.4530090e-01   4.2466993e+03
   2.3552300e+00   1.5898961e+05   5.3412369e+01   0.0000000e+00   7.3101652e-01   4.2458698e+03
   2.3556900e+00   1.6425497e+05   5.4971804e+01   0.0000000e+00   7.1494488e-01   4.2450407e+03
   2.3561400e+00   1.6840415e+05   5.6137541e+01   0.0000000e+00   7.0205201e-01   4.2442300e+03
   2.3566000e+00   1.7104070e+05   5.7217969e+01   0.0000000e+00   6.9286559e-01   4.2434015e+03
   2.3570600e+00   1.7503304e+05   5.8595407e+01   0.0000000e+00   6.8428501e-01   4.2425734e+03
   2.3575200e+00   1.7831390e+05   5.9879890e+01   0.0000000e+00   6.7465112e-01   4.2417456e+03
   2.3579800e+00   1.8332025e+05   6.2097171e+01   0.0000000e+00   6.6483580e-01   4.2409181e+03
   2.3584400e+00   1.8955806e+05   6.3945643e+01   0.0000000e+00   6.5202569e-01   4.2400909e+03
   2.3588900e+00   1.9411357e+05   6.6286425e+01   0.0000000e+00   6.3843828e-01   4.2392820e+03
   2.3593500e+00   1.9914770e+05   6.7813151e+01   0.0000000e+00   6.2940693e-01   4.2384555e+03
   2.3598100e+00   2.0042719e+05   6.9750088e+01   0.0000000e+00   6.2897939e-01   4.2376293e+03
   2.3602700e+00   2.1306317e+05   7.9465949e+01   0.0000000e+00   6.5392549e-01   4.2368034e+03
