   1.4744400e+00   0.0000000e+00   0.0000000e+00   0.0000000e+00   0.0000000e+00   6.7822360e+03
   1.4747000e+00   0.0000000e+00   0.0000000e+00   0.0000000e+00   0.0000000e+00   6.7810402e+03
   1.4749600e+00   0.0000000e+00   0.0000000e+00   0.0000000e+00   0.0000000e+00   6.7798449e+03
   1.4752200e+00   0.0000000e+00   0.0000000e+00   0.0000000e+00   0.0000000e+00   6.7786500e+03
   1.4754800e+00   0.0000000e+00   0.0000000e+00   0.0000000e+00   0.0000000e+00   6.7774555e+03
   1.4757400e+00   0.0000000e+00   0.0000000e+00   0.0000000e+00   0.0000000e+00   6.7762614e+03
   1.4760000e+00   0.0000000e+00   0.0000000e+00   0.0000000e+00   0.0000000e+00   6.7750678e+03
   1.4762600e+00   0.0000000e+00   0.0000000e+00   0.0000000e+00   0.0000000e+00   6.7738745e+03
   1.4765200e+00   0.0000000e+00   0.0000000e+00   0.0000000e+00   0.0000000e+00   6.7726817e+03
   1.4767800e+00   0.0000000e+00   0.0000000e+00   0.0000000e+00   0.0000000e+00   6.7714893e+03
   1.4770400e+00   0.0000000e+00   0.0000000e+00   0.0000000e+00   0.0000000e+00   6.7702974e+03
   1.4773100e+00   0.0000000e+00   0.0000000e+00   0.0000000e+00   0.0000000e+00   6.7690600e+03
   1.4775700e+00   0.0000000e+00   0.0000000e+00   0.0000000e+00   0.0000000e+00   6.7678689e+03
   1.4778300e+00   0.0000000e+00   0.0000000e+00   0.0000000e+00   0.0000000e+00   6.7666782e+03
   1.4780900e+00   0.0000000e+00   0.0000000e+00   0.0000000e+00   0.0000000e+00   6.7654879e+03
   1.4783500e+00   0.0000000e+00   0.0000000e+00   0.0000000e+00   0.0000000e+00   6.7642980e+03
   1.4786100e+00   0.0000000e+00   0.0000000e+00   0.0000000e+00   0.0000000e+00   6.7631086e+03
   1.4788800e+00   0.0000000e+00   0.0000000e+00   0.0000000e+00   0.0000000e+00   6.7618739e+03
   1.4791400e+00   0.0000000e+00   0.0000000e+00   0.0000000e+00   0.0000000e+00   6.7606853e+03
   1.4794000e+00   0.0000000e+00   0.0000000e+00   0.0000000e+00   0.0000000e+00   6.7594971e+03
   1.4796600e+00   0.0000000e+00   0.0000000e+00   0.0000000e+00   0.0000000e+00   6.7583093e+03
   1.4799300e+00   0.0000000e+00   0.0000000e+00   0.0000000e+00   0.0000000e+00   6.7570763e+03
   1.4801900e+00   0.0000000e+00   0.0000000e+00   0.0000000e+00   0.0000000e+00   6.7558894e+03
   1.4804500e+00   0.0000000e+00   0.0000000e+00   0.0000000e+00   0.0000000e+00   6.7547030e+03
   1.4807200e+00   1.4144175e+05   6.3291423e+01   0.0000000e+00   4.4923538e-01   6.7534713e+03
   1.4809800e+00   1.3619396e+05   6.2459736e+01   0.0000000e+00   4.6008171e-01   6.7522856e+03
   1.4812400e+00   1.2789121e+05   5.9277476e+01   0.0000000e+00   4.7285421e-01   6.7511004e+03
   1.4815100e+00   1.2748208e+05   5.7306307e+01   0.0000000e+00   4.7536128e-01   6.7498701e+03
   1.4817700e+00   1.2436014e+05   5.6015818e+01   0.0000000e+00   4.8153364e-01   6.7486857e+03
   1.4820300e+00   1.2120081e+05   5.4291666e+01   0.0000000e+00   4.8996996e-01   6.7475017e+03
   1.4823000e+00   1.1993802e+05   5.2184101e+01   0.0000000e+00   4.9621909e-01   6.7462727e+03
   1.4825600e+00   1.1694415e+05   5.2247029e+01   0.0000000e+00   5.1130710e-01   6.7450896e+03
   1.4828300e+00   1.1787979e+05   5.1222677e+01   0.0000000e+00   5.1784029e-01   6.7438614e+03
   1.4830900e+00   1.1857687e+05   5.1872846e+01   0.0000000e+00   5.3210037e-01   6.7426791e+03
   1.4833500e+00   1.2136691e+05   5.2813177e+01   0.0000000e+00   5.3897620e-01   6.7414973e+03
   1.4836200e+00   1.1825589e+05   5.0803946e+01   0.0000000e+00   5.4821862e-01   6.7402704e+03
   1.4838800e+00   1.0936830e+05   4.7439025e+01   0.0000000e+00   5.5874818e-01   6.7390894e+03
   1.4841500e+00   1.0251931e+05   4.4549918e+01   0.0000000e+00   5.6743363e-01   6.7378634e+03
   1.4844100e+00   1.0015142e+05   4.3268449e+01   0.0000000e+00   5.7849263e-01   6.7366833e+03
   1.4846800e+00   9.7337971e+04   4.2480961e+01   0.0000000e+00   5.9175713e-01   6.7354581e+03
   1.4849400e+00   9.9079114e+04   9.5924778e+01   0.0000000e+00   5.9767956e-01   6.7342788e+03
   1.4852100e+00   1.0507530e+05   2.4538722e+02   0.0000000e+00   6.0834839e-01   6.7330546e+03
   1.4854700e+00   9.8998846e+04   1.1025521e+02   0.0000000e+00   6.1962407e-01   6.7318761e+03
   1.4857400e+00   1.0281517e+05   3.7481011e+02   0.0000000e+00   6.3257291e-01   6.7306527e+03
   1.4860100e+00   9.9016534e+04   1.4646722e+02   0.0000000e+00   6.4199109e-01   6.7294298e+03
   1.4862700e+00   9.3873147e+04   4.2291543e+01   0.0000000e+00   6.5527991e-01   6.7282526e+03
   1.4865400e+00   9.7841541e+04   1.3669846e+02   0.0000000e+00   6.6331567e-01   6.7270306e+03
   1.4868000e+00   1.0049731e+05   2.9942228e+02   0.0000000e+00   6.7481342e-01   6.7258542e+03
   1.4870700e+00   8.8161087e+04   3.6315567e+01   0.0000000e+00   6.8238678e-01   6.7246330e+03
   1.4873400e+00   9.2867839e+04   1.6023474e+02   0.0000000e+00   6.9700280e-01   6.7234123e+03
   1.4876000e+00   1.0640570e+05   4.0147261e+02   0.0000000e+00   7.0552352e-01   6.7222372e+03
   1.4878700e+00   8.3561523e+04   3.4060140e+01   0.0000000e+00   7.2026489e-01   6.7210173e+03
   1.4881400e+00   9.5021375e+04   2.9448346e+02   0.0000000e+00   7.3108002e-01   6.7197979e+03
   1.4884000e+00   9.2039969e+04   5.3912822e+01   0.0000000e+00   7.4252175e-01   6.7186240e+03
   1.4886700e+00   9.8170771e+04   3.8195140e+01   0.0000000e+00   7.5244646e-01   6.7174055e+03
   1.4889400e+00   1.0253346e+05   1.5478720e+02   0.0000000e+00   7.6192704e-01   6.7161874e+03
   1.4892000e+00   8.7809682e+04   3.6354094e+01   0.0000000e+00   7.7640704e-01   6.7150148e+03
   1.4894700e+00   7.9875907e+04   3.2586918e+01   0.0000000e+00   7.8625805e-01   6.7137975e+03
   1.4897400e+00   7.9718061e+04   1.6930002e+02   0.0000000e+00   7.9912838e-01   6.7125807e+03
   1.4900100e+00   7.0838429e+04   2.7691103e+01   0.0000000e+00   8.1111640e-01   6.7113644e+03
   1.4902700e+00   8.6128581e+04   4.0039616e+02   0.0000000e+00   8.2051235e-01   6.7101935e+03
   1.4905400e+00   7.5679409e+04   7.3876584e+01   0.0000000e+00   8.2967628e-01   6.7089780e+03
   1.4908100e+00   7.3634721e+04   3.6834953e+01   0.0000000e+00   8.3983103e-01   6.7077629e+03
   1.4910800e+00   7.2539893e+04   5.3705319e+01   0.0000000e+00   8.5063694e-01   6.7065483e+03
   1.4913500e+00   6.9296793e+04   2.6496514e+01   0.0000000e+00   8.6186606e-01   6.7053341e+03
   1.4916200e+00   7.4931833e+04   2.0558510e+02   0.0000000e+00   8.7195003e-01   6.7041204e+03
   1.4918800e+00   6.7524897e+04   6.2337869e+01   0.0000000e+00   8.8288107e-01   6.7029520e+03
   1.4921500e+00   6.4050824e+04   2.4720944e+01   0.0000000e+00   8.9200297e-01   6.7017391e+03
   1.4924200e+00   7.0431207e+04   1.4679668e+02   0.0000000e+00   9.0062975e-01   6.7005267e+03
   1.4926900e+00   7.4915701e+04   2.3825898e+02   0.0000000e+00   9.0864461e-01   6.6993147e+03
   1.4929600e+00   6.7889638e+04   2.5094906e+01   0.0000000e+00   9.2096136e-01   6.6981031e+03
   1.4932300e+00   6.7726536e+04   2.5957077e+01   0.0000000e+00   9.3173126e-01   6.6968920e+03
   1.4935000e+00   6.7355624e+04   2.5485484e+01   0.0000000e+00   9.4481303e-01   6.6956813e+03
   1.4937700e+00   6.5078666e+04   2.3842114e+01   0.0000000e+00   9.5009829e-01   6.6944710e+03
   1.4940400e+00   6.2206619e+04   2.5040161e+01   0.0000000e+00   9.5772265e-01   6.6932612e+03
   1.4943100e+00   6.1719260e+04   2.3403307e+01   0.0000000e+00   9.6385055e-01   6.6920519e+03
   1.4945700e+00   5.9196270e+04   2.2175500e+01   0.0000000e+00   9.7350458e-01   6.6908877e+03
   1.4948400e+00   5.9534201e+04   2.1878149e+01   0.0000000e+00   9.8134412e-01   6.6896792e+03
   1.4951100e+00   5.9429736e+04   2.2262737e+01   0.0000000e+00   9.9145880e-01   6.6884711e+03
   1.4953800e+00   5.9849380e+04   2.1872573e+01   0.0000000e+00   9.9895643e-01   6.6872634e+03
   1.4956600e+00   5.8732301e+04   2.4824517e+01   0.0000000e+00   1.0047051e+00   6.6860115e+03
   1.4959300e+00   5.9017066e+04   2.1799254e+01   0.0000000e+00   1.0115920e+00   6.6848048e+03
   1.4962000e+00   5.9378330e+04   2.8653525e+01   0.0000000e+00   1.0152237e+00   6.6835984e+03
   1.4964700e+00   6.0609858e+04   3.6225174e+01   0.0000000e+00   1.0208437e+00   6.6823926e+03
   1.4967400e+00   6.0572068e+04   3.3858287e+01   0.0000000e+00   1.0269686e+00   6.6811871e+03
   1.4970100e+00   5.8506285e+04   2.6415965e+01   0.0000000e+00   1.0356472e+00   6.6799821e+03
   1.4972800e+00   5.8727962e+04   2.1602954e+01   0.0000000e+00   1.0423793e+00   6.6787775e+03
   1.4975500e+00   5.7618415e+04   2.5892338e+01   0.0000000e+00   1.0458158e+00   6.6775734e+03
   1.4978200e+00   6.1057346e+04   4.8145357e+01   0.0000000e+00   1.0476696e+00   6.6763697e+03
   1.4980900e+00   6.0945727e+04   5.6724542e+01   0.0000000e+00   1.0471081e+00   6.6751664e+03
   1.4983600e+00   5.8010853e+04   3.1349150e+01   0.0000000e+00   1.0551119e+00   6.6739635e+03
   1.4986400e+00   5.8335598e+04   3.8680491e+01   0.0000000e+00   1.0615491e+00   6.6727166e+03
   1.4989100e+00   5.7588559e+04   2.0707800e+01   0.0000000e+00   1.0688181e+00   6.6715146e+03
   1.4991800e+00   5.8073652e+04   3.0055876e+01   0.0000000e+00   1.0679013e+00   6.6703131e+03
   1.4994500e+00   5.6491549e+04   2.0579886e+01   0.0000000e+00   1.0712741e+00   6.6691120e+03
   1.4997200e+00   5.9556642e+04   3.7267763e+01   0.0000000e+00   1.0676863e+00   6.6679113e+03
   1.5000000e+00   5.6592116e+04   3.0091893e+01   0.0000000e+00   1.0773358e+00   6.6666667e+03
   1.5002700e+00   6.5673372e+04   1.7470063e+02   0.0000000e+00   1.0769093e+00   6.6654669e+03
   1.5005400e+00   5.6792318e+04   2.0599437e+01   0.0000000e+00   1.0844923e+00   6.6642675e+03
   1.5008100e+00   5.8471542e+04   3.4233678e+01   0.0000000e+00   1.0812200e+00   6.6630686e+03
   1.5010900e+00   5.6695934e+04   2.0578577e+01   0.0000000e+00   1.0843409e+00   6.6618257e+03
   1.5013600e+00   5.6971706e+04   3.0305373e+01   0.0000000e+00   1.0844996e+00   6.6606277e+03
   1.5016300e+00   6.0432003e+04   8.4196031e+01   0.0000000e+00   1.0850528e+00   6.6594301e+03
   1.5019000e+00   5.6832970e+04   3.5591510e+01   0.0000000e+00   1.0864544e+00   6.6582329e+03
   1.5021800e+00   5.6382030e+04   2.8283822e+01   0.0000000e+00   1.0877057e+00   6.6569918e+03
   1.5024500e+00   5.6484667e+04   2.1732384e+01   0.0000000e+00   1.0958994e+00   6.6557955e+03
   1.5027200e+00   5.7845353e+04   2.9291812e+01   0.0000000e+00   1.0947258e+00   6.6545997e+03
   1.5030000e+00   5.7504702e+04   2.5452072e+01   0.0000000e+00   1.0907356e+00   6.6533599e+03
   1.5032700e+00   5.6185928e+04   2.0250929e+01   0.0000000e+00   1.0904186e+00   6.6521649e+03
   1.5035400e+00   5.6030176e+04   2.0350192e+01   0.0000000e+00   1.0870377e+00   6.6509704e+03
   1.5038200e+00   5.4717770e+04   2.0233886e+01   0.0000000e+00   1.0887090e+00   6.6497320e+03
   1.5040900e+00   5.5736151e+04   2.0475368e+01   0.0000000e+00   1.0928164e+00   6.6485383e+03
   1.5043700e+00   5.5510515e+04   2.1542572e+01   0.0000000e+00   1.0897150e+00   6.6473009e+03
   1.5046400e+00   5.7142574e+04   2.0662120e+01   0.0000000e+00   1.0913374e+00   6.6461080e+03
   1.5049200e+00   6.6632686e+04   2.7639130e+01   0.0000000e+00   1.0870065e+00   6.6448715e+03
   1.5051900e+00   9.7615234e+04   3.6363619e+01   0.0000000e+00   1.0859516e+00   6.6436795e+03
   1.5054600e+00   1.2297346e+05   4.8695631e+01   0.0000000e+00   1.0823336e+00   6.6424880e+03
   1.5057400e+00   1.1751809e+05   4.0346226e+01   0.0000000e+00   1.0912888e+00   6.6412528e+03
   1.5060100e+00   9.6719780e+04   3.8258361e+01   0.0000000e+00   1.0879782e+00   6.6400622e+03
   1.5062900e+00   6.8679573e+04   3.3229019e+01   0.0000000e+00   1.0865235e+00   6.6388278e+03
   1.5065600e+00   7.2790953e+04   2.5834819e+01   0.0000000e+00   1.0823939e+00   6.6376381e+03
   1.5068400e+00   7.8386342e+04   2.7629109e+01   0.0000000e+00   1.0787409e+00   6.6364047e+03
   1.5071100e+00   7.7010426e+04   2.7556439e+01   0.0000000e+00   1.0755545e+00   6.6352157e+03
   1.5073900e+00   6.7952861e+04   2.4803542e+01   0.0000000e+00   1.0791125e+00   6.6339832e+03
   1.5076700e+00   5.8855030e+04   2.1379633e+01   0.0000000e+00   1.0799722e+00   6.6327512e+03
   1.5079400e+00   5.8275181e+04   2.1338779e+01   0.0000000e+00   1.0792636e+00   6.6315636e+03
   1.5082200e+00   5.8743552e+04   2.1182712e+01   0.0000000e+00   1.0751396e+00   6.6303324e+03
   1.5084900e+00   6.2538134e+04   2.2228162e+01   0.0000000e+00   1.0721214e+00   6.6291457e+03
   1.5087700e+00   6.3472530e+04   2.2670639e+01   0.0000000e+00   1.0679831e+00   6.6279155e+03
   1.5090500e+00   6.4689496e+04   3.1697071e+01   0.0000000e+00   1.0654306e+00   6.6266857e+03
   1.5093200e+00   6.2976505e+04   2.8758565e+01   0.0000000e+00   1.0653917e+00   6.6255002e+03
   1.5096000e+00   5.9514949e+04   2.1576121e+01   0.0000000e+00   1.0676652e+00   6.6242713e+03
   1.5098700e+00   5.8343769e+04   2.0989541e+01   0.0000000e+00   1.0653381e+00   6.6230868e+03
   1.5101500e+00   5.8534185e+04   3.5470728e+01   0.0000000e+00   1.0615610e+00   6.6218588e+03
   1.5104300e+00   5.8908117e+04   2.1318920e+01   0.0000000e+00   1.0585279e+00   6.6206312e+03
   1.5107000e+00   6.0111378e+04   2.4280549e+01   0.0000000e+00   1.0545461e+00   6.6194479e+03
   1.5109800e+00   5.8891057e+04   2.1357799e+01   0.0000000e+00   1.0561562e+00   6.6182213e+03
   1.5112600e+00   5.9309749e+04   2.1502162e+01   0.0000000e+00   1.0599806e+00   6.6169951e+03
   1.5115400e+00   6.0314186e+04   2.1720261e+01   0.0000000e+00   1.0548761e+00   6.6157693e+03
   1.5118100e+00   5.9796920e+04   2.1304819e+01   0.0000000e+00   1.0510805e+00   6.6145878e+03
   1.5120900e+00   5.8550824e+04   2.1292675e+01   0.0000000e+00   1.0464868e+00   6.6133630e+03
   1.5123700e+00   5.8503340e+04   2.1374916e+01   0.0000000e+00   1.0414862e+00   6.6121386e+03
   1.5126500e+00   5.8624874e+04   2.1856145e+01   0.0000000e+00   1.0419322e+00   6.6109146e+03
   1.5129200e+00   5.8009128e+04   2.1026471e+01   0.0000000e+00   1.0477176e+00   6.6097348e+03
   1.5132000e+00   5.9183175e+04   2.1208344e+01   0.0000000e+00   1.0461535e+00   6.6085118e+03
   1.5134800e+00   5.9208055e+04   2.1657102e+01   0.0000000e+00   1.0432892e+00   6.6072892e+03
   1.5137600e+00   5.9092492e+04   2.3104104e+01   0.0000000e+00   1.0386746e+00   6.6060670e+03
   1.5140400e+00   5.9488378e+04   2.2544724e+01   0.0000000e+00   1.0345186e+00   6.6048453e+03
   1.5143200e+00   5.9862141e+04   2.1766744e+01   0.0000000e+00   1.0361151e+00   6.6036241e+03
   1.5145900e+00   6.0148984e+04   2.8088691e+01   0.0000000e+00   1.0385802e+00   6.6024469e+03
   1.5148700e+00   5.8360123e+04   2.1446092e+01   0.0000000e+00   1.0386114e+00   6.6012265e+03
   1.5151500e+00   6.0031811e+04   2.1636658e+01   0.0000000e+00   1.0405210e+00   6.6000066e+03
   1.5154300e+00   5.9309792e+04   2.1342663e+01   0.0000000e+00   1.0379455e+00   6.5987871e+03
   1.5157100e+00   5.9443990e+04   2.1558559e+01   0.0000000e+00   1.0319060e+00   6.5975681e+03
   1.5159900e+00   6.0204738e+04   2.1450988e+01   0.0000000e+00   1.0305515e+00   6.5963496e+03
   1.5162700e+00   5.9263530e+04   2.1619035e+01   0.0000000e+00   1.0297815e+00   6.5951315e+03
   1.5165500e+00   6.0000268e+04   2.1577365e+01   0.0000000e+00   1.0331403e+00   6.5939138e+03
   1.5168300e+00   5.9985056e+04   2.1679192e+01   0.0000000e+00   1.0357049e+00   6.5926966e+03
   1.5171100e+00   6.0884202e+04   2.2551742e+01   0.0000000e+00   1.0346102e+00   6.5914799e+03
   1.5173900e+00   6.0497288e+04   2.1766675e+01   0.0000000e+00   1.0309433e+00   6.5902635e+03
   1.5176700e+00   6.0590582e+04   2.1799988e+01   0.0000000e+00   1.0274773e+00   6.5890477e+03
   1.5179500e+00   6.2060525e+04   2.2180023e+01   0.0000000e+00   1.0269951e+00   6.5878323e+03
   1.5182300e+00   6.5159698e+04   2.6673344e+01   0.0000000e+00   1.0283776e+00   6.5866173e+03
   1.5185100e+00   7.3354017e+04   3.4245470e+01   0.0000000e+00   1.0314445e+00   6.5854028e+03
   1.5187900e+00   7.4023846e+04   2.6378534e+01   0.0000000e+00   1.0347843e+00   6.5841887e+03
   1.5190700e+00   7.2726889e+04   2.6116199e+01   0.0000000e+00   1.0296057e+00   6.5829751e+03
   1.5193500e+00   6.4589192e+04   2.3118913e+01   0.0000000e+00   1.0260785e+00   6.5817619e+03
   1.5196300e+00   6.0255351e+04   2.1630177e+01   0.0000000e+00   1.0274134e+00   6.5805492e+03
   1.5199100e+00   6.1241480e+04   2.2355544e+01   0.0000000e+00   1.0299102e+00   6.5793369e+03
   1.5201900e+00   6.0510495e+04   2.1846739e+01   0.0000000e+00   1.0322725e+00   6.5781251e+03
   1.5204700e+00   5.9859543e+04   2.1638850e+01   0.0000000e+00   1.0328843e+00   6.5769137e+03
   1.5207500e+00   6.0338220e+04   2.1820783e+01   0.0000000e+00   1.0294205e+00   6.5757028e+03
   1.5210300e+00   6.0656819e+04   2.4019081e+01   0.0000000e+00   1.0290996e+00   6.5744923e+03
   1.5213200e+00   6.0451609e+04   2.1919032e+01   0.0000000e+00   1.0278771e+00   6.5732390e+03
   1.5216000e+00   5.9555995e+04   2.1753076e+01   0.0000000e+00   1.0299216e+00   6.5720294e+03
   1.5218800e+00   5.9903279e+04   2.1936865e+01   0.0000000e+00   1.0312837e+00   6.5708203e+03
   1.5221600e+00   5.9494558e+04   2.1377443e+01   0.0000000e+00   1.0341108e+00   6.5696116e+03
   1.5224400e+00   5.9567802e+04   2.1492288e+01   0.0000000e+00   1.0384594e+00   6.5684034e+03
   1.5227200e+00   6.0186539e+04   2.1912962e+01   0.0000000e+00   1.0343186e+00   6.5671955e+03
   1.5230100e+00   5.9751105e+04   2.2109812e+01   0.0000000e+00   1.0304757e+00   6.5659451e+03
   1.5232900e+00   6.1793444e+04   2.2163751e+01   0.0000000e+00   1.0309540e+00   6.5647382e+03
   1.5235700e+00   7.2282763e+04   2.7102694e+01   0.0000000e+00   1.0371700e+00   6.5635317e+03
   1.5238500e+00   1.0042645e+05   3.5494009e+01   0.0000000e+00   1.0391872e+00   6.5623257e+03
   1.5241400e+00   1.0625572e+05   3.6946236e+01   0.0000000e+00   1.0417145e+00   6.5610771e+03
   1.5244200e+00   9.8342290e+04   3.4762719e+01   0.0000000e+00   1.0433390e+00   6.5598720e+03
   1.5247000e+00   7.1780697e+04   2.6691864e+01   0.0000000e+00   1.0412255e+00   6.5586673e+03
   1.5249800e+00   6.0727022e+04   2.2351528e+01   0.0000000e+00   1.0380329e+00   6.5574630e+03
   1.5252700e+00   5.9576124e+04   2.1412454e+01   0.0000000e+00   1.0388959e+00   6.5562163e+03
   1.5255500e+00   5.9228542e+04   2.1650359e+01   0.0000000e+00   1.0418861e+00   6.5550129e+03
   1.5258300e+00   5.9064062e+04   2.1754459e+01   0.0000000e+00   1.0455138e+00   6.5538101e+03
   1.5261200e+00   5.9290710e+04   2.1450982e+01   0.0000000e+00   1.0483194e+00   6.5525647e+03
   1.5264000e+00   5.9563514e+04   2.1656661e+01   0.0000000e+00   1.0465727e+00   6.5513627e+03
   1.5266800e+00   5.8990433e+04   2.1905373e+01   0.0000000e+00   1.0464324e+00   6.5501611e+03
   1.5269700e+00   5.7572175e+04   2.1176932e+01   0.0000000e+00   1.0461705e+00   6.5489171e+03
   1.5272500e+00   5.7899230e+04   2.1025337e+01   0.0000000e+00   1.0506912e+00   6.5477165e+03
   1.5275400e+00   5.8934410e+04   2.1364558e+01   0.0000000e+00   1.0532390e+00   6.5464734e+03
   1.5278200e+00   5.9974142e+04   2.1887604e+01   0.0000000e+00   1.0557308e+00   6.5452737e+03
   1.5281000e+00   6.0799633e+04   2.2281762e+01   0.0000000e+00   1.0553073e+00   6.5440743e+03
   1.5283900e+00   7.0784829e+04   2.5384791e+01   0.0000000e+00   1.0550064e+00   6.5428327e+03
   1.5286700e+00   7.6715300e+04   2.7140816e+01   0.0000000e+00   1.0551267e+00   6.5416342e+03
   1.5289600e+00   7.6546832e+04   2.6899556e+01   0.0000000e+00   1.0590733e+00   6.5403935e+03
   1.5292400e+00   6.8874363e+04   2.5002328e+01   0.0000000e+00   1.0628597e+00   6.5391959e+03
   1.5295300e+00   6.1380634e+04   2.2526539e+01   0.0000000e+00   1.0637974e+00   6.5379561e+03
   1.5298100e+00   5.9651693e+04   2.1783367e+01   0.0000000e+00   1.0660509e+00   6.5367595e+03
   1.5301000e+00   5.9780134e+04   2.1464253e+01   0.0000000e+00   1.0660422e+00   6.5355206e+03
   1.5303800e+00   6.0753729e+04   2.1922550e+01   0.0000000e+00   1.0662910e+00   6.5343248e+03
   1.5306700e+00   6.0718730e+04   2.2182769e+01   0.0000000e+00   1.0642347e+00   6.5330868e+03
   1.5309500e+00   6.0850798e+04   2.2080716e+01   0.0000000e+00   1.0696852e+00   6.5318920e+03
   1.5312400e+00   6.1657107e+04   2.2289322e+01   0.0000000e+00   1.0736548e+00   6.5306549e+03
   1.5315200e+00   6.1335769e+04   2.2035132e+01   0.0000000e+00   1.0786970e+00   6.5294609e+03
   1.5318100e+00   6.0615643e+04   2.1775890e+01   0.0000000e+00   1.0791529e+00   6.5282248e+03
   1.5320900e+00   6.2142843e+04   2.2435776e+01   0.0000000e+00   1.0756641e+00   6.5270317e+03
   1.5323800e+00   6.2873140e+04   2.2298192e+01   0.0000000e+00   1.0776356e+00   6.5257965e+03
   1.5326700e+00   7.1274246e+04   2.6061023e+01   0.0000000e+00   1.0831425e+00   6.5245617e+03
   1.5329500e+00   1.0229299e+05   3.6015827e+01   0.0000000e+00   1.0851742e+00   6.5233700e+03
   1.5332400e+00   1.1191321e+05   3.8687377e+01   0.0000000e+00   1.0872809e+00   6.5221361e+03
   1.5335300e+00   1.0363592e+05   3.6410787e+01   0.0000000e+00   1.0887059e+00   6.5209028e+03
   1.5338100e+00   7.5089354e+04   2.7828100e+01   0.0000000e+00   1.0845949e+00   6.5197124e+03
   1.5341000e+00   6.2152722e+04   2.2405832e+01   0.0000000e+00   1.0861594e+00   6.5184799e+03
   1.5343800e+00   6.0580057e+04   2.1821219e+01   0.0000000e+00   1.0905332e+00   6.5172904e+03
   1.5346700e+00   5.9989270e+04   2.2151741e+01   0.0000000e+00   1.0929596e+00   6.5160588e+03
   1.5349600e+00   5.9257120e+04   2.1711616e+01   0.0000000e+00   1.0979982e+00   6.5148277e+03
   1.5352500e+00   6.0519163e+04   2.1867976e+01   0.0000000e+00   1.0989830e+00   6.5135971e+03
   1.5355300e+00   5.8862687e+04   2.1577367e+01   0.0000000e+00   1.0958977e+00   6.5124094e+03
   1.5358200e+00   5.8395431e+04   2.1382639e+01   0.0000000e+00   1.0948652e+00   6.5111797e+03
   1.5361100e+00   5.9458342e+04   2.1512056e+01   0.0000000e+00   1.0978156e+00   6.5099505e+03
   1.5363900e+00   5.8363948e+04   2.1261525e+01   0.0000000e+00   1.1010013e+00   6.5087641e+03
   1.5366800e+00   5.8627830e+04   2.1331994e+01   0.0000000e+00   1.1026812e+00   6.5075357e+03
   1.5369700e+00   5.7836347e+04   2.0883046e+01   0.0000000e+00   1.1031340e+00   6.5063079e+03
   1.5372600e+00   5.8474785e+04   2.1484135e+01   0.0000000e+00   1.1011100e+00   6.5050805e+03
   1.5375500e+00   5.8699289e+04   2.1538597e+01   0.0000000e+00   1.1036903e+00   6.5038535e+03
   1.5378300e+00   5.9158971e+04   2.1512979e+01   0.0000000e+00   1.1038244e+00   6.5026693e+03
   1.5381200e+00   5.8099172e+04   2.1197881e+01   0.0000000e+00   1.1056549e+00   6.5014433e+03
   1.5384100e+00   5.7707946e+04   2.0951591e+01   0.0000000e+00   1.1076118e+00   6.5002178e+03
   1.5387000e+00   5.8745862e+04   2.1834325e+01   0.0000000e+00   1.1087546e+00   6.4989927e+03
   1.5389900e+00   6.2117820e+04   2.2451825e+01   0.0000000e+00   1.1093588e+00   6.4977680e+03
   1.5392800e+00   6.8770478e+04   2.4456991e+01   0.0000000e+00   1.1078004e+00   6.4965438e+03
   1.5395600e+00   7.0693777e+04   2.5515078e+01   0.0000000e+00   1.1055016e+00   6.4953623e+03
   1.5398500e+00   6.8553349e+04   2.4505600e+01   0.0000000e+00   1.1106270e+00   6.4941390e+03
   1.5401400e+00   6.0957482e+04   2.2231317e+01   0.0000000e+00   1.1146911e+00   6.4929162e+03
   1.5404300e+00   5.7471241e+04   2.0924393e+01   0.0000000e+00   1.1172670e+00   6.4916939e+03
   1.5407200e+00   5.7623280e+04   2.0659193e+01   0.0000000e+00   1.1170717e+00   6.4904720e+03
   1.5410100e+00   5.8364785e+04   2.1273395e+01   0.0000000e+00   1.1139779e+00   6.4892506e+03
   1.5413000e+00   5.7447857e+04   2.0688811e+01   0.0000000e+00   1.1128261e+00   6.4880296e+03
   1.5415900e+00   5.8131203e+04   2.0729373e+01   0.0000000e+00   1.1151471e+00   6.4868091e+03
   1.5418800e+00   5.8213653e+04   2.0773716e+01   0.0000000e+00   1.1190657e+00   6.4855890e+03
   1.5421700e+00   5.7585321e+04   2.0646138e+01   0.0000000e+00   1.1232387e+00   6.4843694e+03
   1.5424600e+00   5.9451466e+04   2.1163989e+01   0.0000000e+00   1.1213303e+00   6.4831503e+03
   1.5427500e+00   7.1848788e+04   2.6346441e+01   0.0000000e+00   1.1175337e+00   6.4819316e+03
   1.5430400e+00   8.8885412e+04   3.1261496e+01   0.0000000e+00   1.1159272e+00   6.4807134e+03
   1.5433300e+00   9.0203626e+04   3.1491122e+01   0.0000000e+00   1.1164756e+00   6.4794956e+03
   1.5436200e+00   7.9960685e+04   2.8660418e+01   0.0000000e+00   1.1221701e+00   6.4782783e+03
   1.5439100e+00   6.2413673e+04   2.2365991e+01   0.0000000e+00   1.1224497e+00   6.4770615e+03
   1.5442000e+00   5.8936185e+04   2.1088071e+01   0.0000000e+00   1.1232147e+00   6.4758451e+03
   1.5444900e+00   5.8491490e+04   2.0817197e+01   0.0000000e+00   1.1230798e+00   6.4746292e+03
   1.5447800e+00   5.8097627e+04   2.0712499e+01   0.0000000e+00   1.1221799e+00   6.4734137e+03
   1.5450700e+00   5.7976820e+04   2.0856837e+01   0.0000000e+00   1.1237060e+00   6.4721987e+03
   1.5453600e+00   5.8392320e+04   2.0928394e+01   0.0000000e+00   1.1271556e+00   6.4709841e+03
   1.5456500e+00   5.8428658e+04   2.0893563e+01   0.0000000e+00   1.1312095e+00   6.4697700e+03
   1.5459500e+00   5.8310453e+04   2.0805703e+01   0.0000000e+00   1.1313717e+00   6.4685145e+03
   1.5462400e+00   5.8116074e+04   2.0760139e+01   0.0000000e+00   1.1298853e+00   6.4673013e+03
   1.5465300e+00   5.7930809e+04   2.0874138e+01   0.0000000e+00   1.1298970e+00   6.4660886e+03
   1.5468200e+00   5.7377949e+04   2.0541358e+01   0.0000000e+00   1.1291014e+00   6.4648763e+03
   1.5471100e+00   5.7109943e+04   2.0699832e+01   0.0000000e+00   1.1279907e+00   6.4636645e+03
   1.5474000e+00   5.7173093e+04   2.0612593e+01   0.0000000e+00   1.1315228e+00   6.4624531e+03
   1.5477000e+00   5.9395403e+04   2.1330846e+01   0.0000000e+00   1.1352950e+00   6.4612005e+03
   1.5479900e+00   5.7676259e+04   2.0777174e+01   0.0000000e+00   1.1342164e+00   6.4599901e+03
   1.5482800e+00   5.7218194e+04   2.0586429e+01   0.0000000e+00   1.1357980e+00   6.4587801e+03
   1.5485700e+00   5.8301240e+04   2.0907528e+01   0.0000000e+00   1.1326721e+00   6.4575705e+03
   1.5488600e+00   5.8259909e+04   2.0918288e+01   0.0000000e+00   1.1303255e+00   6.4563615e+03
   1.5491600e+00   5.8207124e+04   2.1139435e+01   0.0000000e+00   1.1353230e+00   6.4551112e+03
   1.5494500e+00   5.7993049e+04   2.0996276e+01   0.0000000e+00   1.1416060e+00   6.4539030e+03
   1.5497400e+00   6.0196372e+04   2.1962145e+01   0.0000000e+00   1.1440045e+00   6.4526953e+03
   1.5500300e+00   6.0775194e+04   2.2029101e+01   0.0000000e+00   1.1408224e+00   6.4514880e+03
   1.5503300e+00   6.1594850e+04   2.2260200e+01   0.0000000e+00   1.1359497e+00   6.4502396e+03
   1.5506200e+00   6.4734653e+04   2.3210499e+01   0.0000000e+00   1.1381861e+00   6.4490333e+03
   1.5509100e+00   6.5821341e+04   2.3484514e+01   0.0000000e+00   1.1404533e+00   6.4478274e+03
   1.5512100e+00   6.5159547e+04   2.3056257e+01   0.0000000e+00   1.1425449e+00   6.4465804e+03
   1.5515000e+00   6.2557243e+04   2.2739290e+01   0.0000000e+00   1.1414221e+00   6.4453754e+03
   1.5517900e+00   6.0299932e+04   2.2141246e+01   0.0000000e+00   1.1403473e+00   6.4441709e+03
   1.5520900e+00   6.0179825e+04   2.2454121e+01   0.0000000e+00   1.1360961e+00   6.4429253e+03
   1.5523800e+00   5.9140195e+04   2.1257024e+01   0.0000000e+00   1.1376170e+00   6.4417217e+03
   1.5526700e+00   5.8455735e+04   2.1128932e+01   0.0000000e+00   1.1401920e+00   6.4405186e+03
   1.5529700e+00   5.8595077e+04   2.1218323e+01   0.0000000e+00   1.1423081e+00   6.4392744e+03
   1.5532600e+00   6.0276205e+04   2.1337211e+01   0.0000000e+00   1.1396821e+00   6.4380722e+03
   1.5535600e+00   6.5128701e+04   2.3277210e+01   0.0000000e+00   1.1411645e+00   6.4368290e+03
   1.5538500e+00   7.3905426e+04   2.6139254e+01   0.0000000e+00   1.1387217e+00   6.4356276e+03
   1.5541400e+00   7.9355574e+04   2.7560208e+01   0.0000000e+00   1.1368371e+00   6.4344268e+03
   1.5544400e+00   7.9875256e+04   2.8393861e+01   0.0000000e+00   1.1399786e+00   6.4331849e+03
   1.5547300e+00   7.0609528e+04   2.5151054e+01   0.0000000e+00   1.1439050e+00   6.4319850e+03
   1.5550300e+00   6.6050974e+04   2.3327989e+01   0.0000000e+00   1.1438746e+00   6.4307441e+03
   1.5553200e+00   6.2377428e+04   2.3499014e+01   0.0000000e+00   1.1419175e+00   6.4295450e+03
   1.5556200e+00   6.0348788e+04   2.2371645e+01   0.0000000e+00   1.1396547e+00   6.4283051e+03
   1.5559100e+00   6.0837250e+04   2.1912469e+01   0.0000000e+00   1.1395030e+00   6.4271070e+03
   1.5562100e+00   6.0557036e+04   2.1573878e+01   0.0000000e+00   1.1399613e+00   6.4258680e+03
   1.5565000e+00   6.1964921e+04   2.2125901e+01   0.0000000e+00   1.1465421e+00   6.4246707e+03
   1.5568000e+00   6.4142004e+04   2.3060311e+01   0.0000000e+00   1.1488944e+00   6.4234327e+03
   1.5570900e+00   6.5258151e+04   2.2990430e+01   0.0000000e+00   1.1481237e+00   6.4222364e+03
   1.5573900e+00   6.5040682e+04   2.3202060e+01   0.0000000e+00   1.1429792e+00   6.4209992e+03
   1.5576800e+00   6.2417379e+04   2.2206667e+01   0.0000000e+00   1.1386091e+00   6.4198038e+03
   1.5579800e+00   6.1363394e+04   2.1919693e+01   0.0000000e+00   1.1427447e+00   6.4185676e+03
   1.5582800e+00   6.1285741e+04   2.1907972e+01   0.0000000e+00   1.1456893e+00   6.4173319e+03
   1.5585700e+00   6.1629543e+04   2.1849112e+01   0.0000000e+00   1.1492173e+00   6.4161379e+03
   1.5588700e+00   6.2002259e+04   2.2133094e+01   0.0000000e+00   1.1504203e+00   6.4149031e+03
   1.5591600e+00   6.4930797e+04   2.3134081e+01   0.0000000e+00   1.1464816e+00   6.4137099e+03
   1.5594600e+00   7.6748833e+04   2.7344613e+01   0.0000000e+00   1.1422059e+00   6.4124761e+03
   1.5597600e+00   8.0667210e+04   2.8521134e+01   0.0000000e+00   1.1404134e+00   6.4112428e+03
   1.5600500e+00   7.7717039e+04   2.7835250e+01   0.0000000e+00   1.1429861e+00   6.4100510e+03
   1.5603500e+00   6.6467130e+04   2.4307939e+01   0.0000000e+00   1.1474508e+00   6.4088185e+03
   1.5606500e+00   6.2694024e+04   2.2423828e+01   0.0000000e+00   1.1507327e+00   6.4075866e+03
   1.5609400e+00   6.1692021e+04   2.1961514e+01   0.0000000e+00   1.1455391e+00   6.4063961e+03
   1.5612400e+00   6.2843901e+04   2.2601417e+01   0.0000000e+00   1.1409418e+00   6.4051651e+03
   1.5615400e+00   6.3430371e+04   2.4257914e+01   0.0000000e+00   1.1349630e+00   6.4039346e+03
   1.5618300e+00   6.4113868e+04   2.6851129e+01   0.0000000e+00   1.1378642e+00   6.4027455e+03
   1.5621300e+00   6.2951577e+04   2.2487761e+01   0.0000000e+00   1.1471696e+00   6.4015159e+03
   1.5624300e+00   6.3517480e+04   2.2619226e+01   0.0000000e+00   1.1527890e+00   6.4002867e+03
   1.5627200e+00   6.8447865e+04   2.4426947e+01   0.0000000e+00   1.1496143e+00   6.3990990e+03
   1.5630200e+00   7.3822573e+04   2.5645636e+01   0.0000000e+00   1.1455039e+00   6.3978708e+03
   1.5633200e+00   7.3628808e+04   2.5793106e+01   0.0000000e+00   1.1437927e+00   6.3966430e+03
   1.5636200e+00   6.8896741e+04   2.4325134e+01   0.0000000e+00   1.1416846e+00   6.3954158e+03
   1.5639200e+00   6.3617985e+04   2.2613174e+01   0.0000000e+00   1.1470480e+00   6.3941890e+03
   1.5642100e+00   6.3072702e+04   2.2492801e+01   0.0000000e+00   1.1539549e+00   6.3930035e+03
   1.5645100e+00   6.3749026e+04   2.2471581e+01   0.0000000e+00   1.1555681e+00   6.3917776e+03
   1.5648100e+00   6.5425334e+04   2.3424144e+01   0.0000000e+00   1.1482063e+00   6.3905522e+03
   1.5651100e+00   8.1707222e+04   2.9256740e+01   0.0000000e+00   1.1441563e+00   6.3893273e+03
   1.5654100e+00   9.4682880e+04   3.2703222e+01   0.0000000e+00   1.1411899e+00   6.3881028e+03
   1.5657000e+00   9.3404264e+04   3.2704811e+01   0.0000000e+00   1.1461274e+00   6.3869196e+03
   1.5660000e+00   7.8829802e+04   2.7933728e+01   0.0000000e+00   1.1517929e+00   6.3856960e+03
   1.5663000e+00   6.6078676e+04   2.3241405e+01   0.0000000e+00   1.1536041e+00   6.3844730e+03
   1.5666000e+00   6.5694882e+04   2.3342375e+01   0.0000000e+00   1.1516155e+00   6.3832504e+03
   1.5669000e+00   6.4666567e+04   2.3307261e+01   0.0000000e+00   1.1417915e+00   6.3820282e+03
   1.5672000e+00   6.5296257e+04   2.3607283e+01   0.0000000e+00   1.1370864e+00   6.3808065e+03
   1.5675000e+00   6.6894460e+04   2.3808235e+01   0.0000000e+00   1.1380717e+00   6.3795853e+03
   1.5678000e+00   6.5593573e+04   2.3067367e+01   0.0000000e+00   1.1488809e+00   6.3783646e+03
   1.5681000e+00   6.5048733e+04   2.3286902e+01   0.0000000e+00   1.1550869e+00   6.3771443e+03
   1.5684000e+00   6.6195513e+04   2.3441049e+01   0.0000000e+00   1.1511173e+00   6.3759245e+03
   1.5687000e+00   6.5678896e+04   2.3671139e+01   0.0000000e+00   1.1441956e+00   6.3747052e+03
   1.5689900e+00   6.7279410e+04   2.4293793e+01   0.0000000e+00   1.1372897e+00   6.3735269e+03
   1.5692900e+00   6.7787231e+04   2.4121137e+01   0.0000000e+00   1.1403315e+00   6.3723085e+03
   1.5695900e+00   6.7970334e+04   2.4333990e+01   0.0000000e+00   1.1484078e+00   6.3710905e+03
   1.5698900e+00   7.1542625e+04   2.5534011e+01   0.0000000e+00   1.1544745e+00   6.3698730e+03
   1.5701900e+00   7.4809613e+04   2.6307738e+01   0.0000000e+00   1.1586479e+00   6.3686560e+03
   1.5704900e+00   7.3907686e+04   2.6787156e+01   0.0000000e+00   1.1516906e+00   6.3674395e+03
   1.5707900e+00   7.1321924e+04   2.8477380e+01   0.0000000e+00   1.1416390e+00   6.3662234e+03
   1.5711000e+00   6.8939167e+04   2.7697073e+01   0.0000000e+00   1.1362151e+00   6.3649672e+03
   1.5714000e+00   6.9292246e+04   2.5242977e+01   0.0000000e+00   1.1461959e+00   6.3637521e+03
   1.5717000e+00   6.8788241e+04   2.4355027e+01   0.0000000e+00   1.1583079e+00   6.3625374e+03
   1.5720000e+00   6.8859689e+04   2.4334948e+01   0.0000000e+00   1.1590404e+00   6.3613232e+03
   1.5723000e+00   6.8434243e+04   2.4104254e+01   0.0000000e+00   1.1528991e+00   6.3601094e+03
   1.5726000e+00   6.9188651e+04   2.4757999e+01   0.0000000e+00   1.1484890e+00   6.3588961e+03
   1.5729000e+00   6.9141899e+04   2.4588742e+01   0.0000000e+00   1.1427688e+00   6.3576833e+03
   1.5732000e+00   6.8794440e+04   2.4333131e+01   0.0000000e+00   1.1441810e+00   6.3564709e+03
   1.5735000e+00   6.8417854e+04   2.4203955e+01   0.0000000e+00   1.1531917e+00   6.3552590e+03
   1.5738000e+00   6.7477478e+04   2.3962484e+01   0.0000000e+00   1.1600872e+00   6.3540475e+03
   1.5741000e+00   6.7791622e+04   2.4813184e+01   0.0000000e+00   1.1553827e+00   6.3528365e+03
   1.5744100e+00   7.0494873e+04   2.9719225e+01   0.0000000e+00   1.1452212e+00   6.3515857e+03
   1.5747100e+00   7.1515292e+04   3.7949511e+01   0.0000000e+00   1.1395537e+00   6.3503756e+03
   1.5750100e+00   7.2423245e+04   3.4846854e+01   0.0000000e+00   1.1398055e+00   6.3491660e+03
   1.5753100e+00   7.0735882e+04   3.1052249e+01   0.0000000e+00   1.1496158e+00   6.3479569e+03
   1.5756100e+00   6.8855034e+04   2.4352560e+01   0.0000000e+00   1.1604555e+00   6.3467482e+03
   1.5759200e+00   6.8575082e+04   2.4175533e+01   0.0000000e+00   1.1628705e+00   6.3454998e+03
   1.5762200e+00   7.0086142e+04   2.6101519e+01   0.0000000e+00   1.1555413e+00   6.3442920e+03
   1.5765200e+00   7.0188420e+04   2.4963182e+01   0.0000000e+00   1.1484014e+00   6.3430848e+03
   1.5768200e+00   7.0835136e+04   2.4804130e+01   0.0000000e+00   1.1450856e+00   6.3418780e+03
   1.5771200e+00   6.9570637e+04   2.4612224e+01   0.0000000e+00   1.1514472e+00   6.3406716e+03
   1.5774300e+00   6.9947833e+04   2.4911554e+01   0.0000000e+00   1.1607288e+00   6.3394255e+03
   1.5777300e+00   7.1493001e+04   2.5160092e+01   0.0000000e+00   1.1626499e+00   6.3382201e+03
   1.5780300e+00   7.1713865e+04   2.5282990e+01   0.0000000e+00   1.1601524e+00   6.3370151e+03
   1.5783400e+00   7.2617467e+04   2.5302813e+01   0.0000000e+00   1.1475370e+00   6.3357705e+03
   1.5786400e+00   7.2442941e+04   2.5772353e+01   0.0000000e+00   1.1431776e+00   6.3345665e+03
   1.5789400e+00   7.1810303e+04   2.5383089e+01   0.0000000e+00   1.1470060e+00   6.3333629e+03
   1.5792400e+00   7.1048687e+04   2.4801649e+01   0.0000000e+00   1.1590643e+00   6.3321598e+03
   1.5795500e+00   7.0930505e+04   2.5045646e+01   0.0000000e+00   1.1629746e+00   6.3309170e+03
   1.5798500e+00   7.1895647e+04   2.5094413e+01   0.0000000e+00   1.1610374e+00   6.3297148e+03
   1.5801500e+00   7.1803881e+04   2.5190922e+01   1.3636316e+03   1.1536917e+00   6.3285131e+03
   1.5804600e+00   7.3958613e+04   2.5980114e+01   5.3128519e+03   1.1456191e+00   6.3272718e+03
   1.5807600e+00   7.3171491e+04   2.5614544e+01   5.7230192e+03   1.1460085e+00   6.3260710e+03
   1.5810700e+00   7.3077583e+04   2.5487124e+01   5.4510714e+03   1.1537102e+00   6.3248307e+03
   1.5813700e+00   7.1571214e+04   2.5358130e+01   1.6983433e+03   1.1628979e+00   6.3236308e+03
   1.5816700e+00   7.1770129e+04   2.5198858e+01  -2.8008270e+03   1.1630527e+00   6.3224314e+03
   1.5819800e+00   7.1683495e+04   2.5129637e+01  -9.9215831e+03   1.1559264e+00   6.3211924e+03
   1.5822800e+00   7.3976611e+04   3.2090373e+01  -1.6303402e+04   1.1469490e+00   6.3199939e+03
   1.5825900e+00   7.9824017e+04   2.8106096e+01  -1.9576508e+04   1.1448816e+00   6.3187560e+03
   1.5828900e+00   1.1514276e+05   4.2939813e+01   7.6258337e+03   1.1499641e+00   6.3175584e+03
   1.5831900e+00   1.4743471e+05   5.0800013e+01   3.4164425e+04   1.1596789e+00   6.3163613e+03
   1.5835000e+00   1.4277446e+05   4.9660556e+01   2.7050017e+04   1.1625574e+00   6.3151247e+03
   1.5838000e+00   1.0966521e+05   4.0439039e+01  -4.9179878e+03   1.1526178e+00   6.3139285e+03
   1.5841100e+00   8.0856264e+04   2.8238282e+01  -2.9383482e+04   1.1451691e+00   6.3126929e+03
   1.5844100e+00   9.2673944e+04   3.4761127e+01  -1.0978914e+04   1.1382539e+00   6.3114977e+03
   1.5847200e+00   1.0064029e+05   3.6945401e+01   4.5540878e+03   1.1423009e+00   6.3102630e+03
   1.5850200e+00   9.7172478e+04   3.7828590e+01   8.3775168e+03   1.1485504e+00   6.3090687e+03
   1.5853300e+00   8.2941340e+04   3.1828545e+01   1.8285638e+02   1.1556064e+00   6.3078350e+03
   1.5856300e+00   7.3178734e+04   2.7363846e+01  -5.3478377e+03   1.1517725e+00   6.3066415e+03
   1.5859400e+00   7.4048434e+04   2.5865356e+01  -2.1415718e+03   1.1500623e+00   6.3054088e+03
   1.5862500e+00   7.5116761e+04   2.6220211e+01  -3.3874923e+02   1.1425201e+00   6.3041765e+03
   1.5865500e+00   7.9737248e+04   2.8181921e+01   3.9470162e+03   1.1413495e+00   6.3029845e+03
   1.5868600e+00   8.1808011e+04   2.8277363e+01   5.2141537e+03   1.1490988e+00   6.3017531e+03
   1.5871600e+00   8.0548811e+04   2.7737464e+01   3.1952104e+03   1.1584154e+00   6.3005620e+03
   1.5874700e+00   7.6824610e+04   2.7083197e+01  -9.2090470e+02   1.1563739e+00   6.2993316e+03
   1.5877700e+00   7.4865611e+04   2.6384309e+01  -2.8010564e+03   1.1495950e+00   6.2981414e+03
   1.5880800e+00   7.4930373e+04   2.6313825e+01  -2.2714369e+03   1.1415546e+00   6.2969120e+03
   1.5883900e+00   7.4882948e+04   2.6278391e+01  -1.6632171e+03   1.1398417e+00   6.2956831e+03
   1.5886900e+00   7.5129532e+04   2.6157282e+01  -7.8609693e+02   1.1427537e+00   6.2944942e+03
   1.5890000e+00   7.5236307e+04   2.6704683e+01  -2.3761926e+02   1.1500526e+00   6.2932662e+03
   1.5893100e+00   7.5403514e+04   2.6320020e+01   1.0915968e+02   1.1524638e+00   6.2920387e+03
   1.5896100e+00   7.6578241e+04   2.6664909e+01   1.2188441e+03   1.1472615e+00   6.2908512e+03
   1.5899200e+00   7.7253321e+04   2.6981136e+01   1.6640388e+03   1.1388755e+00   6.2896246e+03
   1.5902300e+00   7.6622508e+04   2.6770265e+01   7.3905834e+02   1.1348040e+00   6.2883985e+03
   1.5905300e+00   7.7032838e+04   2.7130990e+01   8.7353732e+02   1.1391834e+00   6.2872124e+03
   1.5908400e+00   7.5183268e+04   2.6386040e+01  -1.1927307e+03   1.1481638e+00   6.2859873e+03
   1.5911500e+00   7.5135298e+04   2.6920503e+01  -1.4035025e+03   1.1500078e+00   6.2847626e+03
   1.5914500e+00   7.7041968e+04   2.7078417e+01   3.5548419e+02   1.1452451e+00   6.2835779e+03
   1.5917600e+00   7.7333396e+04   2.6872883e+01   4.6515485e+02   1.1358812e+00   6.2823541e+03
   1.5920700e+00   7.7167971e+04   2.6981574e+01   4.9373236e+01   1.1290084e+00   6.2811309e+03
   1.5923800e+00   7.6964668e+04   2.7395060e+01  -4.7516981e+02   1.1324747e+00   6.2799081e+03
   1.5926800e+00   7.7258015e+04   2.7053838e+01  -5.3945617e+02   1.1400362e+00   6.2787252e+03
   1.5929900e+00   7.7677037e+04   2.7387530e+01  -4.5280376e+02   1.1465513e+00   6.2775033e+03
   1.5933000e+00   7.7907110e+04   2.7363547e+01  -4.6284494e+02   1.1457925e+00   6.2762819e+03
   1.5936100e+00   7.8024928e+04   2.7448977e+01  -4.4894736e+02   1.1395204e+00   6.2750610e+03
   1.5939200e+00   8.1075118e+04   5.3891955e+01   2.6275466e+03   1.1298303e+00   6.2738406e+03
   1.5942200e+00   7.8693671e+04   2.7597888e+01   3.3280560e+02   1.1276794e+00   6.2726600e+03
   1.5945300e+00   7.9421200e+04   2.7842571e+01   1.0791289e+03   1.1328637e+00   6.2714405e+03
   1.5948400e+00   7.8140595e+04   2.7815703e+01  -4.1042933e+02   1.1374724e+00   6.2702215e+03
   1.5951500e+00   7.8820346e+04   2.8084206e+01  -3.1493838e+02   1.1439989e+00   6.2690029e+03
   1.5954600e+00   8.1105267e+04   2.8454739e+01   9.2542025e+02   1.1382172e+00   6.2677848e+03
   1.5957700e+00   8.0244218e+04   2.8273217e+01  -1.4219995e+03   1.1300356e+00   6.2665672e+03
   1.5960700e+00   8.0378117e+04   2.8319381e+01  -3.0781459e+03   1.1276929e+00   6.2653894e+03
   1.5963800e+00   8.1057545e+04   2.8751270e+01  -4.2542824e+03   1.1309114e+00   6.2641727e+03
   1.5966900e+00   8.5069382e+04   3.0129938e+01  -1.8794369e+03   1.1372657e+00   6.2629565e+03
   1.5970000e+00   9.4523402e+04   3.2646125e+01   6.4123846e+03   1.1441830e+00   6.2617408e+03
   1.5973100e+00   9.6800072e+04   4.2684029e+01   8.1625298e+03   1.1334443e+00   6.2605255e+03
   1.5976200e+00   9.2574083e+04   3.2584419e+01   4.0753067e+03   1.1288884e+00   6.2593107e+03
   1.5979300e+00   8.4223318e+04   2.9466467e+01  -3.5652951e+03   1.1254203e+00   6.2580964e+03
   1.5982400e+00   8.0979657e+04   2.8266139e+01  -5.6987910e+03   1.1279034e+00   6.2568826e+03
   1.5985500e+00   8.1379804e+04   2.8321190e+01  -3.9717433e+03   1.1351244e+00   6.2556692e+03
   1.5988600e+00   8.0984455e+04   2.8442759e+01  -2.9626967e+03   1.1406481e+00   6.2544563e+03
   1.5991700e+00   8.2041549e+04   4.5708633e+01  -5.0070292e+02   1.1384250e+00   6.2532439e+03
   1.5994800e+00   8.1825605e+04   2.8551920e+01   6.4338346e+02   1.1322184e+00   6.2520319e+03
   1.5997900e+00   8.2288226e+04   2.8764539e+01   2.3420215e+03   1.1289613e+00   6.2508204e+03
   1.6001000e+00   8.2816001e+04   2.8817168e+01   3.8020737e+03   1.1261897e+00   6.2496094e+03
   1.6004100e+00   8.3351339e+04   2.9132672e+01   4.6560026e+03   1.1287397e+00   6.2483988e+03
   1.6007200e+00   8.3619215e+04   2.8928036e+01   4.2254938e+03   1.1372668e+00   6.2471888e+03
   1.6010300e+00   8.3400173e+04   2.8949843e+01   1.9026548e+03   1.1364383e+00   6.2459792e+03
   1.6013400e+00   8.3223095e+04   2.8767944e+01  -2.0026728e+03   1.1327500e+00   6.2447700e+03
   1.6016500e+00   8.4338069e+04   2.9161875e+01  -6.1404450e+03   1.1251517e+00   6.2435613e+03
   1.6019600e+00   8.5624639e+04   2.9866466e+01  -1.1129257e+04   1.1230992e+00   6.2423531e+03
   1.6022700e+00   8.6872036e+04   3.0276780e+01  -1.6309431e+04   1.1253636e+00   6.2411454e+03
   1.6025800e+00   1.0505611e+05   3.8378437e+01  -3.6325615e+03   1.1285951e+00   6.2399381e+03
   1.6028900e+00   1.3647001e+05   4.7478549e+01   2.4206533e+04   1.1320952e+00   6.2387313e+03
   1.6032000e+00   1.3872097e+05   4.7284674e+01   2.5497175e+04   1.1312679e+00   6.2375250e+03
   1.6035100e+00   1.1760951e+05   4.1669654e+01   6.2060730e+03   1.1279616e+00   6.2363191e+03
   1.6038200e+00   9.1670874e+04   3.2051104e+01  -1.5528856e+04   1.1235300e+00   6.2351137e+03
   1.6041400e+00   8.8402488e+04   3.1049118e+01  -1.3069521e+04   1.1254190e+00   6.2338699e+03
   1.6044500e+00   8.7571119e+04   3.0283935e+01  -7.7480945e+03   1.1308435e+00   6.2326654e+03
   1.6047600e+00   8.7424574e+04   3.0654675e+01  -2.3890882e+03   1.1291525e+00   6.2314614e+03
   1.6050700e+00   8.7669223e+04   3.0577214e+01   1.8902896e+03   1.1307821e+00   6.2302579e+03
   1.6053800e+00   8.8725709e+04   3.0701831e+01   5.0562242e+03   1.1227603e+00   6.2290548e+03
   1.6056900e+00   8.8893157e+04   3.1024431e+01   5.3365654e+03   1.1239048e+00   6.2278522e+03
   1.6060000e+00   8.9210235e+04   3.0848083e+01   4.0164522e+03   1.1256436e+00   6.2266501e+03
   1.6063200e+00   8.9035019e+04   3.0659465e+01   9.1473423e+02   1.1299347e+00   6.2254096e+03
   1.6066300e+00   8.9345447e+04   3.1023855e+01  -2.4206861e+03   1.1301596e+00   6.2242084e+03
   1.6069400e+00   9.0818755e+04   3.1282796e+01  -4.7201541e+03   1.1294285e+00   6.2230077e+03
   1.6072500e+00   9.2827067e+04   3.2019888e+01  -6.0620064e+03   1.1289324e+00   6.2218074e+03
   1.6075700e+00   1.0175274e+05   3.5088659e+01   3.9174531e+02   1.1282624e+00   6.2205689e+03
   1.6078800e+00   1.1041902e+05   3.8244123e+01   7.7847137e+03   1.1268560e+00   6.2193696e+03
   1.6081900e+00   1.0970512e+05   3.7839194e+01   7.1517151e+03   1.1290825e+00   6.2181707e+03
   1.6085000e+00   9.8209383e+04   3.4523358e+01  -2.9324235e+03   1.1294315e+00   6.2169723e+03
   1.6088200e+00   9.0937650e+04   3.1680816e+01  -7.6658344e+03   1.1298779e+00   6.2157358e+03
   1.6091300e+00   9.1103595e+04   3.1642855e+01  -4.2071616e+03   1.1274344e+00   6.2145383e+03
   1.6094400e+00   9.1717524e+04   3.2430979e+01  -5.9051153e+01   1.1276876e+00   6.2133413e+03
   1.6097500e+00   9.0664877e+04   3.3518933e+01   2.0539160e+03   1.1219827e+00   6.2121447e+03
   1.6100700e+00   9.1825583e+04   3.2832150e+01   5.3637867e+03   1.1242552e+00   6.2109101e+03
   1.6103800e+00   9.2138127e+04   3.2400743e+01   6.2057217e+03   1.1270026e+00   6.2097145e+03
   1.6106900e+00   9.1112177e+04   3.1683125e+01   3.6413519e+03   1.1281508e+00   6.2085193e+03
   1.6110100e+00   9.1797608e+04   3.1774575e+01   5.5433230e+02   1.1285823e+00   6.2072861e+03
   1.6113200e+00   9.2462553e+04   3.1827426e+01  -4.5619642e+03   1.1258398e+00   6.2060919e+03
   1.6116300e+00   9.3157815e+04   3.1967252e+01  -1.0992963e+04   1.1258701e+00   6.2048981e+03
   1.6119500e+00   9.4932551e+04   3.2757452e+01  -1.6646474e+04   1.1268601e+00   6.2036664e+03
   1.6122600e+00   1.0583841e+05   3.7033969e+01  -1.2232708e+04   1.1281041e+00   6.2024735e+03
   1.6125800e+00   1.4233063e+05   4.9019263e+01   1.9854694e+04   1.1285616e+00   6.2012427e+03
   1.6128900e+00   1.5239489e+05   5.2209412e+01   2.8371776e+04   1.1266679e+00   6.2000508e+03
   1.6132000e+00   1.3956215e+05   4.8116924e+01   1.7032010e+04   1.1248312e+00   6.1988594e+03
   1.6135200e+00   1.0655065e+05   3.7578365e+01  -1.1902041e+04   1.1239732e+00   6.1976300e+03
   1.6138300e+00   9.7221809e+04   3.3362516e+01  -1.5541243e+04   1.1266420e+00   6.1964395e+03
   1.6141500e+00   9.5609878e+04   3.2955083e+01  -1.1073732e+04   1.1295779e+00   6.1952111e+03
   1.6144600e+00   9.7317841e+04   3.3515878e+01  -4.0430628e+03   1.1269623e+00   6.1940215e+03
   1.6147700e+00   9.7859142e+04   3.3778813e+01   2.7154820e+02   1.1223161e+00   6.1928324e+03
   1.6150900e+00   9.7046242e+04   3.3839029e+01   1.3860211e+03   1.1216360e+00   6.1916054e+03
   1.6154000e+00   9.9647196e+04   3.5118371e+01   4.2495447e+03   1.1221835e+00   6.1904172e+03
   1.6157200e+00   1.0019954e+05   3.5382384e+01   3.9087215e+03   1.1221510e+00   6.1891912e+03
   1.6160300e+00   1.0094425e+05   3.4920005e+01   3.2249846e+03   1.1250263e+00   6.1880039e+03
   1.6163500e+00   1.0006920e+05   3.4338179e+01   9.0806020e+02   1.1236019e+00   6.1867789e+03
   1.6166600e+00   1.0019932e+05   3.4629064e+01  -1.3744952e+02   1.1202807e+00   6.1855925e+03
   1.6169800e+00   1.0239553e+05   3.5056461e+01   1.1442513e+03   1.1184403e+00   6.1843684e+03
   1.6172900e+00   1.0303667e+05   3.5331170e+01   9.0252443e+02   1.1150725e+00   6.1831830e+03
   1.6176100e+00   1.0242386e+05   3.5849588e+01  -8.7958176e+02   1.1165151e+00   6.1819598e+03
   1.6179300e+00   1.0210698e+05   3.5475845e+01  -2.8966317e+03   1.1213035e+00   6.1807371e+03
   1.6182400e+00   1.0294384e+05   3.5401873e+01  -4.3280058e+03   1.1200788e+00   6.1795531e+03
   1.6185600e+00   1.0465261e+05   3.5791104e+01  -5.2257191e+03   1.1168435e+00   6.1783314e+03
   1.6188700e+00   1.0800175e+05   3.7241694e+01  -4.3630057e+03   1.1108413e+00   6.1771483e+03
   1.6191900e+00   1.1922510e+05   4.0997748e+01   5.0484937e+03   1.1080011e+00   6.1759275e+03
   1.6195000e+00   1.2325990e+05   4.1885646e+01   8.4104681e+03   1.1120264e+00   6.1747453e+03
   1.6198200e+00   1.1905203e+05   4.1102249e+01   4.8611797e+03   1.1140647e+00   6.1735255e+03
   1.6201400e+00   1.0983553e+05   3.8091683e+01  -2.5651309e+03   1.1149559e+00   6.1723061e+03
   1.6204500e+00   1.0912685e+05   3.7451324e+01  -9.6120504e+02   1.1088008e+00   6.1711253e+03
   1.6207700e+00   1.0880240e+05   3.7504705e+01   6.3678494e+02   1.1065139e+00   6.1699069e+03
   1.6210800e+00   1.1108723e+05   3.7889868e+01   3.4508288e+03   1.1032711e+00   6.1687270e+03
   1.6214000e+00   1.1071645e+05   3.7808978e+01   1.3931149e+03   1.1020148e+00   6.1675096e+03
   1.6217200e+00   1.1158934e+05   3.8589573e+01  -2.0220909e+03   1.1045748e+00   6.1662926e+03
   1.6220300e+00   1.1294092e+05   3.9104191e+01   0.0000000e+00   1.1059782e+00   6.1651141e+03
   1.6223500e+00   1.1361222e+05   3.9419553e+01   0.0000000e+00   1.1026451e+00   6.1638980e+03
   1.6226700e+00   1.3792061e+05   4.1731070e+01   0.0000000e+00   1.0839282e+00   6.1626825e+03
   1.6229800e+00   1.3961478e+05   2.9242362e+02   0.0000000e+00   1.0948060e+00   6.1615054e+03
   1.6233000e+00   1.6113674e+05   2.3603199e+02   0.0000000e+00   1.1027730e+00   6.1602908e+03
   1.6236200e+00   1.6258615e+05   2.6129188e+02   0.0000000e+00   1.1140093e+00   6.1590766e+03
   1.6239400e+00   1.5311745e+05   3.0646281e+02   0.0000000e+00   1.1199659e+00   6.1578630e+03
   1.6242500e+00   1.3080681e+05   3.0069583e+02   0.0000000e+00   1.1192113e+00   6.1566877e+03
   1.6245700e+00   1.2419824e+05   2.9885249e+02   0.0000000e+00   1.1119759e+00   6.1554750e+03
   1.6248900e+00   9.9766211e+04   1.3007626e+02   0.0000000e+00   1.1012313e+00   6.1542628e+03
   1.6252100e+00   9.6687417e+04   1.2947169e+02   0.0000000e+00   1.1005788e+00   6.1530510e+03
   1.6255200e+00   9.1384351e+04   1.2111252e+02   0.0000000e+00   1.1043586e+00   6.1518776e+03
   1.6258400e+00   8.6939900e+04   1.2352266e+02   0.0000000e+00   1.1099999e+00   6.1506667e+03
   1.6261600e+00   8.5933590e+04   1.2636839e+02   0.0000000e+00   1.1077277e+00   6.1494564e+03
   1.6264800e+00   8.4650472e+04   1.3167693e+02   0.0000000e+00   1.1023239e+00   6.1482465e+03
   1.6268000e+00   9.2019920e+04   3.6578320e+02   0.0000000e+00   1.1013949e+00   6.1470371e+03
   1.6271100e+00   7.4263532e+04   1.1915802e+02   0.0000000e+00   1.1176752e+00   6.1458660e+03
   1.6274300e+00   6.6834205e+04   8.8346721e+01   0.0000000e+00   1.1241042e+00   6.1446575e+03
   1.6277500e+00   6.2115953e+04   6.8954831e+01   0.0000000e+00   1.1333435e+00   6.1434495e+03
   1.6280700e+00   5.8160423e+04   5.1624781e+01   0.0000000e+00   1.1481567e+00   6.1422420e+03
   1.6283900e+00   5.7020747e+04   4.6485089e+01   0.0000000e+00   1.1494887e+00   6.1410350e+03
   1.6287100e+00   5.2952815e+04   1.9173135e+01   0.0000000e+00   1.1434521e+00   6.1398285e+03
   1.6290200e+00   5.3719513e+04   1.9446403e+01   0.0000000e+00   1.1390710e+00   6.1386601e+03
   1.6293400e+00   5.2989103e+04   1.9360845e+01   0.0000000e+00   1.1425293e+00   6.1374544e+03
   1.6296600e+00   5.3233083e+04   1.9407322e+01   0.0000000e+00   1.1506370e+00   6.1362493e+03
   1.6299800e+00   5.4877936e+04   1.9596251e+01   0.0000000e+00   1.1569878e+00   6.1350446e+03
   1.6303000e+00   5.5308421e+04   1.9932120e+01   0.0000000e+00   1.1488797e+00   6.1338404e+03
   1.6306200e+00   5.6110299e+04   2.0363839e+01   0.0000000e+00   1.1425538e+00   6.1326367e+03
   1.6309400e+00   5.6678591e+04   2.0461124e+01   0.0000000e+00   1.1368672e+00   6.1314334e+03
   1.6312600e+00   5.8767066e+04   2.1277645e+01   0.0000000e+00   1.1322604e+00   6.1302306e+03
   1.6315800e+00   6.3261423e+04   2.2335453e+01   0.0000000e+00   1.1410116e+00   6.1290283e+03
   1.6319000e+00   6.2647498e+04   2.2490347e+01   0.0000000e+00   1.1466714e+00   6.1278265e+03
   1.6322200e+00   5.7004290e+04   2.0785789e+01   0.0000000e+00   1.1505432e+00   6.1266251e+03
   1.6325400e+00   5.5331665e+04   2.0329364e+01   0.0000000e+00   1.1398576e+00   6.1254242e+03
   1.6328600e+00   5.4758238e+04   1.9946192e+01   0.0000000e+00   1.1295698e+00   6.1242238e+03
   1.6331800e+00   5.5283024e+04   2.0092627e+01   0.0000000e+00   1.1296397e+00   6.1230238e+03
   1.6335000e+00   5.4751030e+04   1.9546580e+01   0.0000000e+00   1.1365597e+00   6.1218243e+03
   1.6338200e+00   5.6872234e+04   2.0421264e+01   0.0000000e+00   1.1437466e+00   6.1206253e+03
   1.6341400e+00   5.9027164e+04   2.1072114e+01   0.0000000e+00   1.1446260e+00   6.1194267e+03
   1.6344600e+00   5.9105716e+04   2.1159568e+01   0.0000000e+00   1.1383095e+00   6.1182287e+03
   1.6347800e+00   6.6851668e+04   2.4064443e+01   0.0000000e+00   1.1290134e+00   6.1170310e+03
   1.6351000e+00   7.2271007e+04   2.5542682e+01   0.0000000e+00   1.1234702e+00   6.1158339e+03
   1.6354200e+00   6.9806153e+04   2.4812187e+01   0.0000000e+00   1.1268101e+00   6.1146372e+03
   1.6357400e+00   6.0485996e+04   2.1684906e+01   0.0000000e+00   1.1345493e+00   6.1134410e+03
   1.6360600e+00   5.5527706e+04   2.0346065e+01   0.0000000e+00   1.1389503e+00   6.1122453e+03
   1.6363800e+00   5.5915210e+04   2.0353116e+01   0.0000000e+00   1.1367124e+00   6.1110500e+03
   1.6367000e+00   5.5110869e+04   1.9915400e+01   0.0000000e+00   1.1254270e+00   6.1098552e+03
   1.6370200e+00   5.5345021e+04   1.9970297e+01   0.0000000e+00   1.1169140e+00   6.1086609e+03
   1.6373400e+00   5.2148614e+04   1.9350882e+01   0.0000000e+00   1.1186707e+00   6.1074670e+03
   1.6376600e+00   5.3596258e+04   1.9526313e+01   0.0000000e+00   1.1263600e+00   6.1062736e+03
   1.6379800e+00   5.2832829e+04   1.9305646e+01   0.0000000e+00   1.1352123e+00   6.1050806e+03
   1.6383100e+00   5.4952696e+04   1.9867734e+01   0.0000000e+00   1.1341971e+00   6.1038509e+03
   1.6386300e+00   6.1885450e+04   2.2070277e+01   0.0000000e+00   1.1256560e+00   6.1026589e+03
   1.6389500e+00   6.3250872e+04   2.2440813e+01   0.0000000e+00   1.1151522e+00   6.1014674e+03
   1.6392700e+00   6.0026682e+04   2.1936402e+01   0.0000000e+00   1.1122151e+00   6.1002763e+03
   1.6395900e+00   5.4588452e+04   1.9935920e+01   0.0000000e+00   1.1185562e+00   6.0990857e+03
   1.6399100e+00   5.3795705e+04   1.9531180e+01   0.0000000e+00   1.1273295e+00   6.0978956e+03
   1.6402400e+00   5.2394288e+04   1.8937399e+01   0.0000000e+00   1.1312812e+00   6.0966688e+03
   1.6405600e+00   5.2863278e+04   1.9261325e+01   0.0000000e+00   1.1226997e+00   6.0954796e+03
   1.6408800e+00   5.4553797e+04   1.9798071e+01   0.0000000e+00   1.1139046e+00   6.0942909e+03
   1.6412000e+00   5.8496261e+04   2.1145925e+01   0.0000000e+00   1.1055174e+00   6.0931026e+03
   1.6415200e+00   5.9318804e+04   2.1226226e+01   0.0000000e+00   1.1075929e+00   6.0919148e+03
   1.6418500e+00   5.6899828e+04   2.0633374e+01   0.0000000e+00   1.1212188e+00   6.0906904e+03
   1.6421700e+00   5.4958054e+04   1.9878768e+01   0.0000000e+00   1.1287438e+00   6.0895035e+03
   1.6424900e+00   5.4051071e+04   1.9527394e+01   0.0000000e+00   1.1230700e+00   6.0883171e+03
   1.6428100e+00   5.5329972e+04   2.0032790e+01   0.0000000e+00   1.1133146e+00   6.0871312e+03
   1.6431400e+00   5.5577350e+04   2.0144966e+01   0.0000000e+00   1.1035713e+00   6.0859087e+03
   1.6434600e+00   5.5881594e+04   2.0099573e+01   0.0000000e+00   1.1050184e+00   6.0847237e+03
   1.6437800e+00   6.6011332e+04   2.4005715e+01   0.0000000e+00   1.1132173e+00   6.0835392e+03
   1.6441000e+00   7.4649780e+04   2.6286662e+01   0.0000000e+00   1.1215970e+00   6.0823551e+03
   1.6444300e+00   7.6047847e+04   2.6585289e+01   0.0000000e+00   1.1242320e+00   6.0811345e+03
   1.6447500e+00   6.7341036e+04   2.4205702e+01   0.0000000e+00   1.1134421e+00   6.0799514e+03
   1.6450700e+00   6.0487268e+04   2.1559200e+01   0.0000000e+00   1.1016227e+00   6.0787687e+03
   1.6454000e+00   5.7292213e+04   2.0697604e+01   0.0000000e+00   1.0976937e+00   6.0775495e+03
   1.6457200e+00   5.6050726e+04   2.0299959e+01   0.0000000e+00   1.1050858e+00   6.0763678e+03
   1.6460400e+00   5.6094293e+04   2.0313557e+01   0.0000000e+00   1.1146841e+00   6.0751865e+03
   1.6463700e+00   5.6383917e+04   2.0197237e+01   0.0000000e+00   1.1173846e+00   6.0739688e+03
   1.6466900e+00   5.6802412e+04   2.0730037e+01   0.0000000e+00   1.1125856e+00   6.0727884e+03
   1.6470100e+00   5.8568873e+04   2.1273427e+01   0.0000000e+00   1.1001457e+00   6.0716086e+03
   1.6473400e+00   6.4417562e+04   2.3468743e+01   0.0000000e+00   1.0927297e+00   6.0703923e+03
   1.6476600e+00   7.0566650e+04   2.5238210e+01   0.0000000e+00   1.0976094e+00   6.0692133e+03
   1.6479900e+00   6.9125816e+04   2.4946382e+01   0.0000000e+00   1.1070824e+00   6.0679980e+03
   1.6483100e+00   6.2826221e+04   2.2752149e+01   0.0000000e+00   1.1146063e+00   6.0668200e+03
   1.6486300e+00   5.8509874e+04   2.1098541e+01   0.0000000e+00   1.1139728e+00   6.0656424e+03
   1.6489600e+00   5.7827792e+04   2.0643159e+01   0.0000000e+00   1.1022628e+00   6.0644285e+03
   1.6492800e+00   5.7651822e+04   2.1055588e+01   0.0000000e+00   1.0919904e+00   6.0632518e+03
   1.6496100e+00   6.1775350e+04   2.2584803e+01   0.0000000e+00   1.0897665e+00   6.0620389e+03
   1.6499300e+00   7.5653816e+04   2.6907025e+01   0.0000000e+00   1.0991919e+00   6.0608632e+03
   1.6502600e+00   8.1866770e+04   2.8911971e+01   0.0000000e+00   1.1122831e+00   6.0596512e+03
   1.6505800e+00   7.5303809e+04   2.6723040e+01   0.0000000e+00   1.1132066e+00   6.0584764e+03
   1.6509000e+00   6.2048195e+04   2.2455629e+01   0.0000000e+00   1.1033233e+00   6.0573021e+03
   1.6512300e+00   5.7556022e+04   2.0874197e+01   0.0000000e+00   1.0907566e+00   6.0560915e+03
   1.6515500e+00   5.8396465e+04   2.2264293e+01   0.0000000e+00   1.0892993e+00   6.0549181e+03
   1.6518800e+00   5.6463655e+04   2.0408023e+01   0.0000000e+00   1.0942109e+00   6.0537085e+03
   1.6522000e+00   5.6251631e+04   2.0172333e+01   0.0000000e+00   1.1069110e+00   6.0525360e+03
   1.6525300e+00   5.6281804e+04   2.0481219e+01   0.0000000e+00   1.1094706e+00   6.0513274e+03
   1.6528600e+00   5.7758011e+04   2.1969852e+01   0.0000000e+00   1.1035520e+00   6.0501192e+03
   1.6531800e+00   5.8720389e+04   2.4942152e+01   0.0000000e+00   1.0922511e+00   6.0489481e+03
   1.6535100e+00   5.8678885e+04   2.5942225e+01   0.0000000e+00   1.0814803e+00   6.0477409e+03
   1.6538300e+00   5.8533573e+04   2.3602370e+01   0.0000000e+00   1.0885319e+00   6.0465707e+03
   1.6541600e+00   5.9024327e+04   2.2870123e+01   0.0000000e+00   1.0979529e+00   6.0453644e+03
   1.6544800e+00   5.8855951e+04   2.1858609e+01   0.0000000e+00   1.1054855e+00   6.0441952e+03
   1.6548100e+00   5.9385056e+04   2.2108318e+01   0.0000000e+00   1.1098723e+00   6.0429898e+03
   1.6551300e+00   6.4867121e+04   2.4051012e+01   0.0000000e+00   1.0947936e+00   6.0418215e+03
   1.6554600e+00   6.6856871e+04   2.4468471e+01   0.0000000e+00   1.0850717e+00   6.0406171e+03
   1.6557900e+00   6.3591546e+04   2.2966889e+01   0.0000000e+00   1.0861592e+00   6.0394132e+03
   1.6561100e+00   5.9793532e+04   2.1576471e+01   0.0000000e+00   1.0946237e+00   6.0382463e+03
   1.6564400e+00   5.7508129e+04   2.0899380e+01   0.0000000e+00   1.1039036e+00   6.0370433e+03
   1.6567600e+00   5.7531070e+04   2.0723822e+01   0.0000000e+00   1.1072306e+00   6.0358773e+03
   1.6570900e+00   5.8558242e+04   2.0930180e+01   0.0000000e+00   1.0984319e+00   6.0346752e+03
   1.6574200e+00   5.8760344e+04   2.1033543e+01   0.0000000e+00   1.0897921e+00   6.0334737e+03
   1.6577400e+00   5.8274386e+04   2.1027141e+01   0.0000000e+00   1.0835787e+00   6.0323090e+03
   1.6580700e+00   5.8251534e+04   2.0735799e+01   0.0000000e+00   1.0900515e+00   6.0311085e+03
   1.6584000e+00   5.8258497e+04   2.1160634e+01   0.0000000e+00   1.1021373e+00   6.0299083e+03
   1.6587200e+00   5.8156070e+04   2.0775459e+01   0.0000000e+00   1.1072225e+00   6.0287451e+03
   1.6590500e+00   5.7218673e+04   2.0498551e+01   0.0000000e+00   1.1027438e+00   6.0275459e+03
   1.6593800e+00   5.7832306e+04   2.1026110e+01   0.0000000e+00   1.0930438e+00   6.0263472e+03
   1.6597000e+00   5.8624623e+04   2.1021235e+01   0.0000000e+00   1.0849091e+00   6.0251853e+03
   1.6600300e+00   5.8181427e+04   2.0958007e+01   0.0000000e+00   1.0880415e+00   6.0239875e+03
   1.6603600e+00   5.7860885e+04   2.0936317e+01   0.0000000e+00   1.0953547e+00   6.0227902e+03
   1.6606900e+00   5.7217358e+04   2.0702776e+01   0.0000000e+00   1.1066256e+00   6.0215934e+03
   1.6610100e+00   5.8253772e+04   2.1060680e+01   0.0000000e+00   1.1074595e+00   6.0204334e+03
   1.6613400e+00   5.9315413e+04   2.1234290e+01   0.0000000e+00   1.0982962e+00   6.0192375e+03
   1.6616700e+00   5.8767991e+04   2.1535817e+01   0.0000000e+00   1.0849796e+00   6.0180421e+03
   1.6620000e+00   5.8586157e+04   2.1665363e+01   0.0000000e+00   1.0836947e+00   6.0168472e+03
   1.6623200e+00   5.7534399e+04   2.0905678e+01   0.0000000e+00   1.0908970e+00   6.0156889e+03
   1.6626500e+00   5.7192234e+04   2.0555034e+01   0.0000000e+00   1.1053939e+00   6.0144949e+03
   1.6629800e+00   5.7292122e+04   2.0819511e+01   0.0000000e+00   1.1070078e+00   6.0133014e+03
   1.6633100e+00   5.7647241e+04   2.0711065e+01   0.0000000e+00   1.1022883e+00   6.0121084e+03
   1.6636400e+00   5.8867608e+04   2.1333667e+01   0.0000000e+00   1.0874155e+00   6.0109158e+03
   1.6639600e+00   5.9049724e+04   2.1472760e+01   0.0000000e+00   1.0846250e+00   6.0097598e+03
   1.6642900e+00   5.8685187e+04   2.1091715e+01   0.0000000e+00   1.0882050e+00   6.0085682e+03
   1.6646200e+00   5.8186124e+04   2.0856019e+01   0.0000000e+00   1.0981527e+00   6.0073771e+03
   1.6649500e+00   5.7883668e+04   2.0741679e+01   0.0000000e+00   1.1070190e+00   6.0061864e+03
   1.6652800e+00   5.8565856e+04   2.0784133e+01   0.0000000e+00   1.1058339e+00   6.0049962e+03
   1.6656100e+00   5.9007570e+04   2.0944104e+01   0.0000000e+00   1.0940786e+00   6.0038064e+03
   1.6659300e+00   5.7749891e+04   2.0713828e+01   0.0000000e+00   1.0831463e+00   6.0026532e+03
   1.6662600e+00   5.8401225e+04   2.0729408e+01   0.0000000e+00   1.0801834e+00   6.0014644e+03
   1.6665900e+00   5.8912694e+04   2.1123319e+01   0.0000000e+00   1.0893423e+00   6.0002760e+03
   1.6669200e+00   5.8965400e+04   2.0963843e+01   0.0000000e+00   1.1020854e+00   5.9990881e+03
   1.6672500e+00   5.9517665e+04   2.1039376e+01   0.0000000e+00   1.1063316e+00   5.9979007e+03
   1.6675800e+00   5.9207142e+04   2.1009505e+01   0.0000000e+00   1.0988411e+00   5.9967138e+03
   1.6679100e+00   5.9502016e+04   2.1289550e+01   0.0000000e+00   1.0858041e+00   5.9955273e+03
   1.6682400e+00   6.0310748e+04   2.1982621e+01   0.0000000e+00   1.0802154e+00   5.9943413e+03
   1.6685700e+00   7.4303557e+04   2.7595358e+01   0.0000000e+00   1.0835124e+00   5.9931558e+03
   1.6689000e+00   1.1283552e+05   4.1400444e+01   0.0000000e+00   1.0930828e+00   5.9919708e+03
   1.6692300e+00   1.3100463e+05   4.5453799e+01   0.0000000e+00   1.1022446e+00   5.9907862e+03
   1.6695500e+00   1.1387875e+05   4.0685187e+01   0.0000000e+00   1.1004212e+00   5.9896379e+03
   1.6698800e+00   7.6416429e+04   2.8129931e+01   0.0000000e+00   1.0907901e+00   5.9884543e+03
   1.6702100e+00   6.7778219e+04   2.4116080e+01   0.0000000e+00   1.0812611e+00   5.9872711e+03
   1.6705400e+00   7.8551774e+04   2.7905611e+01   0.0000000e+00   1.0801387e+00   5.9860883e+03
   1.6708700e+00   8.3809755e+04   2.9451370e+01   0.0000000e+00   1.0884272e+00   5.9849061e+03
   1.6712000e+00   7.7792160e+04   2.7636678e+01   0.0000000e+00   1.0976550e+00   5.9837243e+03
   1.6715300e+00   6.4077675e+04   2.2790707e+01   0.0000000e+00   1.0989271e+00   5.9825429e+03
   1.6718600e+00   5.9864514e+04   2.1227480e+01   0.0000000e+00   1.0936373e+00   5.9813621e+03
   1.6721900e+00   6.1006775e+04   2.1782799e+01   0.0000000e+00   1.0807201e+00   5.9801817e+03
   1.6725200e+00   6.1965320e+04   2.2243651e+01   0.0000000e+00   1.0754678e+00   5.9790017e+03
   1.6728500e+00   6.4123479e+04   2.2948846e+01   0.0000000e+00   1.0848958e+00   5.9778223e+03
   1.6731800e+00   6.5927004e+04   2.3641207e+01   0.0000000e+00   1.0956927e+00   5.9766433e+03
   1.6735200e+00   6.4380818e+04   2.2823799e+01   0.0000000e+00   1.1007954e+00   5.9754290e+03
   1.6738500e+00   6.1260928e+04   2.2002037e+01   0.0000000e+00   1.0924910e+00   5.9742510e+03
   1.6741800e+00   5.9906781e+04   3.0465038e+01   0.0000000e+00   1.0829945e+00   5.9730734e+03
   1.6745100e+00   5.9339970e+04   2.1501866e+01   0.0000000e+00   1.0764010e+00   5.9718963e+03
   1.6748400e+00   5.9397686e+04   2.1295638e+01   0.0000000e+00   1.0790680e+00   5.9707196e+03
   1.6751700e+00   5.9650748e+04   2.1350599e+01   0.0000000e+00   1.0859167e+00   5.9695434e+03
   1.6755000e+00   5.9729754e+04   2.1363131e+01   0.0000000e+00   1.0927243e+00   5.9683677e+03
   1.6758300e+00   5.9412177e+04   2.1476872e+01   0.0000000e+00   1.0954966e+00   5.9671924e+03
   1.6761600e+00   6.0319470e+04   2.1683885e+01   0.0000000e+00   1.0871939e+00   5.9660176e+03
   1.6764900e+00   6.0694041e+04   2.1656133e+01   0.0000000e+00   1.0779267e+00   5.9648432e+03
   1.6768200e+00   5.9626957e+04   2.1247355e+01   0.0000000e+00   1.0733793e+00   5.9636693e+03
   1.6771600e+00   5.8395669e+04   2.2792591e+01   0.0000000e+00   1.0787123e+00   5.9624603e+03
   1.6774900e+00   5.7252911e+04   2.0695791e+01   0.0000000e+00   1.0864529e+00   5.9612874e+03
   1.6778200e+00   5.6839673e+04   2.0441841e+01   0.0000000e+00   1.0919717e+00   5.9601149e+03
   1.6781500e+00   5.6323876e+04   2.0542883e+01   0.0000000e+00   1.0871267e+00   5.9589429e+03
   1.6784800e+00   5.6660717e+04   2.0375209e+01   0.0000000e+00   1.0792531e+00   5.9577713e+03
   1.6788100e+00   5.8490007e+04   2.1276024e+01   0.0000000e+00   1.0713577e+00   5.9566002e+03
   1.6791500e+00   5.8323527e+04   2.0958655e+01   0.0000000e+00   1.0711947e+00   5.9553941e+03
   1.6794800e+00   5.7538034e+04   2.0583977e+01   0.0000000e+00   1.0784048e+00   5.9542239e+03
   1.6798100e+00   5.8686838e+04   2.5941420e+01   0.0000000e+00   1.0861568e+00   5.9530542e+03
   1.6801400e+00   5.9274869e+04   2.1235306e+01   0.0000000e+00   1.0828032e+00   5.9518850e+03
   1.6804700e+00   5.9272662e+04   2.1129952e+01   0.0000000e+00   1.0731834e+00   5.9507162e+03
   1.6808100e+00   5.9235673e+04   2.1482941e+01   0.0000000e+00   1.0648435e+00   5.9495124e+03
   1.6811400e+00   5.9047383e+04   2.1885174e+01   0.0000000e+00   1.0635611e+00   5.9483446e+03
   1.6814700e+00   6.0478301e+04   4.4125072e+01   0.0000000e+00   1.0660982e+00   5.9471772e+03
   1.6818000e+00   5.8747516e+04   2.1148333e+01   0.0000000e+00   1.0767968e+00   5.9460102e+03
   1.6821400e+00   5.9759978e+04   2.1410408e+01   0.0000000e+00   1.0780911e+00   5.9448084e+03
   1.6824700e+00   6.1244055e+04   2.1819812e+01   0.0000000e+00   1.0719373e+00   5.9436424e+03
   1.6828000e+00   6.2243070e+04   2.2366799e+01   0.0000000e+00   1.0602163e+00   5.9424768e+03
   1.6831400e+00   6.2022455e+04   2.2225912e+01   0.0000000e+00   1.0546233e+00   5.9412764e+03
   1.6834700e+00   6.3807013e+04   2.2976053e+01   0.0000000e+00   1.0572091e+00   5.9401118e+03
   1.6838000e+00   7.1261931e+04   2.5331517e+01   0.0000000e+00   1.0623359e+00   5.9389476e+03
   1.6841300e+00   7.1773923e+04   2.5894876e+01   0.0000000e+00   1.0651403e+00   5.9377839e+03
   1.6844700e+00   6.9071881e+04   2.4517952e+01   0.0000000e+00   1.0663032e+00   5.9365854e+03
   1.6848000e+00   6.3362115e+04   2.2597919e+01   0.0000000e+00   1.0567941e+00   5.9354226e+03
   1.6851300e+00   6.1506696e+04   2.2010034e+01   0.0000000e+00   1.0505036e+00   5.9342603e+03
   1.6854700e+00   6.1702299e+04   2.2117715e+01   0.0000000e+00   1.0455824e+00   5.9330632e+03
   1.6858000e+00   6.0936982e+04   2.1831919e+01   0.0000000e+00   1.0503357e+00   5.9319018e+03
   1.6861300e+00   6.0744291e+04   2.1989353e+01   0.0000000e+00   1.0553367e+00   5.9307408e+03
   1.6864700e+00   6.1699368e+04   2.1948333e+01   0.0000000e+00   1.0580233e+00   5.9295451e+03
   1.6868000e+00   6.2456471e+04   2.2141164e+01   0.0000000e+00   1.0521468e+00   5.9283851e+03
   1.6871400e+00   6.3069676e+04   2.2515386e+01   0.0000000e+00   1.0434975e+00   5.9271904e+03
   1.6874700e+00   6.3758541e+04   2.3020435e+01   0.0000000e+00   1.0364386e+00   5.9260313e+03
   1.6878000e+00   6.4005065e+04   2.2873705e+01   0.0000000e+00   1.0369492e+00   5.9248726e+03
   1.6881400e+00   6.3316691e+04   2.2764794e+01   0.0000000e+00   1.0391786e+00   5.9236793e+03
   1.6884700e+00   6.3223559e+04   2.2516317e+01   0.0000000e+00   1.0451459e+00   5.9225216e+03
   1.6888100e+00   6.4570570e+04   2.2977954e+01   0.0000000e+00   1.0424999e+00   5.9213292e+03
   1.6891400e+00   6.4380932e+04   2.3298552e+01   0.0000000e+00   1.0323110e+00   5.9201724e+03
   1.6894700e+00   6.6308439e+04   2.3910068e+01   0.0000000e+00   1.0194867e+00   5.9190160e+03
   1.6898100e+00   8.2515476e+04   3.0813635e+01   0.0000000e+00   1.0226394e+00   5.9178251e+03
   1.6901400e+00   1.1137478e+05   4.0080863e+01   0.0000000e+00   1.0235386e+00   5.9166696e+03
   1.6904800e+00   1.1687219e+05   4.0245509e+01   0.0000000e+00   1.0260672e+00   5.9154796e+03
   1.6908100e+00   9.6324899e+04   3.4815428e+01   0.0000000e+00   1.0284972e+00   5.9143251e+03
   1.6911500e+00   7.2423758e+04   2.5832881e+01   0.0000000e+00   1.0238866e+00   5.9131360e+03
   1.6914800e+00   6.6763020e+04   2.3721524e+01   0.0000000e+00   1.0159685e+00   5.9119824e+03
   1.6918200e+00   6.5849690e+04   2.3636455e+01   0.0000000e+00   1.0085493e+00   5.9107943e+03
   1.6921500e+00   6.5923333e+04   2.3544722e+01   0.0000000e+00   1.0095432e+00   5.9096416e+03
   1.6924900e+00   6.5235083e+04   2.3731625e+01   0.0000000e+00   1.0143516e+00   5.9084544e+03
   1.6928200e+00   6.5628796e+04   2.3831020e+01   0.0000000e+00   1.0176929e+00   5.9073026e+03
   1.6931600e+00   6.5130216e+04   2.3011199e+01   0.0000000e+00   1.0153232e+00   5.9061164e+03
   1.6934900e+00   6.5883081e+04   2.3894705e+01   0.0000000e+00   1.0078437e+00   5.9049655e+03
   1.6938300e+00   6.5495998e+04   2.4008074e+01   0.0000000e+00   1.0019465e+00   5.9037802e+03
   1.6941600e+00   6.6647082e+04   2.3783698e+01   0.0000000e+00   1.0009594e+00   5.9026302e+03
   1.6945000e+00   6.6743299e+04   2.3915584e+01   0.0000000e+00   1.0039919e+00   5.9014459e+03
   1.6948300e+00   7.0253251e+04   2.4870090e+01   0.0000000e+00   1.0081918e+00   5.9002968e+03
   1.6951700e+00   8.2361424e+04   2.9316333e+01   0.0000000e+00   1.0078797e+00   5.8991134e+03
   1.6955100e+00   8.6568913e+04   3.0451096e+01   0.0000000e+00   1.0034733e+00   5.8979304e+03
   1.6958400e+00   8.2438764e+04   2.9207966e+01   0.0000000e+00   9.9696163e-01   5.8967827e+03
   1.6961800e+00   7.1745122e+04   2.5272882e+01   0.0000000e+00   9.8937311e-01   5.8956007e+03
   1.6965100e+00   6.8536669e+04   2.4262939e+01   0.0000000e+00   9.8972009e-01   5.8944539e+03
   1.6968500e+00   6.7381658e+04   2.3800113e+01   0.0000000e+00   9.9630714e-01   5.8932728e+03
   1.6971900e+00   6.6939550e+04   2.3698542e+01   0.0000000e+00   9.9827062e-01   5.8920922e+03
   1.6975200e+00   6.7384115e+04   2.3960315e+01   0.0000000e+00   9.9777613e-01   5.8909468e+03
   1.6978600e+00   6.7933420e+04   2.4251187e+01   0.0000000e+00   9.8852865e-01   5.8897671e+03
   1.6981900e+00   6.8762697e+04   2.4291216e+01   0.0000000e+00   9.8197790e-01   5.8886226e+03
   1.6985300e+00   6.8780583e+04   2.4249967e+01   0.0000000e+00   9.8166804e-01   5.8874438e+03
   1.6988700e+00   6.8677785e+04   2.4565819e+01   0.0000000e+00   9.8117573e-01   5.8862656e+03
   1.6992000e+00   6.7845833e+04   2.3997816e+01   0.0000000e+00   9.8434499e-01   5.8851224e+03
   1.6995400e+00   6.8701587e+04   2.4319247e+01   0.0000000e+00   9.8537882e-01   5.8839451e+03
   1.6998800e+00   6.8628671e+04   2.4341258e+01   0.0000000e+00   9.8323290e-01   5.8827682e+03
   1.7002100e+00   7.9484744e+04   2.9264082e+01   0.0000000e+00   9.7542159e-01   5.8816264e+03
   1.7005500e+00   1.1201211e+05   4.0438759e+01   0.0000000e+00   9.6621036e-01   5.8804504e+03
   1.7008900e+00   1.2655429e+05   4.4034104e+01   0.0000000e+00   9.6533996e-01   5.8792750e+03
   1.7012200e+00   1.1159293e+05   3.9576478e+01   0.0000000e+00   9.6968662e-01   5.8781345e+03
   1.7015600e+00   8.1034337e+04   2.9552016e+01   0.0000000e+00   9.7585335e-01   5.8769600e+03
   1.7019000e+00   7.1492460e+04   2.5816097e+01   0.0000000e+00   9.7684103e-01   5.8757859e+03
   1.7022400e+00   7.0086932e+04   2.4788461e+01   0.0000000e+00   9.6983574e-01   5.8746123e+03
   1.7025700e+00   6.9477746e+04   2.4772551e+01   0.0000000e+00   9.6308784e-01   5.8734736e+03
   1.7029100e+00   6.8785429e+04   2.4900258e+01   0.0000000e+00   9.5931155e-01   5.8723009e+03
   1.7032500e+00   6.8602061e+04   2.4674451e+01   0.0000000e+00   9.6237630e-01   5.8711287e+03
   1.7035900e+00   7.1169302e+04   7.0862455e+01   0.0000000e+00   9.6611570e-01   5.8699570e+03
   1.7039200e+00   7.1517068e+04   9.1513948e+01   0.0000000e+00   9.6873984e-01   5.8688201e+03
   1.7042600e+00   6.8478711e+04   2.4373424e+01   0.0000000e+00   9.6614245e-01   5.8676493e+03
   1.7046000e+00   6.9566344e+04   2.4855695e+01   0.0000000e+00   9.5743544e-01   5.8664789e+03
   1.7049400e+00   6.9584114e+04   2.4583022e+01   0.0000000e+00   9.5416681e-01   5.8653090e+03
   1.7052700e+00   7.0111901e+04   2.5148626e+01   0.0000000e+00   9.5057881e-01   5.8641740e+03
   1.7056100e+00   7.0163545e+04   2.5326885e+01   0.0000000e+00   9.5378304e-01   5.8630050e+03
   1.7059500e+00   7.0000311e+04   2.4932809e+01   0.0000000e+00   9.5921178e-01   5.8618365e+03
   1.7062900e+00   6.8997424e+04   2.4620879e+01   0.0000000e+00   9.6014098e-01   5.8606685e+03
   1.7066300e+00   6.8476731e+04   2.4438367e+01   0.0000000e+00   9.5629384e-01   5.8595009e+03
   1.7069700e+00   7.0907469e+04   2.5356978e+01   0.0000000e+00   9.4600224e-01   5.8583338e+03
   1.7073000e+00   7.6859833e+04   2.7476674e+01   0.0000000e+00   9.4305501e-01   5.8572014e+03
   1.7076400e+00   8.3641271e+04   2.9668661e+01   0.0000000e+00   9.4390397e-01   5.8560352e+03
   1.7079800e+00   8.3782142e+04   2.9503490e+01   0.0000000e+00   9.5061457e-01   5.8548695e+03
   1.7083200e+00   7.6765484e+04   2.7295698e+01   0.0000000e+00   9.5351812e-01   5.8537042e+03
   1.7086600e+00   7.1941454e+04   2.5457173e+01   0.0000000e+00   9.5185688e-01   5.8525394e+03
   1.7090000e+00   7.0229048e+04   2.5019988e+01   0.0000000e+00   9.4342171e-01   5.8513751e+03
   1.7093400e+00   7.2256688e+04   4.2424846e+01   0.0000000e+00   9.3254051e-01   5.8502112e+03
   1.7096700e+00   7.2631311e+04   2.7466404e+01   0.0000000e+00   9.3110729e-01   5.8490820e+03
   1.7100100e+00   7.4905199e+04   6.4423810e+01   0.0000000e+00   9.3796128e-01   5.8479190e+03
   1.7103500e+00   7.0819388e+04   2.5257246e+01   0.0000000e+00   9.4750519e-01   5.8467565e+03
   1.7106900e+00   7.1705584e+04   2.5289165e+01   0.0000000e+00   9.4684975e-01   5.8455945e+03
   1.7110300e+00   7.2192574e+04   2.5632542e+01   0.0000000e+00   9.3999538e-01   5.8444329e+03
   1.7113700e+00   7.3637475e+04   2.5941365e+01   0.0000000e+00   9.3374752e-01   5.8432718e+03
   1.7117100e+00   8.0677346e+04   2.8963416e+01   0.0000000e+00   9.2863937e-01   5.8421111e+03
   1.7120500e+00   1.0425891e+05   3.7673425e+01   0.0000000e+00   9.2777429e-01   5.8409509e+03
   1.7123900e+00   1.1334660e+05   4.0565798e+01   0.0000000e+00   9.3591422e-01   5.8397912e+03
   1.7127300e+00   1.0336278e+05   3.7318666e+01   0.0000000e+00   9.3902983e-01   5.8386319e+03
   1.7130700e+00   8.1704679e+04   2.9624978e+01   0.0000000e+00   9.3592600e-01   5.8374731e+03
   1.7134100e+00   7.5973993e+04   2.6908992e+01   0.0000000e+00   9.2919450e-01   5.8363147e+03
   1.7137500e+00   7.4266775e+04   2.6207526e+01   0.0000000e+00   9.2320473e-01   5.8351568e+03
   1.7140900e+00   7.3691063e+04   2.6530227e+01   0.0000000e+00   9.2110280e-01   5.8339994e+03
   1.7144300e+00   7.2596494e+04   2.5726423e+01   0.0000000e+00   9.2609718e-01   5.8328424e+03
   1.7147700e+00   7.3010423e+04   2.5725810e+01   0.0000000e+00   9.3205499e-01   5.8316859e+03
   1.7151100e+00   7.2372276e+04   2.5896388e+01   0.0000000e+00   9.3519599e-01   5.8305298e+03
   1.7154500e+00   7.1533539e+04   2.5304290e+01   0.0000000e+00   9.2794622e-01   5.8293742e+03
   1.7157900e+00   7.3788518e+04   2.6334193e+01   0.0000000e+00   9.2035691e-01   5.8282191e+03
   1.7161300e+00   7.3987938e+04   2.6259089e+01   0.0000000e+00   9.1594420e-01   5.8270644e+03
   1.7164700e+00   7.4416080e+04   2.6331057e+01   0.0000000e+00   9.1639913e-01   5.8259102e+03
   1.7168100e+00   7.3356975e+04   2.6013627e+01   0.0000000e+00   9.2411426e-01   5.8247564e+03
   1.7171500e+00   7.4567459e+04   2.6645924e+01   0.0000000e+00   9.2924739e-01   5.8236031e+03
   1.7174900e+00   7.6622436e+04   2.7420056e+01   0.0000000e+00   9.2644022e-01   5.8224502e+03
   1.7178300e+00   7.6883608e+04   2.7180834e+01   0.0000000e+00   9.1808577e-01   5.8212978e+03
   1.7181700e+00   7.5870427e+04   2.7246284e+01   0.0000000e+00   9.1009672e-01   5.8201459e+03
   1.7185100e+00   7.5677147e+04   2.6661819e+01   0.0000000e+00   9.0953209e-01   5.8189944e+03
   1.7188500e+00   7.5235965e+04   2.6779560e+01   0.0000000e+00   9.1367443e-01   5.8178433e+03
   1.7191900e+00   7.5463635e+04   2.7436679e+01   0.0000000e+00   9.1968902e-01   5.8166927e+03
   1.7195300e+00   7.5012274e+04   2.9430320e+01   0.0000000e+00   9.1982039e-01   5.8155426e+03
   1.7198700e+00   7.5698004e+04   3.8409097e+01   0.0000000e+00   9.1701054e-01   5.8143929e+03
   1.7202200e+00   7.6898980e+04   2.7328696e+01   0.0000000e+00   9.0625034e-01   5.8132099e+03
   1.7205600e+00   8.3449787e+04   3.6818399e+01   0.0000000e+00   8.9502709e-01   5.8120612e+03
   1.7209000e+00   8.7893957e+04   3.5229841e+01   0.0000000e+00   8.9823028e-01   5.8109129e+03
   1.7212400e+00   8.8485449e+04   3.1606455e+01   0.0000000e+00   9.0519696e-01   5.8097651e+03
   1.7215800e+00   8.1846358e+04   2.8574793e+01   0.0000000e+00   9.1464903e-01   5.8086177e+03
   1.7219200e+00   7.8120592e+04   2.7730866e+01   0.0000000e+00   9.1336579e-01   5.8074707e+03
   1.7222600e+00   7.9779436e+04   2.8009985e+01   0.0000000e+00   9.0286282e-01   5.8063242e+03
   1.7226100e+00   7.8958395e+04   2.7804744e+01   0.0000000e+00   8.9536529e-01   5.8051445e+03
   1.7229500e+00   7.9015587e+04   2.7910534e+01   0.0000000e+00   8.9209594e-01   5.8039990e+03
   1.7232900e+00   7.8341221e+04   2.7685507e+01   0.0000000e+00   8.9572656e-01   5.8028538e+03
   1.7236300e+00   7.9019313e+04   2.8163452e+01   0.0000000e+00   9.0329775e-01   5.8017092e+03
   1.7239700e+00   8.0921958e+04   2.8268300e+01   0.0000000e+00   9.0484775e-01   5.8005650e+03
   1.7243100e+00   8.9440491e+04   3.2092382e+01   0.0000000e+00   8.9799086e-01   5.7994212e+03
   1.7246600e+00   9.8711725e+04   3.4804788e+01   0.0000000e+00   8.8836865e-01   5.7982443e+03
   1.7250000e+00   1.0001470e+05   3.5198691e+01   0.0000000e+00   8.8182189e-01   5.7971014e+03
   1.7253400e+00   9.3816411e+04   3.2870062e+01   0.0000000e+00   8.8464866e-01   5.7959591e+03
   1.7256800e+00   8.4900154e+04   2.9671812e+01   0.0000000e+00   8.8912625e-01   5.7948171e+03
   1.7260300e+00   8.1788912e+04   2.9002848e+01   0.0000000e+00   8.9489017e-01   5.7936421e+03
   1.7263700e+00   8.1854223e+04   2.9093036e+01   0.0000000e+00   8.9264537e-01   5.7925010e+03
   1.7267100e+00   8.1199308e+04   2.9047157e+01   0.0000000e+00   8.8496246e-01   5.7913604e+03
   1.7270500e+00   8.3502886e+04   2.9562026e+01   0.0000000e+00   8.7530364e-01   5.7902203e+03
   1.7274000e+00   8.2741827e+04   2.9308875e+01   0.0000000e+00   8.7229503e-01   5.7890471e+03
   1.7277400e+00   8.3295485e+04   2.9484625e+01   0.0000000e+00   8.7430790e-01   5.7879079e+03
   1.7280800e+00   8.5062047e+04   3.0085828e+01   0.0000000e+00   8.8125248e-01   5.7867691e+03
   1.7284200e+00   8.4904119e+04   2.9900428e+01   0.0000000e+00   8.8375383e-01   5.7856308e+03
   1.7287700e+00   8.6072318e+04   5.2048420e+01   0.0000000e+00   8.7749406e-01   5.7844595e+03
   1.7291100e+00   8.4435769e+04   2.9636984e+01   0.0000000e+00   8.6801261e-01   5.7833221e+03
   1.7294500e+00   8.3818841e+04   2.9448056e+01   0.0000000e+00   8.5907292e-01   5.7821851e+03
   1.7298000e+00   8.4902336e+04   2.9920098e+01   0.0000000e+00   8.6172297e-01   5.7810151e+03
   1.7301400e+00   8.5093683e+04   3.0335168e+01   0.0000000e+00   8.6788608e-01   5.7798791e+03
   1.7304800e+00   8.5947078e+04   3.0134115e+01   0.0000000e+00   8.7234091e-01   5.7787435e+03
   1.7308300e+00   8.5475681e+04   3.0000938e+01   0.0000000e+00   8.7139932e-01   5.7775749e+03
   1.7311700e+00   8.4630212e+04   3.0201195e+01   0.0000000e+00   8.6026347e-01   5.7764402e+03
   1.7315100e+00   8.6902287e+04   3.0864137e+01   0.0000000e+00   8.5188351e-01   5.7753059e+03
   1.7318600e+00   8.7159604e+04   3.0693255e+01   0.0000000e+00   8.4737113e-01   5.7741388e+03
   1.7322000e+00   8.8353169e+04   3.1626573e+01   0.0000000e+00   8.4991651e-01   5.7730054e+03
   1.7325400e+00   9.1660112e+04   3.2297037e+01   0.0000000e+00   8.5633973e-01   5.7718725e+03
   1.7328900e+00   9.6008981e+04   3.4092643e+01   0.0000000e+00   8.6024744e-01   5.7707067e+03
   1.7332300e+00   9.8226077e+04   3.4054234e+01   0.0000000e+00   8.5513490e-01   5.7695747e+03
   1.7335700e+00   9.4486751e+04   3.2940715e+01   0.0000000e+00   8.4661850e-01   5.7684432e+03
   1.7339200e+00   9.0744243e+04   3.2238236e+01   0.0000000e+00   8.4025589e-01   5.7672788e+03
   1.7342600e+00   9.0914624e+04   3.3660489e+01   0.0000000e+00   8.4057613e-01   5.7661481e+03
   1.7346100e+00   9.0062403e+04   3.1705555e+01   0.0000000e+00   8.4500653e-01   5.7649846e+03
   1.7349500e+00   9.4352101e+04   3.2868917e+01   0.0000000e+00   8.5044040e-01   5.7638549e+03
   1.7352900e+00   9.6702620e+04   3.3674304e+01   0.0000000e+00   8.4876627e-01   5.7627255e+03
   1.7356400e+00   9.6688883e+04   3.3778921e+01   0.0000000e+00   8.4107318e-01   5.7615635e+03
   1.7359800e+00   9.8624437e+04   3.4947515e+01   0.0000000e+00   8.3235169e-01   5.7604350e+03
   1.7363300e+00   9.7929024e+04   3.4452968e+01   0.0000000e+00   8.2924629e-01   5.7592739e+03
   1.7366700e+00   9.5605942e+04   3.3664116e+01   0.0000000e+00   8.3143009e-01   5.7581463e+03
   1.7370200e+00   9.3743201e+04   3.3045084e+01   0.0000000e+00   8.3702700e-01   5.7569861e+03
   1.7373600e+00   9.2687160e+04   3.2881451e+01   0.0000000e+00   8.4125702e-01   5.7558595e+03
   1.7377100e+00   9.7029538e+04   3.3630823e+01   0.0000000e+00   8.3911611e-01   5.7547002e+03
   1.7380500e+00   1.0586036e+05   3.7281935e+01   0.0000000e+00   8.3054330e-01   5.7535744e+03
   1.7384000e+00   1.1870257e+05   4.1388402e+01   0.0000000e+00   8.2162510e-01   5.7524160e+03
   1.7387400e+00   1.1960257e+05   4.1537077e+01   0.0000000e+00   8.2176679e-01   5.7512912e+03
   1.7390900e+00   1.0966417e+05   3.8199480e+01   0.0000000e+00   8.2669714e-01   5.7501337e+03
   1.7394300e+00   9.8876909e+04   3.4618380e+01   0.0000000e+00   8.3167783e-01   5.7490097e+03
   1.7397800e+00   9.5294463e+04   3.3495703e+01   0.0000000e+00   8.3094357e-01   5.7478532e+03
   1.7401200e+00   9.5644400e+04   3.3317559e+01   0.0000000e+00   8.2709867e-01   5.7467301e+03
   1.7404700e+00   9.7154623e+04   3.4087108e+01   0.0000000e+00   8.1689699e-01   5.7455745e+03
   1.7408100e+00   9.7898524e+04   3.4214862e+01   0.0000000e+00   8.1278893e-01   5.7444523e+03
   1.7411600e+00   9.6995750e+04   3.4177627e+01   0.0000000e+00   8.1318777e-01   5.7432976e+03
   1.7415000e+00   9.5024052e+04   3.3735523e+01   0.0000000e+00   8.2099031e-01   5.7421763e+03
   1.7418500e+00   9.5987287e+04   3.3564870e+01   0.0000000e+00   8.2430384e-01   5.7410225e+03
   1.7421900e+00   9.9414852e+04   3.5019067e+01   0.0000000e+00   8.2170135e-01   5.7399021e+03
   1.7425400e+00   1.0444385e+05   3.6511447e+01   0.0000000e+00   8.1574652e-01   5.7387492e+03
   1.7428800e+00   1.0557416e+05   3.7014853e+01   0.0000000e+00   8.0949554e-01   5.7376297e+03
   1.7432300e+00   1.0276453e+05   3.6063220e+01   0.0000000e+00   8.0660852e-01   5.7364777e+03
   1.7435800e+00   9.9800203e+04   3.4772836e+01   0.0000000e+00   8.1182164e-01   5.7353262e+03
   1.7439200e+00   9.8335878e+04   3.4455638e+01   0.0000000e+00   8.1530766e-01   5.7342080e+03
   1.7442700e+00   1.0096654e+05   3.5170461e+01   0.0000000e+00   8.1692195e-01   5.7330574e+03
   1.7446100e+00   1.1130986e+05   3.9122099e+01   0.0000000e+00   8.1267313e-01   5.7319401e+03
   1.7449600e+00   1.2139331e+05   4.2725879e+01   0.0000000e+00   8.0695792e-01   5.7307904e+03
   1.7453100e+00   1.1971348e+05   4.1405794e+01   0.0000000e+00   8.0066187e-01   5.7296412e+03
   1.7456500e+00   1.0749745e+05   3.7919645e+01   0.0000000e+00   8.0400328e-01   5.7285252e+03
   1.7460000e+00   1.0155182e+05   3.5192977e+01   0.0000000e+00   8.0514536e-01   5.7273769e+03
   1.7463400e+00   1.0016600e+05   3.5128108e+01   0.0000000e+00   8.1068721e-01   5.7262618e+03
   1.7466900e+00   9.9535828e+04   3.4777774e+01   0.0000000e+00   8.1130025e-01   5.7251144e+03
   1.7470400e+00   1.0106791e+05   3.5075033e+01   0.0000000e+00   8.0426829e-01   5.7239674e+03
   1.7473800e+00   1.0200722e+05   3.5513527e+01   0.0000000e+00   7.9935639e-01   5.7228536e+03
   1.7477300e+00   1.0239320e+05   3.5457328e+01   0.0000000e+00   7.9770717e-01   5.7217076e+03
   1.7480800e+00   1.0275239e+05   3.5991515e+01   0.0000000e+00   8.0001263e-01   5.7205620e+03
   1.7484200e+00   1.0208788e+05   3.5766635e+01   0.0000000e+00   8.0591997e-01   5.7194496e+03
   1.7487700e+00   1.0118449e+05   3.5426025e+01   0.0000000e+00   8.0944529e-01   5.7183049e+03
   1.7491200e+00   1.0179675e+05   3.5371734e+01   0.0000000e+00   8.0615679e-01   5.7171606e+03
   1.7494600e+00   1.0280794e+05   3.5651904e+01   0.0000000e+00   7.9985964e-01   5.7160495e+03
   1.7498100e+00   1.0605380e+05   3.6630255e+01   0.0000000e+00   7.9594695e-01   5.7149062e+03
   1.7501600e+00   1.1042484e+05   3.8495296e+01   0.0000000e+00   7.9472984e-01   5.7137633e+03
   1.7505100e+00   1.1150680e+05   3.9434975e+01   0.0000000e+00   7.9879930e-01   5.7126209e+03
   1.7508500e+00   1.0951156e+05   3.8254497e+01   0.0000000e+00   8.0323376e-01   5.7115116e+03
   1.7512000e+00   1.0521825e+05   3.6307318e+01   0.0000000e+00   8.0488312e-01   5.7103700e+03
   1.7515500e+00   1.0423281e+05   3.6345824e+01   0.0000000e+00   7.9986860e-01   5.7092290e+03
   1.7519000e+00   1.0367005e+05   3.5713855e+01   0.0000000e+00   7.9448358e-01   5.7080884e+03
   1.7522400e+00   1.0437914e+05   3.6253513e+01   0.0000000e+00   7.9149600e-01   5.7069808e+03
   1.7525900e+00   1.0549192e+05   3.6621076e+01   0.0000000e+00   7.9483093e-01   5.7058411e+03
   1.7529400e+00   1.0625470e+05   3.6813575e+01   0.0000000e+00   8.0071817e-01   5.7047018e+03
   1.7532900e+00   1.0491076e+05   3.6156019e+01   0.0000000e+00   8.0194041e-01   5.7035630e+03
   1.7536300e+00   1.0451727e+05   3.6914295e+01   0.0000000e+00   7.9983463e-01   5.7024572e+03
   1.7539800e+00   1.0543398e+05   3.7007921e+01   0.0000000e+00   7.9525576e-01   5.7013193e+03
   1.7543300e+00   1.0704551e+05   3.6968869e+01   0.0000000e+00   7.8936770e-01   5.7001818e+03
   1.7546800e+00   1.0574954e+05   3.7190036e+01   0.0000000e+00   7.8916621e-01   5.6990448e+03
   1.7550200e+00   1.0597623e+05   3.6991425e+01   0.0000000e+00   7.9276520e-01   5.6979408e+03
   1.7553700e+00   1.0399058e+05   3.6069239e+01   0.0000000e+00   7.9744315e-01   5.6968047e+03
   1.7557200e+00   1.0366944e+05   3.6171704e+01   0.0000000e+00   7.9791459e-01   5.6956690e+03
   1.7560700e+00   1.0442141e+05   3.7156804e+01   0.0000000e+00   7.9559426e-01   5.6945338e+03
   1.7564200e+00   1.0587300e+05   3.6848840e+01   0.0000000e+00   7.9005100e-01   5.6933991e+03
   1.7567700e+00   1.0538585e+05   3.6901851e+01   0.0000000e+00   7.8702464e-01   5.6922648e+03
   1.7571100e+00   1.0576683e+05   3.7105891e+01   0.0000000e+00   7.8766824e-01   5.6911633e+03
   1.7574600e+00   1.0379702e+05   3.6223579e+01   0.0000000e+00   7.9309176e-01   5.6900299e+03
   1.7578100e+00   1.0376139e+05   3.6329764e+01   0.0000000e+00   7.9774607e-01   5.6888970e+03
   1.7581600e+00   1.0482722e+05   3.6515316e+01   0.0000000e+00   7.9774307e-01   5.6877645e+03
   1.7585100e+00   1.0515251e+05   3.6572242e+01   0.0000000e+00   7.9355646e-01   5.6866324e+03
   1.7588600e+00   1.0683406e+05   3.7286569e+01   0.0000000e+00   7.8674422e-01   5.6855008e+03
   1.7592100e+00   1.0765844e+05   3.7577167e+01   0.0000000e+00   7.8411199e-01   5.6843697e+03
   1.7595500e+00   1.0792689e+05   3.7467054e+01   0.0000000e+00   7.8838955e-01   5.6832713e+03
   1.7599000e+00   1.0762943e+05   3.7609642e+01   0.0000000e+00   7.9436010e-01   5.6821410e+03
   1.7602500e+00   1.0801122e+05   3.7481113e+01   0.0000000e+00   7.9578796e-01   5.6810112e+03
   1.7606000e+00   1.0876232e+05   3.7653380e+01   0.0000000e+00   7.9400973e-01   5.6798819e+03
   1.7609500e+00   1.1201858e+05   3.8808629e+01   0.0000000e+00   7.8853302e-01   5.6787529e+03
   1.7613000e+00   1.1138268e+05   3.8722031e+01   0.0000000e+00   7.8453885e-01   5.6776245e+03
   1.7616500e+00   1.1468115e+05   3.9779740e+01   0.0000000e+00   7.8121738e-01   5.6764965e+03
   1.7620000e+00   1.1227022e+05   3.9498003e+01   0.0000000e+00   7.8539838e-01   5.6753689e+03
   1.7623500e+00   1.1299892e+05   3.9448803e+01   0.0000000e+00   7.9182316e-01   5.6742418e+03
   1.7627000e+00   1.1287887e+05   3.8938871e+01   0.0000000e+00   7.9348424e-01   5.6731151e+03
   1.7630500e+00   1.1465223e+05   3.9480399e+01   0.0000000e+00   7.8967371e-01   5.6719889e+03
   1.7633900e+00   1.1387769e+05   3.9912088e+01   0.0000000e+00   7.8426294e-01   5.6708953e+03
   1.7637400e+00   1.1606923e+05   4.0126456e+01   0.0000000e+00   7.7971422e-01   5.6697699e+03
   1.7640900e+00   1.1597981e+05   3.9992884e+01   0.0000000e+00   7.8059083e-01   5.6686450e+03
   1.7644400e+00   1.2088147e+05   4.1587565e+01   0.0000000e+00   7.8422820e-01   5.6675206e+03
   1.7647900e+00   1.3964610e+05   4.9114910e+01   0.0000000e+00   7.8855314e-01   5.6663966e+03
   1.7651400e+00   1.7361070e+05   5.9762492e+01   0.0000000e+00   7.8802873e-01   5.6652730e+03
   1.7654900e+00   1.8145858e+05   6.2196572e+01   0.0000000e+00   7.8344668e-01   5.6641499e+03
   1.7658400e+00   1.5830577e+05   5.4783458e+01   0.0000000e+00   7.7683339e-01   5.6630272e+03
   1.7661900e+00   1.3413447e+05   4.6215790e+01   0.0000000e+00   7.7335597e-01   5.6619050e+03
   1.7665400e+00   1.2927232e+05   4.4766129e+01   0.0000000e+00   7.7656779e-01   5.6607832e+03
   1.7668900e+00   1.3564105e+05   4.7308011e+01   0.0000000e+00   7.8275205e-01   5.6596619e+03
   1.7672400e+00   1.4106981e+05   4.9038343e+01   0.0000000e+00   7.8674115e-01   5.6585410e+03
   1.7675900e+00   1.3578837e+05   4.6768927e+01   0.0000000e+00   7.8308598e-01   5.6574206e+03
   1.7679400e+00   1.2735274e+05   4.3737728e+01   0.0000000e+00   7.7852033e-01   5.6563006e+03
   1.7682900e+00   1.2357302e+05   4.2355328e+01   0.0000000e+00   7.7412397e-01   5.6551810e+03
   1.7686400e+00   1.2219020e+05   4.2018895e+01   0.0000000e+00   7.7338199e-01   5.6540619e+03
   1.7690000e+00   1.2242484e+05   4.2529509e+01   0.0000000e+00   7.7435889e-01   5.6529112e+03
   1.7693500e+00   1.2258014e+05   4.2195028e+01   0.0000000e+00   7.7981015e-01   5.6517930e+03
   1.7697000e+00   1.2586489e+05   4.3363565e+01   0.0000000e+00   7.8447203e-01   5.6506753e+03
   1.7700500e+00   1.2671773e+05   4.3970594e+01   0.0000000e+00   7.7895439e-01   5.6495579e+03
   1.7704000e+00   1.2694250e+05   4.3545756e+01   0.0000000e+00   7.7275187e-01   5.6484410e+03
   1.7707500e+00   1.2408253e+05   4.3249043e+01   0.0000000e+00   7.6986164e-01   5.6473246e+03
   1.7711000e+00   1.2381352e+05   4.2900679e+01   0.0000000e+00   7.6904756e-01   5.6462086e+03
   1.7714500e+00   1.2341307e+05   4.2500421e+01   0.0000000e+00   7.7213048e-01   5.6450930e+03
   1.7718000e+00   1.2267324e+05   4.2451005e+01   0.0000000e+00   7.7719566e-01   5.6439779e+03
   1.7721500e+00   1.2581476e+05   4.3017256e+01   0.0000000e+00   7.7590051e-01   5.6428632e+03
   1.7725000e+00   1.2578760e+05   4.3331707e+01   0.0000000e+00   7.6891915e-01   5.6417489e+03
   1.7728500e+00   1.2664673e+05   4.3749397e+01   0.0000000e+00   7.6268417e-01   5.6406351e+03
   1.7732100e+00   1.2981599e+05   4.4247891e+01   0.0000000e+00   7.6075864e-01   5.6394900e+03
   1.7735600e+00   1.3028140e+05   4.4577132e+01   0.0000000e+00   7.6032747e-01   5.6383770e+03
   1.7739100e+00   1.2754161e+05   4.4063263e+01   0.0000000e+00   7.6405696e-01   5.6372646e+03
   1.7742600e+00   1.2863277e+05   4.4383496e+01   0.0000000e+00   7.6366462e-01   5.6361525e+03
   1.7746100e+00   1.3118044e+05   4.4971487e+01   0.0000000e+00   7.5958705e-01   5.6350409e+03
   1.7749600e+00   1.2943298e+05   4.5058597e+01   0.0000000e+00   7.5549665e-01   5.6339298e+03
   1.7753100e+00   1.3050037e+05   4.5231586e+01   0.0000000e+00   7.4725882e-01   5.6328191e+03
   1.7756700e+00   1.3244227e+05   4.5916145e+01   0.0000000e+00   7.4164388e-01   5.6316771e+03
   1.7760200e+00   1.3407677e+05   4.6579783e+01   0.0000000e+00   7.4261705e-01   5.6305672e+03
   1.7763700e+00   1.3350285e+05   4.6005050e+01   0.0000000e+00   7.4354772e-01   5.6294578e+03
   1.7767200e+00   1.3400256e+05   4.5842414e+01   0.0000000e+00   7.4403042e-01   5.6283489e+03
   1.7770700e+00   1.3482559e+05   4.6657127e+01   0.0000000e+00   7.4009017e-01   5.6272403e+03
   1.7774200e+00   1.3673985e+05   4.7084123e+01   0.0000000e+00   7.3128473e-01   5.6261323e+03
   1.7777800e+00   1.3850822e+05   4.7561766e+01   0.0000000e+00   7.2323420e-01   5.6249930e+03
   1.7781300e+00   1.3862648e+05   4.7644984e+01   0.0000000e+00   7.2042782e-01   5.6238858e+03
   1.7784800e+00   1.3957278e+05   4.8190703e+01   0.0000000e+00   7.2023215e-01   5.6227790e+03
   1.7788300e+00   1.4015993e+05   4.7965705e+01   0.0000000e+00   7.1869294e-01   5.6216727e+03
   1.7791900e+00   1.4045565e+05   4.8530238e+01   0.0000000e+00   7.1639413e-01   5.6205352e+03
   1.7795400e+00   1.4310247e+05   4.9454870e+01   0.0000000e+00   7.0946697e-01   5.6194297e+03
   1.7798900e+00   1.4642469e+05   5.0043981e+01   0.0000000e+00   6.9939667e-01   5.6183247e+03
   1.7802400e+00   1.4829666e+05   5.1172594e+01   0.0000000e+00   6.9320066e-01   5.6172202e+03
   1.7805900e+00   1.4802321e+05   5.0683056e+01   0.0000000e+00   6.9162773e-01   5.6161160e+03
   1.7809500e+00   1.5002347e+05   5.1405204e+01   0.0000000e+00   6.8841099e-01   5.6149808e+03
   1.7813000e+00   1.5474312e+05   5.3009466e+01   0.0000000e+00   6.8396849e-01   5.6138775e+03
   1.7816500e+00   1.5460604e+05   5.2892699e+01   0.0000000e+00   6.7481072e-01   5.6127747e+03
   1.7820000e+00   1.5640634e+05   5.3312009e+01   0.0000000e+00   6.6539550e-01   5.6116723e+03
   1.7823600e+00   1.5754139e+05   5.4291868e+01   0.0000000e+00   6.5801958e-01   5.6105388e+03
   1.7827100e+00   1.6157692e+05   5.5155426e+01   0.0000000e+00   6.4772523e-01   5.6094373e+03
   1.7830600e+00   1.6382471e+05   5.6383415e+01   0.0000000e+00   6.4277016e-01   5.6083362e+03
   1.7834200e+00   1.6618210e+05   5.6582733e+01   0.0000000e+00   6.3809751e-01   5.6072041e+03
   1.7837700e+00   1.6936391e+05   5.8058007e+01   0.0000000e+00   6.3177794e-01   5.6061039e+03
   1.7841200e+00   1.7160781e+05   5.8643777e+01   0.0000000e+00   6.2259029e-01   5.6050041e+03
   1.7844800e+00   1.7252665e+05   5.9531823e+01   0.0000000e+00   6.0929114e-01   5.6038734e+03
   1.7848300e+00   1.7894381e+05   6.1761727e+01   0.0000000e+00   5.9708360e-01   5.6027745e+03
   1.7851800e+00   1.8528960e+05   6.3671532e+01   0.0000000e+00   5.8461841e-01   5.6016760e+03
   1.7855400e+00   1.8832740e+05   6.4197337e+01   0.0000000e+00   5.8050924e-01   5.6005466e+03
   1.7858900e+00   1.8747692e+05   6.5980971e+01   0.0000000e+00   5.7583574e-01   5.5994490e+03
   1.7862400e+00   1.9303038e+05   6.5715930e+01   0.0000000e+00   5.6405562e-01   5.5983518e+03
   1.7866000e+00   2.0081617e+05   6.8512844e+01   0.0000000e+00   5.5014536e-01   5.5972238e+03
   1.7869500e+00   2.0402252e+05   7.0069287e+01   0.0000000e+00   5.3834903e-01   5.5961275e+03
   1.7873000e+00   2.1452524e+05   7.3509415e+01   0.0000000e+00   5.2535181e-01   5.5950316e+03
   1.7876600e+00   2.3705595e+05   8.2470520e+01   0.0000000e+00   5.1554243e-01   5.5939049e+03
   1.7880100e+00   2.5802998e+05   8.8728281e+01   0.0000000e+00   5.0561309e-01   5.5928099e+03
   1.7883600e+00   2.6541595e+05   9.1093707e+01   0.0000000e+00   4.9491837e-01   5.5917153e+03
   1.7887200e+00   2.5388439e+05   8.7734348e+01   0.0000000e+00   4.8319091e-01   5.5905899e+03
   1.7890700e+00   2.4881277e+05   8.4924878e+01   0.0000000e+00   4.6919727e-01   5.5894962e+03
   1.7894200e+00   2.5372371e+05   8.6678695e+01   0.0000000e+00   4.5547428e-01   5.5884029e+03
   1.7897800e+00   2.5968047e+05   8.9302415e+01   0.0000000e+00   4.4442573e-01   5.5872789e+03
   1.7901300e+00   2.7022980e+05   9.2975727e+01   0.0000000e+00   4.3355152e-01   5.5861865e+03
   1.7904900e+00   2.7817683e+05   9.5457742e+01   0.0000000e+00   4.2342986e-01   5.5850633e+03
   1.7908400e+00   2.8545119e+05   9.8189398e+01   0.0000000e+00   4.1321297e-01   5.5839718e+03
   1.7912000e+00   2.9705718e+05   1.0193246e+02   0.0000000e+00   4.0042369e-01   5.5828495e+03
   1.7915500e+00   3.0455465e+05   1.0514088e+02   0.0000000e+00   3.8878061e-01   5.5817588e+03
   1.7919000e+00   3.2138511e+05   1.1102843e+02   0.0000000e+00   3.7442432e-01   5.5806686e+03
   1.7922600e+00   3.3736487e+05   1.1650328e+02   0.0000000e+00   3.6235732e-01   5.5795476e+03
   1.7926100e+00   3.4322604e+05   1.1938085e+02   0.0000000e+00   3.5348302e-01   5.5784582e+03
   1.7929700e+00   3.5370292e+05   1.2307971e+02   0.0000000e+00   3.4515800e-01   5.5773382e+03
   1.7933200e+00   3.7108139e+05   1.2946809e+02   0.0000000e+00   3.3688881e-01   5.5762496e+03
   1.7936800e+00   3.8537450e+05   1.3475740e+02   0.0000000e+00   3.2794750e-01   5.5751305e+03
   1.7940300e+00   4.0446526e+05   1.4060577e+02   0.0000000e+00   3.1616223e-01   5.5740428e+03
   1.7943900e+00   4.1037588e+05   1.4367210e+02   0.0000000e+00   3.0790277e-01   5.5729245e+03
   1.7947400e+00   4.2535566e+05   1.4815720e+02   0.0000000e+00   3.0059534e-01   5.5718377e+03
   1.7951000e+00   4.4174904e+05   1.5605798e+02   0.0000000e+00   2.9680039e-01   5.5707203e+03
   1.7954500e+00   4.7576629e+05   1.7722953e+02   0.0000000e+00   3.3883136e-01   5.5696344e+03
