   1.4744400e+00   0.0000000e+00   0.0000000e+00   0.0000000e+00   0.0000000e+00   6.7822360e+03
   1.4747000e+00   0.0000000e+00   0.0000000e+00   0.0000000e+00   0.0000000e+00   6.7810402e+03
   1.4749600e+00   0.0000000e+00   0.0000000e+00   0.0000000e+00   0.0000000e+00   6.7798449e+03
   1.4752200e+00   0.0000000e+00   0.0000000e+00   0.0000000e+00   0.0000000e+00   6.7786500e+03
   1.4754800e+00   0.0000000e+00   0.0000000e+00   0.0000000e+00   0.0000000e+00   6.7774555e+03
   1.4757400e+00   0.0000000e+00   0.0000000e+00   0.0000000e+00   0.0000000e+00   6.7762614e+03
   1.4760000e+00   0.0000000e+00   0.0000000e+00   0.0000000e+00   0.0000000e+00   6.7750678e+03
   1.4762600e+00   0.0000000e+00   0.0000000e+00   0.0000000e+00   0.0000000e+00   6.7738745e+03
   1.4765200e+00   0.0000000e+00   0.0000000e+00   0.0000000e+00   0.0000000e+00   6.7726817e+03
   1.4767800e+00   0.0000000e+00   0.0000000e+00   0.0000000e+00   0.0000000e+00   6.7714893e+03
   1.4770400e+00   0.0000000e+00   0.0000000e+00   0.0000000e+00   0.0000000e+00   6.7702974e+03
   1.4773100e+00   0.0000000e+00   0.0000000e+00   0.0000000e+00   0.0000000e+00   6.7690600e+03
   1.4775700e+00   0.0000000e+00   0.0000000e+00   0.0000000e+00   0.0000000e+00   6.7678689e+03
   1.4778300e+00   0.0000000e+00   0.0000000e+00   0.0000000e+00   0.0000000e+00   6.7666782e+03
   1.4780900e+00   0.0000000e+00   0.0000000e+00   0.0000000e+00   0.0000000e+00   6.7654879e+03
   1.4783500e+00   0.0000000e+00   0.0000000e+00   0.0000000e+00   0.0000000e+00   6.7642980e+03
   1.4786100e+00   0.0000000e+00   0.0000000e+00   0.0000000e+00   0.0000000e+00   6.7631086e+03
   1.4788800e+00   0.0000000e+00   0.0000000e+00   0.0000000e+00   0.0000000e+00   6.7618739e+03
   1.4791400e+00   0.0000000e+00   0.0000000e+00   0.0000000e+00   0.0000000e+00   6.7606853e+03
   1.4794000e+00   0.0000000e+00   0.0000000e+00   0.0000000e+00   0.0000000e+00   6.7594971e+03
   1.4796600e+00   0.0000000e+00   0.0000000e+00   0.0000000e+00   0.0000000e+00   6.7583093e+03
   1.4799300e+00   0.0000000e+00   0.0000000e+00   0.0000000e+00   0.0000000e+00   6.7570763e+03
   1.4801900e+00   0.0000000e+00   0.0000000e+00   0.0000000e+00   0.0000000e+00   6.7558894e+03
   1.4804500e+00   0.0000000e+00   0.0000000e+00   0.0000000e+00   0.0000000e+00   6.7547030e+03
   1.4807200e+00   1.0940951e+05   4.7870528e+01   0.0000000e+00   4.4923538e-01   6.7534713e+03
   1.4809800e+00   1.0617176e+05   4.7565217e+01   0.0000000e+00   4.6008171e-01   6.7522856e+03
   1.4812400e+00   1.0022287e+05   4.5262589e+01   0.0000000e+00   4.7285421e-01   6.7511004e+03
   1.4815100e+00   9.9597592e+04   4.3718024e+01   0.0000000e+00   4.7536128e-01   6.7498701e+03
   1.4817700e+00   9.7935463e+04   4.2464438e+01   0.0000000e+00   4.8153364e-01   6.7486857e+03
   1.4820300e+00   9.3565084e+04   4.0570045e+01   0.0000000e+00   4.8996996e-01   6.7475017e+03
   1.4823000e+00   9.5645785e+04   4.0081082e+01   0.0000000e+00   4.9621909e-01   6.7462727e+03
   1.4825600e+00   9.1718680e+04   3.9659792e+01   0.0000000e+00   5.1130710e-01   6.7450896e+03
   1.4828300e+00   9.0687746e+04   3.9191150e+01   0.0000000e+00   5.1784029e-01   6.7438614e+03
   1.4830900e+00   9.2118473e+04   3.9873957e+01   0.0000000e+00   5.3210037e-01   6.7426791e+03
   1.4833500e+00   9.3284678e+04   3.9713934e+01   0.0000000e+00   5.3897620e-01   6.7414973e+03
   1.4836200e+00   9.2137951e+04   3.9242915e+01   0.0000000e+00   5.4821862e-01   6.7402704e+03
   1.4838800e+00   8.5422208e+04   3.6272274e+01   0.0000000e+00   5.5874818e-01   6.7390894e+03
   1.4841500e+00   7.9592908e+04   3.4232052e+01   0.0000000e+00   5.6743363e-01   6.7378634e+03
   1.4844100e+00   7.8206132e+04   3.6702812e+01   0.0000000e+00   5.7849263e-01   6.7366833e+03
   1.4846800e+00   7.5306421e+04   3.2475975e+01   0.0000000e+00   5.9175713e-01   6.7354581e+03
   1.4849400e+00   7.6268122e+04   8.0460467e+01   0.0000000e+00   5.9767956e-01   6.7342788e+03
   1.4852100e+00   7.9546613e+04   1.9411582e+02   0.0000000e+00   6.0834839e-01   6.7330546e+03
   1.4854700e+00   7.5050772e+04   8.6027556e+01   0.0000000e+00   6.1962407e-01   6.7318761e+03
   1.4857400e+00   6.8806372e+04   2.9401966e+01   0.0000000e+00   6.3257291e-01   6.7306527e+03
   1.4860100e+00   7.2884295e+04   6.2991246e+01   0.0000000e+00   6.4199109e-01   6.7294298e+03
   1.4862700e+00   7.0036181e+04   3.4009053e+01   0.0000000e+00   6.5527991e-01   6.7282526e+03
   1.4865400e+00   7.2645944e+04   8.4289087e+01   0.0000000e+00   6.6331567e-01   6.7270306e+03
   1.4868000e+00   7.6154202e+04   2.4041982e+02   0.0000000e+00   6.7481342e-01   6.7258542e+03
   1.4870700e+00   6.5369275e+04   2.7664565e+01   0.0000000e+00   6.8238678e-01   6.7246330e+03
   1.4873400e+00   6.3576362e+04   3.1161748e+01   0.0000000e+00   6.9700280e-01   6.7234123e+03
   1.4876000e+00   7.2491088e+04   2.4719665e+02   0.0000000e+00   7.0552352e-01   6.7222372e+03
   1.4878700e+00   6.0600226e+04   2.5774762e+01   0.0000000e+00   7.2026489e-01   6.7210173e+03
   1.4881400e+00   6.7827934e+04   2.0030072e+02   0.0000000e+00   7.3108002e-01   6.7197979e+03
   1.4884000e+00   6.5992612e+04   2.6561179e+01   0.0000000e+00   7.4252175e-01   6.7186240e+03
   1.4886700e+00   7.2575505e+04   2.8577017e+01   0.0000000e+00   7.5244646e-01   6.7174055e+03
   1.4889400e+00   7.5523080e+04   1.0938146e+02   0.0000000e+00   7.6192704e-01   6.7161874e+03
   1.4892000e+00   6.5479734e+04   2.6263204e+01   0.0000000e+00   7.7640704e-01   6.7150148e+03
   1.4894700e+00   5.9545443e+04   2.5246691e+01   0.0000000e+00   7.8625805e-01   6.7137975e+03
   1.4897400e+00   5.9649244e+04   1.2046386e+02   0.0000000e+00   7.9912838e-01   6.7125807e+03
   1.4900100e+00   5.4239341e+04   2.1119553e+01   0.0000000e+00   8.1111640e-01   6.7113644e+03
   1.4902700e+00   6.5330182e+04   2.9914381e+02   0.0000000e+00   8.2051235e-01   6.7101935e+03
   1.4905400e+00   5.5747253e+04   4.8991097e+01   0.0000000e+00   8.2967628e-01   6.7089780e+03
   1.4908100e+00   5.4955189e+04   2.9714524e+01   0.0000000e+00   8.3983103e-01   6.7077629e+03
   1.4910800e+00   5.7277205e+04   5.3930957e+01   0.0000000e+00   8.5063694e-01   6.7065483e+03
   1.4913500e+00   5.3905504e+04   2.0681741e+01   0.0000000e+00   8.6186606e-01   6.7053341e+03
   1.4916200e+00   5.7341870e+04   1.5859240e+02   0.0000000e+00   8.7195003e-01   6.7041204e+03
   1.4918800e+00   5.2928755e+04   5.2045253e+01   0.0000000e+00   8.8288107e-01   6.7029520e+03
   1.4921500e+00   5.0616341e+04   1.9349040e+01   0.0000000e+00   8.9200297e-01   6.7017391e+03
   1.4924200e+00   5.4813511e+04   1.0241532e+02   0.0000000e+00   9.0062975e-01   6.7005267e+03
   1.4926900e+00   5.8311060e+04   1.8619391e+02   0.0000000e+00   9.0864461e-01   6.6993147e+03
   1.4929600e+00   5.3686099e+04   2.0732712e+01   0.0000000e+00   9.2096136e-01   6.6981031e+03
   1.4932300e+00   5.3760990e+04   2.0312255e+01   0.0000000e+00   9.3173126e-01   6.6968920e+03
   1.4935000e+00   5.3345048e+04   1.9418550e+01   0.0000000e+00   9.4481303e-01   6.6956813e+03
   1.4937700e+00   5.2250497e+04   1.8895308e+01   0.0000000e+00   9.5009829e-01   6.6944710e+03
   1.4940400e+00   4.9127039e+04   1.8515997e+01   0.0000000e+00   9.5772265e-01   6.6932612e+03
   1.4943100e+00   4.8396088e+04   1.7991652e+01   0.0000000e+00   9.6385055e-01   6.6920519e+03
   1.4945700e+00   4.7831838e+04   1.7783154e+01   0.0000000e+00   9.7350458e-01   6.6908877e+03
   1.4948400e+00   4.8230143e+04   1.7715247e+01   0.0000000e+00   9.8134412e-01   6.6896792e+03
   1.4951100e+00   4.7402329e+04   1.7146707e+01   0.0000000e+00   9.9145880e-01   6.6884711e+03
   1.4953800e+00   4.6161300e+04   1.6734234e+01   0.0000000e+00   9.9895643e-01   6.6872634e+03
   1.4956600e+00   4.6750956e+04   2.0604413e+01   0.0000000e+00   1.0047051e+00   6.6860115e+03
   1.4959300e+00   4.6437842e+04   1.6957275e+01   0.0000000e+00   1.0115920e+00   6.6848048e+03
   1.4962000e+00   4.5075546e+04   2.0871580e+01   0.0000000e+00   1.0152237e+00   6.6835984e+03
   1.4964700e+00   4.6176191e+04   1.9853125e+01   0.0000000e+00   1.0208437e+00   6.6823926e+03
   1.4967400e+00   4.6308751e+04   2.0106709e+01   0.0000000e+00   1.0269686e+00   6.6811871e+03
   1.4970100e+00   4.5152980e+04   2.3778612e+01   0.0000000e+00   1.0356472e+00   6.6799821e+03
   1.4972800e+00   4.3768304e+04   1.5900276e+01   0.0000000e+00   1.0423793e+00   6.6787775e+03
   1.4975500e+00   4.4599675e+04   2.2515887e+01   0.0000000e+00   1.0458158e+00   6.6775734e+03
   1.4978200e+00   4.6413959e+04   3.4671137e+01   0.0000000e+00   1.0476696e+00   6.6763697e+03
   1.4980900e+00   4.6007660e+04   4.9001686e+01   0.0000000e+00   1.0471081e+00   6.6751664e+03
   1.4983600e+00   4.4288973e+04   2.4862262e+01   0.0000000e+00   1.0551119e+00   6.6739635e+03
   1.4986400e+00   4.3776990e+04   1.9850939e+01   0.0000000e+00   1.0615491e+00   6.6727166e+03
   1.4989100e+00   4.3296692e+04   1.5743442e+01   0.0000000e+00   1.0688181e+00   6.6715146e+03
   1.4991800e+00   4.4452205e+04   2.6108489e+01   0.0000000e+00   1.0679013e+00   6.6703131e+03
   1.4994500e+00   4.3595164e+04   1.6027194e+01   0.0000000e+00   1.0712741e+00   6.6691120e+03
   1.4997200e+00   4.5355371e+04   3.4779973e+01   0.0000000e+00   1.0676863e+00   6.6679113e+03
   1.5000000e+00   4.2970564e+04   3.1292685e+01   0.0000000e+00   1.0773358e+00   6.6666667e+03
   1.5002700e+00   5.0111730e+04   1.4150978e+02   0.0000000e+00   1.0769093e+00   6.6654669e+03
   1.5005400e+00   4.3183837e+04   1.5672175e+01   0.0000000e+00   1.0844923e+00   6.6642675e+03
   1.5008100e+00   4.2812513e+04   1.8170413e+01   0.0000000e+00   1.0812200e+00   6.6630686e+03
   1.5010900e+00   4.3216752e+04   1.5711520e+01   0.0000000e+00   1.0843409e+00   6.6618257e+03
   1.5013600e+00   4.2999435e+04   1.8917660e+01   0.0000000e+00   1.0844996e+00   6.6606277e+03
   1.5016300e+00   4.3957369e+04   4.5599923e+01   0.0000000e+00   1.0850528e+00   6.6594301e+03
   1.5019000e+00   4.2675351e+04   2.0022224e+01   0.0000000e+00   1.0864544e+00   6.6582329e+03
   1.5021800e+00   4.3346765e+04   2.2054767e+01   0.0000000e+00   1.0877057e+00   6.6569918e+03
   1.5024500e+00   4.2377080e+04   1.5974952e+01   0.0000000e+00   1.0958994e+00   6.6557955e+03
   1.5027200e+00   4.3547960e+04   1.7866755e+01   0.0000000e+00   1.0947258e+00   6.6545997e+03
   1.5030000e+00   4.3710693e+04   1.9621037e+01   0.0000000e+00   1.0907356e+00   6.6533599e+03
   1.5032700e+00   4.3457079e+04   1.5674012e+01   0.0000000e+00   1.0904186e+00   6.6521649e+03
   1.5035400e+00   4.3496124e+04   1.5613591e+01   0.0000000e+00   1.0870377e+00   6.6509704e+03
   1.5038200e+00   4.2968344e+04   1.5675112e+01   0.0000000e+00   1.0887090e+00   6.6497320e+03
   1.5040900e+00   4.3319905e+04   1.5481752e+01   0.0000000e+00   1.0928164e+00   6.6485383e+03
   1.5043700e+00   4.4887320e+04   3.7952053e+01   0.0000000e+00   1.0897150e+00   6.6473009e+03
   1.5046400e+00   4.4497656e+04   1.5856602e+01   0.0000000e+00   1.0913374e+00   6.6461080e+03
   1.5049200e+00   5.0503036e+04   2.4176045e+01   0.0000000e+00   1.0870065e+00   6.6448715e+03
   1.5051900e+00   6.9313921e+04   2.5472283e+01   0.0000000e+00   1.0859516e+00   6.6436795e+03
   1.5054600e+00   8.8496355e+04   3.5380047e+01   0.0000000e+00   1.0823336e+00   6.6424880e+03
   1.5057400e+00   8.8110732e+04   3.0198101e+01   0.0000000e+00   1.0912888e+00   6.6412528e+03
   1.5060100e+00   7.4260584e+04   2.7261797e+01   0.0000000e+00   1.0879782e+00   6.6400622e+03
   1.5062900e+00   5.3605268e+04   2.7830832e+01   0.0000000e+00   1.0865235e+00   6.6388278e+03
   1.5065600e+00   5.4752041e+04   1.9162856e+01   0.0000000e+00   1.0823939e+00   6.6376381e+03
   1.5068400e+00   5.9893401e+04   2.0923789e+01   0.0000000e+00   1.0787409e+00   6.6364047e+03
   1.5071100e+00   5.8512562e+04   2.0992944e+01   0.0000000e+00   1.0755545e+00   6.6352157e+03
   1.5073900e+00   5.2813809e+04   1.8871124e+01   0.0000000e+00   1.0791125e+00   6.6339832e+03
   1.5076700e+00   4.6453090e+04   1.6518779e+01   0.0000000e+00   1.0799722e+00   6.6327512e+03
   1.5079400e+00   4.4878522e+04   1.6092870e+01   0.0000000e+00   1.0792636e+00   6.6315636e+03
   1.5082200e+00   4.5207046e+04   1.5990132e+01   0.0000000e+00   1.0751396e+00   6.6303324e+03
   1.5084900e+00   4.8023746e+04   1.6950414e+01   0.0000000e+00   1.0721214e+00   6.6291457e+03
   1.5087700e+00   4.9348224e+04   1.7462170e+01   0.0000000e+00   1.0679831e+00   6.6279155e+03
   1.5090500e+00   4.9316888e+04   2.2562997e+01   0.0000000e+00   1.0654306e+00   6.6266857e+03
   1.5093200e+00   4.8550548e+04   2.3414359e+01   0.0000000e+00   1.0653917e+00   6.6255002e+03
   1.5096000e+00   4.6114022e+04   1.6320244e+01   0.0000000e+00   1.0676652e+00   6.6242713e+03
   1.5098700e+00   4.5577084e+04   1.6229008e+01   0.0000000e+00   1.0653381e+00   6.6230868e+03
   1.5101500e+00   4.5377646e+04   1.6154158e+01   0.0000000e+00   1.0615610e+00   6.6218588e+03
   1.5104300e+00   4.5691872e+04   1.6376236e+01   0.0000000e+00   1.0585279e+00   6.6206312e+03
   1.5107000e+00   4.6827791e+04   2.0296732e+01   0.0000000e+00   1.0545461e+00   6.6194479e+03
   1.5109800e+00   4.6559954e+04   1.6832582e+01   0.0000000e+00   1.0561562e+00   6.6182213e+03
   1.5112600e+00   4.6335347e+04   1.6726541e+01   0.0000000e+00   1.0599806e+00   6.6169951e+03
   1.5115400e+00   4.6586109e+04   1.6584239e+01   0.0000000e+00   1.0548761e+00   6.6157693e+03
   1.5118100e+00   4.6676597e+04   1.6567975e+01   0.0000000e+00   1.0510805e+00   6.6145878e+03
   1.5120900e+00   4.6613048e+04   1.6741527e+01   0.0000000e+00   1.0464868e+00   6.6133630e+03
   1.5123700e+00   4.6137730e+04   1.6516581e+01   0.0000000e+00   1.0414862e+00   6.6121386e+03
   1.5126500e+00   4.6591783e+04   2.3028245e+01   0.0000000e+00   1.0419322e+00   6.6109146e+03
   1.5129200e+00   4.5757124e+04   1.6391325e+01   0.0000000e+00   1.0477176e+00   6.6097348e+03
   1.5132000e+00   4.5747679e+04   1.6209043e+01   0.0000000e+00   1.0461535e+00   6.6085118e+03
   1.5134800e+00   4.6866045e+04   1.6706859e+01   0.0000000e+00   1.0432892e+00   6.6072892e+03
   1.5137600e+00   4.6325867e+04   1.7209946e+01   0.0000000e+00   1.0386746e+00   6.6060670e+03
   1.5140400e+00   4.7217396e+04   1.7973344e+01   0.0000000e+00   1.0345186e+00   6.6048453e+03
   1.5143200e+00   4.7482454e+04   1.7012478e+01   0.0000000e+00   1.0361151e+00   6.6036241e+03
   1.5145900e+00   4.6991276e+04   2.4979219e+01   0.0000000e+00   1.0385802e+00   6.6024469e+03
   1.5148700e+00   4.6135766e+04   1.6776322e+01   0.0000000e+00   1.0386114e+00   6.6012265e+03
   1.5151500e+00   4.7273900e+04   1.6717139e+01   0.0000000e+00   1.0405210e+00   6.6000066e+03
   1.5154300e+00   4.6955131e+04   1.6673086e+01   0.0000000e+00   1.0379455e+00   6.5987871e+03
   1.5157100e+00   4.7463875e+04   1.7023587e+01   0.0000000e+00   1.0319060e+00   6.5975681e+03
   1.5159900e+00   4.7465443e+04   1.6801406e+01   0.0000000e+00   1.0305515e+00   6.5963496e+03
   1.5162700e+00   4.7807672e+04   1.7089213e+01   0.0000000e+00   1.0297815e+00   6.5951315e+03
   1.5165500e+00   4.8198656e+04   1.7021293e+01   0.0000000e+00   1.0331403e+00   6.5939138e+03
   1.5168300e+00   4.7904124e+04   1.6829703e+01   0.0000000e+00   1.0357049e+00   6.5926966e+03
   1.5171100e+00   4.8425009e+04   1.7290753e+01   0.0000000e+00   1.0346102e+00   6.5914799e+03
   1.5173900e+00   4.8554410e+04   1.7250162e+01   0.0000000e+00   1.0309433e+00   6.5902635e+03
   1.5176700e+00   4.8706398e+04   1.7427244e+01   0.0000000e+00   1.0274773e+00   6.5890477e+03
   1.5179500e+00   4.8709773e+04   1.7301974e+01   0.0000000e+00   1.0269951e+00   6.5878323e+03
   1.5182300e+00   5.0740527e+04   2.2347171e+01   0.0000000e+00   1.0283776e+00   6.5866173e+03
   1.5185100e+00   5.6190927e+04   2.7839314e+01   0.0000000e+00   1.0314445e+00   6.5854028e+03
   1.5187900e+00   5.7301386e+04   2.0197114e+01   0.0000000e+00   1.0347843e+00   6.5841887e+03
   1.5190700e+00   5.5457417e+04   1.9651902e+01   0.0000000e+00   1.0296057e+00   6.5829751e+03
   1.5193500e+00   5.1547366e+04   1.8220317e+01   0.0000000e+00   1.0260785e+00   6.5817619e+03
   1.5196300e+00   4.9063959e+04   1.7319777e+01   0.0000000e+00   1.0274134e+00   6.5805492e+03
   1.5199100e+00   4.8292813e+04   1.7201283e+01   0.0000000e+00   1.0299102e+00   6.5793369e+03
   1.5201900e+00   4.8787899e+04   1.7436440e+01   0.0000000e+00   1.0322725e+00   6.5781251e+03
   1.5204700e+00   4.8472829e+04   1.7153823e+01   0.0000000e+00   1.0328843e+00   6.5769137e+03
   1.5207500e+00   4.8661632e+04   1.7454741e+01   0.0000000e+00   1.0294205e+00   6.5757028e+03
   1.5210300e+00   4.8674178e+04   1.7104839e+01   0.0000000e+00   1.0290996e+00   6.5744923e+03
   1.5213200e+00   4.8556692e+04   1.7014706e+01   0.0000000e+00   1.0278771e+00   6.5732390e+03
   1.5216000e+00   4.8172976e+04   1.7171899e+01   0.0000000e+00   1.0299216e+00   6.5720294e+03
   1.5218800e+00   4.8136641e+04   1.7029791e+01   0.0000000e+00   1.0312837e+00   6.5708203e+03
   1.5221600e+00   4.8345927e+04   1.7004552e+01   0.0000000e+00   1.0341108e+00   6.5696116e+03
   1.5224400e+00   4.7761734e+04   1.6834461e+01   0.0000000e+00   1.0384594e+00   6.5684034e+03
   1.5227200e+00   4.8209507e+04   1.7268096e+01   0.0000000e+00   1.0343186e+00   6.5671955e+03
   1.5230100e+00   4.8349695e+04   1.7425734e+01   0.0000000e+00   1.0304757e+00   6.5659451e+03
   1.5232900e+00   4.9006362e+04   1.7226564e+01   0.0000000e+00   1.0309540e+00   6.5647382e+03
   1.5235700e+00   5.5300071e+04   2.0052081e+01   0.0000000e+00   1.0371700e+00   6.5635317e+03
   1.5238500e+00   7.4623965e+04   2.6051617e+01   0.0000000e+00   1.0391872e+00   6.5623257e+03
   1.5241400e+00   7.9688567e+04   2.7377360e+01   0.0000000e+00   1.0417145e+00   6.5610771e+03
   1.5244200e+00   7.4387891e+04   2.6031574e+01   0.0000000e+00   1.0433390e+00   6.5598720e+03
   1.5247000e+00   5.7031921e+04   2.0483801e+01   0.0000000e+00   1.0412255e+00   6.5586673e+03
   1.5249800e+00   4.8348193e+04   1.7286705e+01   0.0000000e+00   1.0380329e+00   6.5574630e+03
   1.5252700e+00   4.7514984e+04   1.6887956e+01   0.0000000e+00   1.0388959e+00   6.5562163e+03
   1.5255500e+00   4.6565274e+04   1.6415244e+01   0.0000000e+00   1.0418861e+00   6.5550129e+03
   1.5258300e+00   4.6760125e+04   1.6937064e+01   0.0000000e+00   1.0455138e+00   6.5538101e+03
   1.5261200e+00   4.7034547e+04   1.6689034e+01   0.0000000e+00   1.0483194e+00   6.5525647e+03
   1.5264000e+00   4.6776406e+04   1.6583026e+01   0.0000000e+00   1.0465727e+00   6.5513627e+03
   1.5266800e+00   4.7119220e+04   1.6933199e+01   0.0000000e+00   1.0464324e+00   6.5501611e+03
   1.5269700e+00   4.8030723e+04   1.7074226e+01   0.0000000e+00   1.0461705e+00   6.5489171e+03
   1.5272500e+00   4.7044829e+04   1.6697088e+01   0.0000000e+00   1.0506912e+00   6.5477165e+03
   1.5275400e+00   4.6947574e+04   1.6580862e+01   0.0000000e+00   1.0532390e+00   6.5464734e+03
   1.5278200e+00   4.7451350e+04   1.7035797e+01   0.0000000e+00   1.0557308e+00   6.5452737e+03
   1.5281000e+00   4.8451290e+04   1.7421521e+01   0.0000000e+00   1.0553073e+00   6.5440743e+03
   1.5283900e+00   5.3524093e+04   1.9084213e+01   0.0000000e+00   1.0550064e+00   6.5428327e+03
   1.5286700e+00   5.8732499e+04   2.0419913e+01   0.0000000e+00   1.0551267e+00   6.5416342e+03
   1.5289600e+00   5.9234822e+04   2.0766087e+01   0.0000000e+00   1.0590733e+00   6.5403935e+03
   1.5292400e+00   5.3076103e+04   1.8981581e+01   0.0000000e+00   1.0628597e+00   6.5391959e+03
   1.5295300e+00   4.7158584e+04   1.7030946e+01   0.0000000e+00   1.0637974e+00   6.5379561e+03
   1.5298100e+00   4.7260344e+04   1.6966152e+01   0.0000000e+00   1.0660509e+00   6.5367595e+03
   1.5301000e+00   4.7184297e+04   1.6643833e+01   0.0000000e+00   1.0660422e+00   6.5355206e+03
   1.5303800e+00   4.7112292e+04   1.6703445e+01   0.0000000e+00   1.0662910e+00   6.5343248e+03
   1.5306700e+00   4.7572142e+04   1.7116743e+01   0.0000000e+00   1.0642347e+00   6.5330868e+03
   1.5309500e+00   4.8001173e+04   1.7158935e+01   0.0000000e+00   1.0696852e+00   6.5318920e+03
   1.5312400e+00   4.7888567e+04   1.7141458e+01   0.0000000e+00   1.0736548e+00   6.5306549e+03
   1.5315200e+00   4.7906959e+04   1.6913517e+01   0.0000000e+00   1.0786970e+00   6.5294609e+03
   1.5318100e+00   4.7874722e+04   1.6901465e+01   0.0000000e+00   1.0791529e+00   6.5282248e+03
   1.5320900e+00   4.7341569e+04   1.6664109e+01   0.0000000e+00   1.0756641e+00   6.5270317e+03
   1.5323800e+00   4.8236717e+04   1.6843373e+01   0.0000000e+00   1.0776356e+00   6.5257965e+03
   1.5326700e+00   5.4129375e+04   1.9371481e+01   0.0000000e+00   1.0831425e+00   6.5245617e+03
   1.5329500e+00   7.4218510e+04   2.5893275e+01   0.0000000e+00   1.0851742e+00   6.5233700e+03
   1.5332400e+00   8.1272006e+04   2.7933062e+01   0.0000000e+00   1.0872809e+00   6.5221361e+03
   1.5335300e+00   7.8172352e+04   2.7005777e+01   0.0000000e+00   1.0887059e+00   6.5209028e+03
   1.5338100e+00   5.9437006e+04   2.1493048e+01   0.0000000e+00   1.0845949e+00   6.5197124e+03
   1.5341000e+00   4.8112314e+04   1.7260896e+01   0.0000000e+00   1.0861594e+00   6.5184799e+03
   1.5343800e+00   4.7951206e+04   1.7032634e+01   0.0000000e+00   1.0905332e+00   6.5172904e+03
   1.5346700e+00   4.8613565e+04   1.7231835e+01   0.0000000e+00   1.0929596e+00   6.5160588e+03
   1.5349600e+00   4.8289499e+04   1.7312983e+01   0.0000000e+00   1.0979982e+00   6.5148277e+03
   1.5352500e+00   4.8031682e+04   1.6831971e+01   0.0000000e+00   1.0989830e+00   6.5135971e+03
   1.5355300e+00   4.7948095e+04   1.7006533e+01   0.0000000e+00   1.0958977e+00   6.5124094e+03
   1.5358200e+00   4.7760701e+04   1.6926010e+01   0.0000000e+00   1.0948652e+00   6.5111797e+03
   1.5361100e+00   4.7631417e+04   1.6810496e+01   0.0000000e+00   1.0978156e+00   6.5099505e+03
   1.5363900e+00   4.7504324e+04   1.6951439e+01   0.0000000e+00   1.1010013e+00   6.5087641e+03
   1.5366800e+00   4.7656418e+04   1.7024551e+01   0.0000000e+00   1.1026812e+00   6.5075357e+03
   1.5369700e+00   4.7271152e+04   1.6759408e+01   0.0000000e+00   1.1031340e+00   6.5063079e+03
   1.5372600e+00   4.8230035e+04   1.7108782e+01   0.0000000e+00   1.1011100e+00   6.5050805e+03
   1.5375500e+00   4.8036572e+04   1.7266386e+01   0.0000000e+00   1.1036903e+00   6.5038535e+03
   1.5378300e+00   4.8533183e+04   1.7102667e+01   0.0000000e+00   1.1038244e+00   6.5026693e+03
   1.5381200e+00   4.8078545e+04   1.6924732e+01   0.0000000e+00   1.1056549e+00   6.5014433e+03
   1.5384100e+00   4.8334695e+04   1.7098506e+01   0.0000000e+00   1.1076118e+00   6.5002178e+03
   1.5387000e+00   4.8523452e+04   1.7416735e+01   0.0000000e+00   1.1087546e+00   6.4989927e+03
   1.5389900e+00   5.0025103e+04   1.7576818e+01   0.0000000e+00   1.1093588e+00   6.4977680e+03
   1.5392800e+00   5.6262904e+04   1.9544212e+01   0.0000000e+00   1.1078004e+00   6.4965438e+03
   1.5395600e+00   5.7962214e+04   2.0648110e+01   0.0000000e+00   1.1055016e+00   6.4953623e+03
   1.5398500e+00   5.5663520e+04   1.9373155e+01   0.0000000e+00   1.1106270e+00   6.4941390e+03
   1.5401400e+00   5.0809161e+04   1.8078274e+01   0.0000000e+00   1.1146911e+00   6.4929162e+03
   1.5404300e+00   4.7943869e+04   1.6867593e+01   0.0000000e+00   1.1172670e+00   6.4916939e+03
   1.5407200e+00   4.7988279e+04   1.6783196e+01   0.0000000e+00   1.1170717e+00   6.4904720e+03
   1.5410100e+00   4.7793335e+04   1.6884257e+01   0.0000000e+00   1.1139779e+00   6.4892506e+03
   1.5413000e+00   4.8568009e+04   1.7039908e+01   0.0000000e+00   1.1128261e+00   6.4880296e+03
   1.5415900e+00   4.8682568e+04   1.7232826e+01   0.0000000e+00   1.1151471e+00   6.4868091e+03
   1.5418800e+00   4.8545831e+04   1.6989176e+01   0.0000000e+00   1.1190657e+00   6.4855890e+03
   1.5421700e+00   4.8545660e+04   1.7069532e+01   0.0000000e+00   1.1232387e+00   6.4843694e+03
   1.5424600e+00   4.9213373e+04   1.7266111e+01   0.0000000e+00   1.1213303e+00   6.4831503e+03
   1.5427500e+00   5.6408300e+04   2.0288404e+01   0.0000000e+00   1.1175337e+00   6.4819316e+03
   1.5430400e+00   6.8608108e+04   2.3778361e+01   0.0000000e+00   1.1159272e+00   6.4807134e+03
   1.5433300e+00   7.0570483e+04   2.4289229e+01   0.0000000e+00   1.1164756e+00   6.4794956e+03
   1.5436200e+00   6.4111526e+04   2.2548729e+01   0.0000000e+00   1.1221701e+00   6.4782783e+03
   1.5439100e+00   5.1241505e+04   1.8122617e+01   0.0000000e+00   1.1224497e+00   6.4770615e+03
   1.5442000e+00   4.9170052e+04   1.7387780e+01   0.0000000e+00   1.1232147e+00   6.4758451e+03
   1.5444900e+00   4.8176925e+04   1.6784542e+01   0.0000000e+00   1.1230798e+00   6.4746292e+03
   1.5447800e+00   4.7839521e+04   1.6731081e+01   0.0000000e+00   1.1221799e+00   6.4734137e+03
   1.5450700e+00   4.7790320e+04   1.6994126e+01   0.0000000e+00   1.1237060e+00   6.4721987e+03
   1.5453600e+00   4.8188402e+04   1.6962531e+01   0.0000000e+00   1.1271556e+00   6.4709841e+03
   1.5456500e+00   4.7918974e+04   1.6800427e+01   0.0000000e+00   1.1312095e+00   6.4697700e+03
   1.5459500e+00   4.8121002e+04   1.6870914e+01   0.0000000e+00   1.1313717e+00   6.4685145e+03
   1.5462400e+00   4.9217060e+04   1.7122690e+01   0.0000000e+00   1.1298853e+00   6.4673013e+03
   1.5465300e+00   4.9227076e+04   1.7405507e+01   0.0000000e+00   1.1298970e+00   6.4660886e+03
   1.5468200e+00   4.8489360e+04   1.7058969e+01   0.0000000e+00   1.1291014e+00   6.4648763e+03
   1.5471100e+00   4.8689313e+04   1.7082083e+01   0.0000000e+00   1.1279907e+00   6.4636645e+03
   1.5474000e+00   4.8419363e+04   1.6995432e+01   0.0000000e+00   1.1315228e+00   6.4624531e+03
   1.5477000e+00   4.8728460e+04   1.7010171e+01   0.0000000e+00   1.1352950e+00   6.4612005e+03
   1.5479900e+00   4.8445672e+04   1.7173386e+01   0.0000000e+00   1.1342164e+00   6.4599901e+03
   1.5482800e+00   4.8379041e+04   1.6926319e+01   0.0000000e+00   1.1357980e+00   6.4587801e+03
   1.5485700e+00   4.8427955e+04   1.6873300e+01   0.0000000e+00   1.1326721e+00   6.4575705e+03
   1.5488600e+00   4.9328918e+04   1.7165241e+01   0.0000000e+00   1.1303255e+00   6.4563615e+03
   1.5491600e+00   4.8971100e+04   1.7109405e+01   0.0000000e+00   1.1353230e+00   6.4551112e+03
   1.5494500e+00   4.8198275e+04   1.6810842e+01   0.0000000e+00   1.1416060e+00   6.4539030e+03
   1.5497400e+00   4.9618080e+04   1.7324298e+01   0.0000000e+00   1.1440045e+00   6.4526953e+03
   1.5500300e+00   5.0888535e+04   1.7705586e+01   0.0000000e+00   1.1408224e+00   6.4514880e+03
   1.5503300e+00   5.1324220e+04   1.8116128e+01   0.0000000e+00   1.1359497e+00   6.4502396e+03
   1.5506200e+00   5.3272934e+04   1.8478257e+01   0.0000000e+00   1.1381861e+00   6.4490333e+03
   1.5509100e+00   5.4039086e+04   1.8912489e+01   0.0000000e+00   1.1404533e+00   6.4478274e+03
   1.5512100e+00   5.4945975e+04   1.9033582e+01   0.0000000e+00   1.1425449e+00   6.4465804e+03
   1.5515000e+00   5.2988880e+04   1.8420616e+01   0.0000000e+00   1.1414221e+00   6.4453754e+03
   1.5517900e+00   5.1595872e+04   1.8303710e+01   0.0000000e+00   1.1403473e+00   6.4441709e+03
   1.5520900e+00   5.0727884e+04   1.7700813e+01   0.0000000e+00   1.1360961e+00   6.4429253e+03
   1.5523800e+00   4.9844615e+04   1.7260205e+01   0.0000000e+00   1.1376170e+00   6.4417217e+03
   1.5526700e+00   5.0149769e+04   1.7472156e+01   0.0000000e+00   1.1401920e+00   6.4405186e+03
   1.5529700e+00   4.9969297e+04   1.7362563e+01   0.0000000e+00   1.1423081e+00   6.4392744e+03
   1.5532600e+00   5.0122041e+04   1.7433269e+01   0.0000000e+00   1.1396821e+00   6.4380722e+03
   1.5535600e+00   5.3938420e+04   1.8852870e+01   0.0000000e+00   1.1411645e+00   6.4368290e+03
   1.5538500e+00   6.0185800e+04   2.0940600e+01   0.0000000e+00   1.1387217e+00   6.4356276e+03
   1.5541400e+00   6.4088169e+04   2.2019044e+01   0.0000000e+00   1.1368371e+00   6.4344268e+03
   1.5544400e+00   6.3988697e+04   2.2106773e+01   0.0000000e+00   1.1399786e+00   6.4331849e+03
   1.5547300e+00   5.8122712e+04   2.0340085e+01   0.0000000e+00   1.1439050e+00   6.4319850e+03
   1.5550300e+00   5.4522574e+04   1.9130217e+01   0.0000000e+00   1.1438746e+00   6.4307441e+03
   1.5553200e+00   5.0926166e+04   1.8644675e+01   0.0000000e+00   1.1419175e+00   6.4295450e+03
   1.5556200e+00   5.0533749e+04   1.8228752e+01   0.0000000e+00   1.1396547e+00   6.4283051e+03
   1.5559100e+00   5.0690573e+04   1.7891799e+01   0.0000000e+00   1.1395030e+00   6.4271070e+03
   1.5562100e+00   4.9842441e+04   1.7758469e+01   0.0000000e+00   1.1399613e+00   6.4258680e+03
   1.5565000e+00   5.0448145e+04   1.7826636e+01   0.0000000e+00   1.1465421e+00   6.4246707e+03
   1.5568000e+00   5.2422207e+04   1.8665779e+01   0.0000000e+00   1.1488944e+00   6.4234327e+03
   1.5570900e+00   5.3042460e+04   1.8468455e+01   0.0000000e+00   1.1481237e+00   6.4222364e+03
   1.5573900e+00   5.2874224e+04   1.8666294e+01   0.0000000e+00   1.1429792e+00   6.4209992e+03
   1.5576800e+00   5.1047589e+04   1.8138158e+01   0.0000000e+00   1.1386091e+00   6.4198038e+03
   1.5579800e+00   5.0521913e+04   1.7932303e+01   0.0000000e+00   1.1427447e+00   6.4185676e+03
   1.5582800e+00   5.0663265e+04   1.7774109e+01   0.0000000e+00   1.1456893e+00   6.4173319e+03
   1.5585700e+00   5.0764505e+04   1.7586075e+01   0.0000000e+00   1.1492173e+00   6.4161379e+03
   1.5588700e+00   5.1180165e+04   1.7882516e+01   0.0000000e+00   1.1504203e+00   6.4149031e+03
   1.5591600e+00   5.2617058e+04   1.8332097e+01   0.0000000e+00   1.1464816e+00   6.4137099e+03
   1.5594600e+00   6.1265201e+04   2.1619312e+01   0.0000000e+00   1.1422059e+00   6.4124761e+03
   1.5597600e+00   6.4654453e+04   2.2810119e+01   0.0000000e+00   1.1404134e+00   6.4112428e+03
   1.5600500e+00   6.2051954e+04   2.1851978e+01   0.0000000e+00   1.1429861e+00   6.4100510e+03
   1.5603500e+00   5.4350629e+04   1.9481127e+01   0.0000000e+00   1.1474508e+00   6.4088185e+03
   1.5606500e+00   5.1280887e+04   1.8092086e+01   0.0000000e+00   1.1507327e+00   6.4075866e+03
   1.5609400e+00   5.1021328e+04   1.7818382e+01   0.0000000e+00   1.1455391e+00   6.4063961e+03
   1.5612400e+00   5.1112402e+04   1.7860494e+01   0.0000000e+00   1.1409418e+00   6.4051651e+03
   1.5615400e+00   5.2158173e+04   1.9325015e+01   0.0000000e+00   1.1349630e+00   6.4039346e+03
   1.5618300e+00   5.2589205e+04   2.1114051e+01   0.0000000e+00   1.1378642e+00   6.4027455e+03
   1.5621300e+00   5.1299010e+04   1.7850561e+01   0.0000000e+00   1.1471696e+00   6.4015159e+03
   1.5624300e+00   5.1801716e+04   1.7990341e+01   0.0000000e+00   1.1527890e+00   6.4002867e+03
   1.5627200e+00   5.4795059e+04   1.9116146e+01   0.0000000e+00   1.1496143e+00   6.3990990e+03
   1.5630200e+00   5.9270413e+04   2.0398421e+01   0.0000000e+00   1.1455039e+00   6.3978708e+03
   1.5633200e+00   5.9850782e+04   2.0744815e+01   0.0000000e+00   1.1437927e+00   6.3966430e+03
   1.5636200e+00   5.7625442e+04   2.0059260e+01   0.0000000e+00   1.1416846e+00   6.3954158e+03
   1.5639200e+00   5.2649061e+04   1.8208331e+01   0.0000000e+00   1.1470480e+00   6.3941890e+03
   1.5642100e+00   5.2386695e+04   1.8243809e+01   0.0000000e+00   1.1539549e+00   6.3930035e+03
   1.5645100e+00   5.3183829e+04   1.8476373e+01   0.0000000e+00   1.1555681e+00   6.3917776e+03
   1.5648100e+00   5.4141393e+04   1.8974282e+01   0.0000000e+00   1.1482063e+00   6.3905522e+03
   1.5651100e+00   6.3832363e+04   2.2353207e+01   0.0000000e+00   1.1441563e+00   6.3893273e+03
   1.5654100e+00   7.4412489e+04   2.5562358e+01   0.0000000e+00   1.1411899e+00   6.3881028e+03
   1.5657000e+00   7.4300419e+04   2.5623693e+01   0.0000000e+00   1.1461274e+00   6.3869196e+03
   1.5660000e+00   6.4601527e+04   2.2553707e+01   0.0000000e+00   1.1517929e+00   6.3856960e+03
   1.5663000e+00   5.5385118e+04   1.9114495e+01   0.0000000e+00   1.1536041e+00   6.3844730e+03
   1.5666000e+00   5.4617950e+04   1.8947348e+01   0.0000000e+00   1.1516155e+00   6.3832504e+03
   1.5669000e+00   5.4060106e+04   1.8931242e+01   0.0000000e+00   1.1417915e+00   6.3820282e+03
   1.5672000e+00   5.3576941e+04   1.8842873e+01   0.0000000e+00   1.1370864e+00   6.3808065e+03
   1.5675000e+00   5.5037397e+04   1.9199630e+01   0.0000000e+00   1.1380717e+00   6.3795853e+03
   1.5678000e+00   5.4899458e+04   1.9097233e+01   0.0000000e+00   1.1488809e+00   6.3783646e+03
   1.5681000e+00   5.3490642e+04   1.8638297e+01   0.0000000e+00   1.1550869e+00   6.3771443e+03
   1.5684000e+00   5.4590432e+04   1.8775564e+01   0.0000000e+00   1.1511173e+00   6.3759245e+03
   1.5687000e+00   5.4335338e+04   1.9102614e+01   0.0000000e+00   1.1441956e+00   6.3747052e+03
   1.5689900e+00   5.5075108e+04   1.9394765e+01   0.0000000e+00   1.1372897e+00   6.3735269e+03
   1.5692900e+00   5.5171429e+04   1.9265331e+01   0.0000000e+00   1.1403315e+00   6.3723085e+03
   1.5695900e+00   5.4456477e+04   1.9122913e+01   0.0000000e+00   1.1484078e+00   6.3710905e+03
   1.5698900e+00   5.7148484e+04   2.0285751e+01   0.0000000e+00   1.1544745e+00   6.3698730e+03
   1.5701900e+00   5.8893276e+04   2.0365126e+01   0.0000000e+00   1.1586479e+00   6.3686560e+03
   1.5704900e+00   5.9305164e+04   2.1332137e+01   0.0000000e+00   1.1516906e+00   6.3674395e+03
   1.5707900e+00   5.7188322e+04   2.1681050e+01   0.0000000e+00   1.1416390e+00   6.3662234e+03
   1.5711000e+00   5.6055893e+04   2.2855496e+01   0.0000000e+00   1.1362151e+00   6.3649672e+03
   1.5714000e+00   5.5628144e+04   2.0070293e+01   0.0000000e+00   1.1461959e+00   6.3637521e+03
   1.5717000e+00   5.5221196e+04   1.9503751e+01   0.0000000e+00   1.1583079e+00   6.3625374e+03
   1.5720000e+00   5.4640998e+04   1.9214638e+01   0.0000000e+00   1.1590404e+00   6.3613232e+03
   1.5723000e+00   5.5573772e+04   1.9324872e+01   0.0000000e+00   1.1528991e+00   6.3601094e+03
   1.5726000e+00   5.6501630e+04   2.0158038e+01   0.0000000e+00   1.1484890e+00   6.3588961e+03
   1.5729000e+00   5.6210156e+04   1.9689649e+01   0.0000000e+00   1.1427688e+00   6.3576833e+03
   1.5732000e+00   5.5314838e+04   1.9316705e+01   0.0000000e+00   1.1441810e+00   6.3564709e+03
   1.5735000e+00   5.5725704e+04   1.9631063e+01   0.0000000e+00   1.1531917e+00   6.3552590e+03
   1.5738000e+00   5.5010079e+04   1.9242164e+01   0.0000000e+00   1.1600872e+00   6.3540475e+03
   1.5741000e+00   5.4716162e+04   1.9633364e+01   0.0000000e+00   1.1553827e+00   6.3528365e+03
   1.5744100e+00   5.6327851e+04   2.4265245e+01   0.0000000e+00   1.1452212e+00   6.3515857e+03
   1.5747100e+00   5.6837761e+04   2.7960333e+01   0.0000000e+00   1.1395537e+00   6.3503756e+03
   1.5750100e+00   5.7670834e+04   2.8585363e+01   0.0000000e+00   1.1398055e+00   6.3491660e+03
   1.5753100e+00   5.6526441e+04   2.3826805e+01   0.0000000e+00   1.1496158e+00   6.3479569e+03
   1.5756100e+00   5.6035555e+04   1.9735603e+01   0.0000000e+00   1.1604555e+00   6.3467482e+03
   1.5759200e+00   5.6025890e+04   1.9616376e+01   0.0000000e+00   1.1628705e+00   6.3454998e+03
   1.5762200e+00   5.6561272e+04   1.9579278e+01   0.0000000e+00   1.1555413e+00   6.3442920e+03
   1.5765200e+00   5.7160843e+04   2.0276491e+01   0.0000000e+00   1.1484014e+00   6.3430848e+03
   1.5768200e+00   5.6929346e+04   1.9743989e+01   0.0000000e+00   1.1450856e+00   6.3418780e+03
   1.5771200e+00   5.6062963e+04   1.9453942e+01   0.0000000e+00   1.1514472e+00   6.3406716e+03
   1.5774300e+00   5.6315465e+04   1.9756650e+01   0.0000000e+00   1.1607288e+00   6.3394255e+03
   1.5777300e+00   5.7557824e+04   2.0106836e+01   0.0000000e+00   1.1626499e+00   6.3382201e+03
   1.5780300e+00   5.8062430e+04   2.0140927e+01   0.0000000e+00   1.1601524e+00   6.3370151e+03
   1.5783400e+00   5.8248002e+04   2.0103405e+01   0.0000000e+00   1.1475370e+00   6.3357705e+03
   1.5786400e+00   5.7812522e+04   2.0085426e+01   0.0000000e+00   1.1431776e+00   6.3345665e+03
   1.5789400e+00   5.7658197e+04   1.9954311e+01   0.0000000e+00   1.1470060e+00   6.3333629e+03
   1.5792400e+00   5.7088687e+04   1.9600278e+01   0.0000000e+00   1.1590643e+00   6.3321598e+03
   1.5795500e+00   5.7293169e+04   1.9938615e+01   0.0000000e+00   1.1629746e+00   6.3309170e+03
   1.5798500e+00   5.8665335e+04   2.0267548e+01   0.0000000e+00   1.1610374e+00   6.3297148e+03
   1.5801500e+00   5.9210257e+04   2.0386439e+01   1.1549667e+03   1.1536917e+00   6.3285131e+03
   1.5804600e+00   6.1096209e+04   2.1178152e+01   4.0153780e+03   1.1456191e+00   6.3272718e+03
   1.5807600e+00   6.0813943e+04   2.1111267e+01   4.4157846e+03   1.1460085e+00   6.3260710e+03
   1.5810700e+00   5.9890112e+04   2.0544268e+01   3.3655997e+03   1.1537102e+00   6.3248307e+03
   1.5813700e+00   5.8723157e+04   2.0266696e+01   7.7612363e+02   1.1628979e+00   6.3236308e+03
   1.5816700e+00   5.8987274e+04   2.0287063e+01  -1.9802775e+03   1.1630527e+00   6.3224314e+03
   1.5819800e+00   5.9501618e+04   2.0448824e+01  -6.0633753e+03   1.1559264e+00   6.3211924e+03
   1.5822800e+00   6.0867586e+04   2.3748666e+01  -1.0459802e+04   1.1469490e+00   6.3199939e+03
   1.5825900e+00   6.4021708e+04   2.2080028e+01  -1.3469783e+04   1.1448816e+00   6.3187560e+03
   1.5828900e+00   8.6685612e+04   3.1544485e+01   3.5877141e+03   1.1499641e+00   6.3175584e+03
   1.5831900e+00   1.0933796e+05   3.7457250e+01   2.2117670e+04   1.1596789e+00   6.3163613e+03
   1.5835000e+00   1.0766158e+05   3.7270879e+01   1.8468325e+04   1.1625574e+00   6.3151247e+03
   1.5838000e+00   8.8015390e+04   3.1477294e+01  -7.5337863e+02   1.1526178e+00   6.3139285e+03
   1.5841100e+00   6.6879814e+04   2.3086990e+01  -1.9281441e+04   1.1451691e+00   6.3126929e+03
   1.5844100e+00   7.3439756e+04   2.6905680e+01  -8.5352950e+03   1.1382539e+00   6.3114977e+03
   1.5847200e+00   7.9526739e+04   2.9399341e+01   2.4904755e+03   1.1423009e+00   6.3102630e+03
   1.5850200e+00   7.7658865e+04   3.0063118e+01   5.4749829e+03   1.1485504e+00   6.3090687e+03
   1.5853300e+00   6.8324367e+04   2.5970284e+01   2.3796679e+02   1.1556064e+00   6.3078350e+03
   1.5856300e+00   6.1774529e+04   2.2685035e+01  -3.3584252e+03   1.1517725e+00   6.3066415e+03
   1.5859400e+00   6.1921280e+04   2.1610382e+01  -1.4872668e+03   1.1500623e+00   6.3054088e+03
   1.5862500e+00   6.2485027e+04   2.1657846e+01  -2.5590527e+02   1.1425201e+00   6.3041765e+03
   1.5865500e+00   6.5351550e+04   2.2740388e+01   2.5558354e+03   1.1413495e+00   6.3029845e+03
   1.5868600e+00   6.6595049e+04   2.2910153e+01   3.4040822e+03   1.1490988e+00   6.3017531e+03
   1.5871600e+00   6.6238098e+04   2.2687561e+01   2.6374576e+03   1.1584154e+00   6.3005620e+03
   1.5874700e+00   6.3331403e+04   2.1983345e+01  -4.9003009e+02   1.1563739e+00   6.2993316e+03
   1.5877700e+00   6.1862857e+04   2.1561210e+01  -1.9297303e+03   1.1495950e+00   6.2981414e+03
   1.5880800e+00   6.1555520e+04   2.1204197e+01  -2.0160199e+03   1.1415546e+00   6.2969120e+03
   1.5883900e+00   6.1889218e+04   2.1384661e+01  -1.3915797e+03   1.1398417e+00   6.2956831e+03
   1.5886900e+00   6.3344815e+04   2.1952306e+01   2.9708259e+02   1.1427537e+00   6.2944942e+03
   1.5890000e+00   6.2119700e+04   2.1586273e+01  -8.3750687e+02   1.1500526e+00   6.2932662e+03
   1.5893100e+00   6.3193055e+04   2.1779800e+01   1.6332063e+02   1.1524638e+00   6.2920387e+03
   1.5896100e+00   6.3969639e+04   2.1990612e+01   7.4285553e+02   1.1472615e+00   6.2908512e+03
   1.5899200e+00   6.5041212e+04   2.2536748e+01   1.5655241e+03   1.1388755e+00   6.2896246e+03
   1.5902300e+00   6.4292427e+04   2.2172570e+01   5.9099122e+02   1.1348040e+00   6.2883985e+03
   1.5905300e+00   6.4161868e+04   2.2170111e+01   3.0730068e+02   1.1391834e+00   6.2872124e+03
   1.5908400e+00   6.3379307e+04   2.2060729e+01  -5.4685728e+02   1.1481638e+00   6.2859873e+03
   1.5911500e+00   6.3175502e+04   2.2138210e+01  -7.7150705e+02   1.1500078e+00   6.2847626e+03
   1.5914500e+00   6.3436700e+04   2.1823521e+01  -5.3642889e+02   1.1452451e+00   6.2835779e+03
   1.5917600e+00   6.4350061e+04   2.2065172e+01   2.8581782e+02   1.1358812e+00   6.2823541e+03
   1.5920700e+00   6.4676275e+04   2.2327584e+01   4.1423349e+02   1.1290084e+00   6.2811309e+03
   1.5923800e+00   6.4705160e+04   2.2537270e+01   1.3020314e+02   1.1324747e+00   6.2799081e+03
   1.5926800e+00   6.4238761e+04   2.2115122e+01  -7.3498146e+02   1.1400362e+00   6.2787252e+03
   1.5929900e+00   6.4936249e+04   2.2297902e+01  -4.6325534e+02   1.1465513e+00   6.2775033e+03
   1.5933000e+00   6.5427160e+04   2.2494230e+01  -3.5495529e+02   1.1457925e+00   6.2762819e+03
   1.5936100e+00   6.5687570e+04   2.2621314e+01  -3.7685815e+02   1.1395204e+00   6.2750610e+03
   1.5939200e+00   6.7721127e+04   4.2968861e+01   1.4950375e+03   1.1298303e+00   6.2738406e+03
   1.5942200e+00   6.6985778e+04   2.2916699e+01   6.8707933e+02   1.1276794e+00   6.2726600e+03
   1.5945300e+00   6.7331565e+04   2.3189061e+01   9.6555656e+02   1.1328637e+00   6.2714405e+03
   1.5948400e+00   6.6779369e+04   2.3316393e+01   2.3291319e+02   1.1374724e+00   6.2702215e+03
   1.5951500e+00   6.6560736e+04   2.3076016e+01  -3.9995790e+02   1.1439989e+00   6.2690029e+03
   1.5954600e+00   6.7182039e+04   2.3019183e+01  -5.0979885e+02   1.1382172e+00   6.2677848e+03
   1.5957700e+00   6.8237845e+04   2.3627566e+01  -5.1321030e+02   1.1300356e+00   6.2665672e+03
   1.5960700e+00   6.8213338e+04   2.3452061e+01  -1.8469105e+03   1.1276929e+00   6.2653894e+03
   1.5963800e+00   6.8916848e+04   2.3792380e+01  -2.5440353e+03   1.1309114e+00   6.2641727e+03
   1.5966900e+00   7.0574099e+04   2.4380010e+01  -2.1755505e+03   1.1372657e+00   6.2629565e+03
   1.5970000e+00   7.7915224e+04   2.6415736e+01   4.1832568e+03   1.1441830e+00   6.2617408e+03
   1.5973100e+00   8.0355951e+04   3.4941915e+01   6.0821644e+03   1.1334443e+00   6.2605255e+03
   1.5976200e+00   7.7329993e+04   2.6618146e+01   2.9973120e+03   1.1288884e+00   6.2593107e+03
   1.5979300e+00   7.1734419e+04   2.4565453e+01  -2.2238339e+03   1.1254203e+00   6.2580964e+03
   1.5982400e+00   6.9516037e+04   2.3748660e+01  -3.7485413e+03   1.1279034e+00   6.2568826e+03
   1.5985500e+00   6.9207133e+04   2.3623494e+01  -3.1785878e+03   1.1351244e+00   6.2556692e+03
   1.5988600e+00   6.9033334e+04   2.3881328e+01  -2.4011039e+03   1.1406481e+00   6.2544563e+03
   1.5991700e+00   7.0889109e+04   5.2586173e+01   4.0465744e+02   1.1384250e+00   6.2532439e+03
   1.5994800e+00   7.0157280e+04   2.3936011e+01   5.7248030e+02   1.1322184e+00   6.2520319e+03
   1.5997900e+00   6.9845314e+04   2.3952162e+01   1.0466213e+03   1.1289613e+00   6.2508204e+03
   1.6001000e+00   7.0835419e+04   2.4233141e+01   2.5888094e+03   1.1261897e+00   6.2496094e+03
   1.6004100e+00   7.0750727e+04   2.4375995e+01   2.6230582e+03   1.1287397e+00   6.2483988e+03
   1.6007200e+00   7.1501051e+04   2.4239745e+01   2.8021409e+03   1.1372668e+00   6.2471888e+03
   1.6010300e+00   7.1914960e+04   2.4609604e+01   1.7065847e+03   1.1364383e+00   6.2459792e+03
   1.6013400e+00   7.1796217e+04   2.4714339e+01  -1.0003809e+03   1.1327500e+00   6.2447700e+03
   1.6016500e+00   7.2914925e+04   2.5080733e+01  -3.4837371e+03   1.1251517e+00   6.2435613e+03
   1.6019600e+00   7.3454546e+04   2.5296502e+01  -7.2326955e+03   1.1230992e+00   6.2423531e+03
   1.6022700e+00   7.4164839e+04   2.5381192e+01  -1.0925258e+04   1.1253636e+00   6.2411454e+03
   1.6025800e+00   8.4593798e+04   3.0200875e+01  -4.3014370e+03   1.1285951e+00   6.2399381e+03
   1.6028900e+00   1.0652187e+05   3.6734816e+01   1.5099049e+04   1.1320952e+00   6.2387313e+03
   1.6032000e+00   1.0995298e+05   3.7172956e+01   1.7747035e+04   1.1312679e+00   6.2375250e+03
   1.6035100e+00   9.7374816e+04   3.3739218e+01   6.2553995e+03   1.1279616e+00   6.2363191e+03
   1.6038200e+00   7.8704930e+04   2.7130241e+01  -9.7121074e+03   1.1235300e+00   6.2351137e+03
   1.6041400e+00   7.4762703e+04   2.5780978e+01  -9.9061758e+03   1.1254190e+00   6.2338699e+03
   1.6044500e+00   7.4811561e+04   2.5529491e+01  -5.8037434e+03   1.1308435e+00   6.2326654e+03
   1.6047600e+00   7.5446164e+04   2.5800709e+01  -1.5413147e+03   1.1291525e+00   6.2314614e+03
   1.6050700e+00   7.5929387e+04   2.6101581e+01   1.5760024e+03   1.1307821e+00   6.2302579e+03
   1.6053800e+00   7.6265594e+04   2.6016905e+01   3.2347876e+03   1.1227603e+00   6.2290548e+03
   1.6056900e+00   7.6759176e+04   2.6301140e+01   3.6856710e+03   1.1239048e+00   6.2278522e+03
   1.6060000e+00   7.6727440e+04   2.6085187e+01   2.4140967e+03   1.1256436e+00   6.2266501e+03
   1.6063200e+00   7.6960139e+04   2.6275018e+01   5.2932766e+02   1.1299347e+00   6.2254096e+03
   1.6066300e+00   7.7497292e+04   2.6413403e+01  -1.5317533e+03   1.1301596e+00   6.2242084e+03
   1.6069400e+00   7.8929783e+04   2.6737506e+01  -2.7670829e+03   1.1294285e+00   6.2230077e+03
   1.6072500e+00   7.9978561e+04   2.7234686e+01  -4.0784062e+03   1.1289324e+00   6.2218074e+03
   1.6075700e+00   8.5775388e+04   2.9132711e+01  -2.7642485e+01   1.1282624e+00   6.2205689e+03
   1.6078800e+00   9.2284408e+04   3.1575835e+01   5.5563697e+03   1.1268560e+00   6.2193696e+03
   1.6081900e+00   9.1389786e+04   3.1191338e+01   4.6481128e+03   1.1290825e+00   6.2181707e+03
   1.6085000e+00   8.4218277e+04   2.8843934e+01  -1.6570941e+03   1.1294315e+00   6.2169723e+03
   1.6088200e+00   7.8821672e+04   2.6896831e+01  -5.4560846e+03   1.1298779e+00   6.2157358e+03
   1.6091300e+00   7.9322415e+04   2.7218846e+01  -2.8797776e+03   1.1274344e+00   6.2145383e+03
   1.6094400e+00   7.9436159e+04   2.7130417e+01  -5.4987886e+02   1.1276876e+00   6.2133413e+03
   1.6097500e+00   7.9678324e+04   2.8496495e+01   1.6553791e+03   1.1219827e+00   6.2121447e+03
   1.6100700e+00   8.0649047e+04   2.8021847e+01   3.9212972e+03   1.1242552e+00   6.2109101e+03
   1.6103800e+00   8.0102407e+04   2.7490165e+01   3.6145560e+03   1.1270026e+00   6.2097145e+03
   1.6106900e+00   7.9972612e+04   2.7396114e+01   2.3765561e+03   1.1281508e+00   6.2085193e+03
   1.6110100e+00   8.1232430e+04   2.7813695e+01   1.0614212e+03   1.1285823e+00   6.2072861e+03
   1.6113200e+00   8.1627145e+04   2.7865741e+01  -2.4569839e+03   1.1258398e+00   6.2060919e+03
   1.6116300e+00   8.1551041e+04   2.7752695e+01  -7.3718700e+03   1.1258701e+00   6.2048981e+03
   1.6119500e+00   8.3153256e+04   2.8260189e+01  -1.0868431e+04   1.1268601e+00   6.2036664e+03
   1.6122600e+00   8.9416914e+04   3.0723551e+01  -9.1573693e+03   1.1281041e+00   6.2024735e+03
   1.6125800e+00   1.1350260e+05   3.8876535e+01   1.1688241e+04   1.1285616e+00   6.2012427e+03
   1.6128900e+00   1.2197603e+05   4.1580989e+01   1.8766472e+04   1.1266679e+00   6.2000508e+03
   1.6132000e+00   1.1565782e+05   3.9385911e+01   1.3053022e+04   1.1248312e+00   6.1988594e+03
   1.6135200e+00   9.3259733e+04   3.2091020e+01  -7.0052851e+03   1.1239732e+00   6.1976300e+03
   1.6138300e+00   8.5928554e+04   2.9026578e+01  -1.0876131e+04   1.1266420e+00   6.1964395e+03
   1.6141500e+00   8.5691377e+04   2.9196393e+01  -7.3279434e+03   1.1295779e+00   6.1952111e+03
   1.6144600e+00   8.6659548e+04   2.9474728e+01  -3.0124288e+03   1.1269623e+00   6.1940215e+03
   1.6147700e+00   8.7382412e+04   2.9825264e+01   7.7245179e+01   1.1223161e+00   6.1928324e+03
   1.6150900e+00   8.7304021e+04   2.9869896e+01   1.1648717e+03   1.1216360e+00   6.1916054e+03
   1.6154000e+00   8.8486088e+04   3.0783947e+01   2.4099092e+03   1.1221835e+00   6.1904172e+03
   1.6157200e+00   8.9005955e+04   3.0849532e+01   2.2121514e+03   1.1221510e+00   6.1891912e+03
   1.6160300e+00   8.9686350e+04   3.0361884e+01   1.8000564e+03   1.1250263e+00   6.1880039e+03
   1.6163500e+00   9.0735131e+04   3.0730535e+01   1.7295444e+03   1.1236019e+00   6.1867789e+03
   1.6166600e+00   9.0363582e+04   3.0786220e+01   4.0366718e+02   1.1202807e+00   6.1855925e+03
   1.6169800e+00   9.0484372e+04   3.0612448e+01  -2.6139912e+02   1.1184403e+00   6.1843684e+03
   1.6172900e+00   9.2287288e+04   3.1336882e+01   7.7616809e+02   1.1150725e+00   6.1831830e+03
   1.6176100e+00   9.2339036e+04   3.1739893e+01  -1.2741797e+02   1.1165151e+00   6.1819598e+03
   1.6179300e+00   9.1801745e+04   3.1336380e+01  -1.9734429e+03   1.1213035e+00   6.1807371e+03
   1.6182400e+00   9.2544698e+04   3.1408417e+01  -2.9170153e+03   1.1200788e+00   6.1795531e+03
   1.6185600e+00   9.3657272e+04   3.1763725e+01  -3.7120486e+03   1.1168435e+00   6.1783314e+03
   1.6188700e+00   9.5950644e+04   3.2750842e+01  -3.2344454e+03   1.1108413e+00   6.1771483e+03
   1.6191900e+00   1.0348301e+05   3.5201810e+01   2.9532580e+03   1.1080011e+00   6.1759275e+03
   1.6195000e+00   1.0686247e+05   3.6030090e+01   5.7759731e+03   1.1120264e+00   6.1747453e+03
   1.6198200e+00   1.0467440e+05   3.5682137e+01   3.9460646e+03   1.1140647e+00   6.1735255e+03
   1.6201400e+00   9.7597509e+04   3.3256907e+01  -2.0054708e+03   1.1149559e+00   6.1723061e+03
   1.6204500e+00   9.7744523e+04   3.3134799e+01  -4.0153795e+02   1.1088008e+00   6.1711253e+03
   1.6207700e+00   9.8033787e+04   3.3496884e+01   1.0269600e+03   1.1065139e+00   6.1699069e+03
   1.6210800e+00   9.8889859e+04   3.3371912e+01   1.9936969e+03   1.1032711e+00   6.1687270e+03
   1.6214000e+00   9.9239372e+04   3.3479113e+01   8.4785847e+02   1.1020148e+00   6.1675096e+03
   1.6217200e+00   1.0088963e+05   3.4305491e+01  -8.6012954e+02   1.1045748e+00   6.1662926e+03
   1.6220300e+00   1.0089086e+05   3.4337754e+01   0.0000000e+00   1.1059782e+00   6.1651141e+03
   1.6223500e+00   1.0138562e+05   3.4514360e+01   0.0000000e+00   1.1026451e+00   6.1638980e+03
   1.6226700e+00   1.2203523e+05   3.6649846e+01   0.0000000e+00   1.0839282e+00   6.1626825e+03
   1.6229800e+00   1.1995814e+05   2.3164006e+02   0.0000000e+00   1.0948060e+00   6.1615054e+03
   1.6233000e+00   1.3349943e+05   2.1698238e+02   0.0000000e+00   1.1027730e+00   6.1602908e+03
   1.6236200e+00   1.3713730e+05   2.5202480e+02   0.0000000e+00   1.1140093e+00   6.1590766e+03
   1.6239400e+00   1.2672574e+05   2.5646052e+02   0.0000000e+00   1.1199659e+00   6.1578630e+03
   1.6242500e+00   1.1212264e+05   2.7175137e+02   0.0000000e+00   1.1192113e+00   6.1566877e+03
   1.6245700e+00   1.0990373e+05   2.8265522e+02   0.0000000e+00   1.1119759e+00   6.1554750e+03
   1.6248900e+00   8.2883140e+04   1.0694688e+02   0.0000000e+00   1.1012313e+00   6.1542628e+03
   1.6252100e+00   7.9339350e+04   1.0650075e+02   0.0000000e+00   1.1005788e+00   6.1530510e+03
   1.6255200e+00   7.5767564e+04   9.9179279e+01   0.0000000e+00   1.1043586e+00   6.1518776e+03
   1.6258400e+00   7.1672600e+04   1.0058872e+02   0.0000000e+00   1.1099999e+00   6.1506667e+03
   1.6261600e+00   6.7019810e+04   8.8315694e+01   0.0000000e+00   1.1077277e+00   6.1494564e+03
   1.6264800e+00   6.7986006e+04   1.0509795e+02   0.0000000e+00   1.1023239e+00   6.1482465e+03
   1.6268000e+00   7.5263217e+04   2.7242286e+02   0.0000000e+00   1.1013949e+00   6.1470371e+03
   1.6271100e+00   5.6393081e+04   8.0269044e+01   0.0000000e+00   1.1176752e+00   6.1458660e+03
   1.6274300e+00   5.2157393e+04   6.8456471e+01   0.0000000e+00   1.1241042e+00   6.1446575e+03
   1.6277500e+00   5.0119095e+04   6.2974593e+01   0.0000000e+00   1.1333435e+00   6.1434495e+03
   1.6280700e+00   4.6072085e+04   4.9588745e+01   0.0000000e+00   1.1481567e+00   6.1422420e+03
   1.6283900e+00   4.4062351e+04   4.0245411e+01   0.0000000e+00   1.1494887e+00   6.1410350e+03
   1.6287100e+00   4.1054475e+04   1.4453419e+01   0.0000000e+00   1.1434521e+00   6.1398285e+03
   1.6290200e+00   4.0928626e+04   1.4630518e+01   0.0000000e+00   1.1390710e+00   6.1386601e+03
   1.6293400e+00   4.0278207e+04   1.4307600e+01   0.0000000e+00   1.1425293e+00   6.1374544e+03
   1.6296600e+00   4.0899671e+04   1.4459318e+01   0.0000000e+00   1.1506370e+00   6.1362493e+03
   1.6299800e+00   4.1376469e+04   1.4563845e+01   0.0000000e+00   1.1569878e+00   6.1350446e+03
   1.6303000e+00   4.2589111e+04   1.5012645e+01   0.0000000e+00   1.1488797e+00   6.1338404e+03
   1.6306200e+00   4.2625497e+04   1.5201845e+01   0.0000000e+00   1.1425538e+00   6.1326367e+03
   1.6309400e+00   4.3020413e+04   1.5291856e+01   0.0000000e+00   1.1368672e+00   6.1314334e+03
   1.6312600e+00   4.4940677e+04   1.5942456e+01   0.0000000e+00   1.1322604e+00   6.1302306e+03
   1.6315800e+00   4.7555181e+04   1.6585166e+01   0.0000000e+00   1.1410116e+00   6.1290283e+03
   1.6319000e+00   4.7113908e+04   1.6659237e+01   0.0000000e+00   1.1466714e+00   6.1278265e+03
   1.6322200e+00   4.3837447e+04   1.5589088e+01   0.0000000e+00   1.1505432e+00   6.1266251e+03
   1.6325400e+00   4.2503727e+04   1.5182056e+01   0.0000000e+00   1.1398576e+00   6.1254242e+03
   1.6328600e+00   4.2220580e+04   1.4893603e+01   0.0000000e+00   1.1295698e+00   6.1242238e+03
   1.6331800e+00   4.1994052e+04   1.4826108e+01   0.0000000e+00   1.1296397e+00   6.1230238e+03
   1.6335000e+00   4.2529707e+04   1.4999394e+01   0.0000000e+00   1.1365597e+00   6.1218243e+03
   1.6338200e+00   4.3756203e+04   1.5394924e+01   0.0000000e+00   1.1437466e+00   6.1206253e+03
   1.6341400e+00   4.5472421e+04   1.5990026e+01   0.0000000e+00   1.1446260e+00   6.1194267e+03
   1.6344600e+00   4.5497517e+04   1.6081852e+01   0.0000000e+00   1.1383095e+00   6.1182287e+03
   1.6347800e+00   5.1595338e+04   1.8081829e+01   0.0000000e+00   1.1290134e+00   6.1170310e+03
   1.6351000e+00   5.5294355e+04   1.9431878e+01   0.0000000e+00   1.1234702e+00   6.1158339e+03
   1.6354200e+00   5.4296837e+04   1.8903349e+01   0.0000000e+00   1.1268101e+00   6.1146372e+03
   1.6357400e+00   4.8496493e+04   1.6853643e+01   0.0000000e+00   1.1345493e+00   6.1134410e+03
   1.6360600e+00   4.5233294e+04   1.6151653e+01   0.0000000e+00   1.1389503e+00   6.1122453e+03
   1.6363800e+00   4.5038585e+04   1.5918127e+01   0.0000000e+00   1.1367124e+00   6.1110500e+03
   1.6367000e+00   4.4306320e+04   1.5556779e+01   0.0000000e+00   1.1254270e+00   6.1098552e+03
   1.6370200e+00   4.4881427e+04   1.5853885e+01   0.0000000e+00   1.1169140e+00   6.1086609e+03
   1.6373400e+00   4.3482159e+04   1.5446664e+01   0.0000000e+00   1.1186707e+00   6.1074670e+03
   1.6376600e+00   4.3655158e+04   1.5271078e+01   0.0000000e+00   1.1263600e+00   6.1062736e+03
   1.6379800e+00   4.2932702e+04   1.5042331e+01   0.0000000e+00   1.1352123e+00   6.1050806e+03
   1.6383100e+00   4.4049386e+04   1.5551282e+01   0.0000000e+00   1.1341971e+00   6.1038509e+03
   1.6386300e+00   4.8968150e+04   1.7123971e+01   0.0000000e+00   1.1256560e+00   6.1026589e+03
   1.6389500e+00   4.9778332e+04   1.7280095e+01   0.0000000e+00   1.1151522e+00   6.1014674e+03
   1.6392700e+00   4.7537808e+04   1.6698424e+01   0.0000000e+00   1.1122151e+00   6.1002763e+03
   1.6395900e+00   4.4278367e+04   1.5783859e+01   0.0000000e+00   1.1185562e+00   6.0990857e+03
   1.6399100e+00   4.3132417e+04   1.5118441e+01   0.0000000e+00   1.1273295e+00   6.0978956e+03
   1.6402400e+00   4.2967934e+04   1.5079427e+01   0.0000000e+00   1.1312812e+00   6.0966688e+03
   1.6405600e+00   4.2895417e+04   1.5260645e+01   0.0000000e+00   1.1226997e+00   6.0954796e+03
   1.6408800e+00   4.2834988e+04   1.5172160e+01   0.0000000e+00   1.1139046e+00   6.0942909e+03
   1.6412000e+00   4.5820640e+04   1.6398238e+01   0.0000000e+00   1.1055174e+00   6.0931026e+03
   1.6415200e+00   4.6744325e+04   1.6458946e+01   0.0000000e+00   1.1075929e+00   6.0919148e+03
   1.6418500e+00   4.4880556e+04   1.5852670e+01   0.0000000e+00   1.1212188e+00   6.0906904e+03
   1.6421700e+00   4.2889967e+04   1.5148789e+01   0.0000000e+00   1.1287438e+00   6.0895035e+03
   1.6424900e+00   4.2515904e+04   1.4929131e+01   0.0000000e+00   1.1230700e+00   6.0883171e+03
   1.6428100e+00   4.3496359e+04   1.5407218e+01   0.0000000e+00   1.1133146e+00   6.0871312e+03
   1.6431400e+00   4.4145268e+04   1.5649144e+01   0.0000000e+00   1.1035713e+00   6.0859087e+03
   1.6434600e+00   4.4059064e+04   1.5609091e+01   0.0000000e+00   1.1050184e+00   6.0847237e+03
   1.6437800e+00   5.0165347e+04   1.7852339e+01   0.0000000e+00   1.1132173e+00   6.0835392e+03
   1.6441000e+00   5.6289855e+04   1.9523370e+01   0.0000000e+00   1.1215970e+00   6.0823551e+03
   1.6444300e+00   5.7821460e+04   2.0053654e+01   0.0000000e+00   1.1242320e+00   6.0811345e+03
   1.6447500e+00   5.1979400e+04   1.8344896e+01   0.0000000e+00   1.1134421e+00   6.0799514e+03
   1.6450700e+00   4.6748015e+04   1.6429622e+01   0.0000000e+00   1.1016227e+00   6.0787687e+03
   1.6454000e+00   4.5260065e+04   1.6114980e+01   0.0000000e+00   1.0976937e+00   6.0775495e+03
   1.6457200e+00   4.4954700e+04   1.5936891e+01   0.0000000e+00   1.1050858e+00   6.0763678e+03
   1.6460400e+00   4.4369496e+04   1.5817326e+01   0.0000000e+00   1.1146841e+00   6.0751865e+03
   1.6463700e+00   4.4759258e+04   1.5714679e+01   0.0000000e+00   1.1173846e+00   6.0739688e+03
   1.6466900e+00   4.4256788e+04   1.5564263e+01   0.0000000e+00   1.1125856e+00   6.0727884e+03
   1.6470100e+00   4.5771366e+04   1.6242128e+01   0.0000000e+00   1.1001457e+00   6.0716086e+03
   1.6473400e+00   5.0438555e+04   1.7977478e+01   0.0000000e+00   1.0927297e+00   6.0703923e+03
   1.6476600e+00   5.3901936e+04   1.9065637e+01   0.0000000e+00   1.0976094e+00   6.0692133e+03
   1.6479900e+00   5.4104475e+04   1.9206588e+01   0.0000000e+00   1.1070824e+00   6.0679980e+03
   1.6483100e+00   4.9159693e+04   1.7484785e+01   0.0000000e+00   1.1146063e+00   6.0668200e+03
   1.6486300e+00   4.5749574e+04   1.6221488e+01   0.0000000e+00   1.1139728e+00   6.0656424e+03
   1.6489600e+00   4.5410107e+04   1.6001354e+01   0.0000000e+00   1.1022628e+00   6.0644285e+03
   1.6492800e+00   4.4704182e+04   1.5883608e+01   0.0000000e+00   1.0919904e+00   6.0632518e+03
   1.6496100e+00   4.7644536e+04   1.6862065e+01   0.0000000e+00   1.0897665e+00   6.0620389e+03
   1.6499300e+00   5.7193588e+04   2.0052996e+01   0.0000000e+00   1.0991919e+00   6.0608632e+03
   1.6502600e+00   6.1236617e+04   2.1234324e+01   0.0000000e+00   1.1122831e+00   6.0596512e+03
   1.6505800e+00   5.7809366e+04   2.0209080e+01   0.0000000e+00   1.1132066e+00   6.0584764e+03
   1.6509000e+00   4.9404717e+04   1.7384245e+01   0.0000000e+00   1.1033233e+00   6.0573021e+03
   1.6512300e+00   4.6660147e+04   1.6243311e+01   0.0000000e+00   1.0907566e+00   6.0560915e+03
   1.6515500e+00   4.5789652e+04   1.7138735e+01   0.0000000e+00   1.0892993e+00   6.0549181e+03
   1.6518800e+00   4.4821909e+04   1.5827013e+01   0.0000000e+00   1.0942109e+00   6.0537085e+03
   1.6522000e+00   4.4656492e+04   1.5710033e+01   0.0000000e+00   1.1069110e+00   6.0525360e+03
   1.6525300e+00   4.4250019e+04   1.5742301e+01   0.0000000e+00   1.1094706e+00   6.0513274e+03
   1.6528600e+00   4.5561682e+04   1.6961455e+01   0.0000000e+00   1.1035520e+00   6.0501192e+03
   1.6531800e+00   4.6337084e+04   1.8151494e+01   0.0000000e+00   1.0922511e+00   6.0489481e+03
   1.6535100e+00   4.6454407e+04   1.9359600e+01   0.0000000e+00   1.0814803e+00   6.0477409e+03
   1.6538300e+00   4.6532629e+04   1.8650512e+01   0.0000000e+00   1.0885319e+00   6.0465707e+03
   1.6541600e+00   4.6382077e+04   1.8094117e+01   0.0000000e+00   1.0979529e+00   6.0453644e+03
   1.6544800e+00   4.5529849e+04   1.7035686e+01   0.0000000e+00   1.1054855e+00   6.0441952e+03
   1.6548100e+00   4.6136053e+04   1.6829974e+01   0.0000000e+00   1.1098723e+00   6.0429898e+03
   1.6551300e+00   4.9665748e+04   1.8244833e+01   0.0000000e+00   1.0947936e+00   6.0418215e+03
   1.6554600e+00   5.1019942e+04   1.8171112e+01   0.0000000e+00   1.0850717e+00   6.0406171e+03
   1.6557900e+00   4.9534999e+04   1.7727970e+01   0.0000000e+00   1.0861592e+00   6.0394132e+03
   1.6561100e+00   4.6052662e+04   1.6374951e+01   0.0000000e+00   1.0946237e+00   6.0382463e+03
   1.6564400e+00   4.4621758e+04   1.6011080e+01   0.0000000e+00   1.1039036e+00   6.0370433e+03
   1.6567600e+00   4.5295471e+04   1.5842521e+01   0.0000000e+00   1.1072306e+00   6.0358773e+03
   1.6570900e+00   4.5077895e+04   1.5854023e+01   0.0000000e+00   1.0984319e+00   6.0346752e+03
   1.6574200e+00   4.5582260e+04   1.5997208e+01   0.0000000e+00   1.0897921e+00   6.0334737e+03
   1.6577400e+00   4.5915153e+04   1.6205754e+01   0.0000000e+00   1.0835787e+00   6.0323090e+03
   1.6580700e+00   4.5012367e+04   1.5878897e+01   0.0000000e+00   1.0900515e+00   6.0311085e+03
   1.6584000e+00   4.5152827e+04   1.6110068e+01   0.0000000e+00   1.1021373e+00   6.0299083e+03
   1.6587200e+00   4.5184880e+04   1.5960178e+01   0.0000000e+00   1.1072225e+00   6.0287451e+03
   1.6590500e+00   4.5527843e+04   1.5938174e+01   0.0000000e+00   1.1027438e+00   6.0275459e+03
   1.6593800e+00   4.5466940e+04   1.6134091e+01   0.0000000e+00   1.0930438e+00   6.0263472e+03
   1.6597000e+00   4.6145666e+04   1.6196339e+01   0.0000000e+00   1.0849091e+00   6.0251853e+03
   1.6600300e+00   4.6038752e+04   1.6236386e+01   0.0000000e+00   1.0880415e+00   6.0239875e+03
   1.6603600e+00   4.5229667e+04   1.5976934e+01   0.0000000e+00   1.0953547e+00   6.0227902e+03
   1.6606900e+00   4.6087284e+04   1.6229798e+01   0.0000000e+00   1.1066256e+00   6.0215934e+03
   1.6610100e+00   4.6835359e+04   1.6629292e+01   0.0000000e+00   1.1074595e+00   6.0204334e+03
   1.6613400e+00   4.7105353e+04   1.6498101e+01   0.0000000e+00   1.0982962e+00   6.0192375e+03
   1.6616700e+00   4.6466343e+04   1.6738530e+01   0.0000000e+00   1.0849796e+00   6.0180421e+03
   1.6620000e+00   4.6058660e+04   1.6642257e+01   0.0000000e+00   1.0836947e+00   6.0168472e+03
   1.6623200e+00   4.6147234e+04   1.6489681e+01   0.0000000e+00   1.0908970e+00   6.0156889e+03
   1.6626500e+00   4.5727242e+04   1.6114983e+01   0.0000000e+00   1.1053939e+00   6.0144949e+03
   1.6629800e+00   4.6022174e+04   1.6268718e+01   0.0000000e+00   1.1070078e+00   6.0133014e+03
   1.6633100e+00   4.5823571e+04   1.6137484e+01   0.0000000e+00   1.1022883e+00   6.0121084e+03
   1.6636400e+00   4.6533152e+04   1.6574367e+01   0.0000000e+00   1.0874155e+00   6.0109158e+03
   1.6639600e+00   4.6286989e+04   1.6418026e+01   0.0000000e+00   1.0846250e+00   6.0097598e+03
   1.6642900e+00   4.5931913e+04   1.6162621e+01   0.0000000e+00   1.0882050e+00   6.0085682e+03
   1.6646200e+00   4.5777309e+04   1.5883626e+01   0.0000000e+00   1.0981527e+00   6.0073771e+03
   1.6649500e+00   4.5268942e+04   1.5886843e+01   0.0000000e+00   1.1070190e+00   6.0061864e+03
   1.6652800e+00   4.5590402e+04   1.5913042e+01   0.0000000e+00   1.1058339e+00   6.0049962e+03
   1.6656100e+00   4.5811160e+04   1.5997536e+01   0.0000000e+00   1.0940786e+00   6.0038064e+03
   1.6659300e+00   4.6109884e+04   1.6148968e+01   0.0000000e+00   1.0831463e+00   6.0026532e+03
   1.6662600e+00   4.6088808e+04   1.6141932e+01   0.0000000e+00   1.0801834e+00   6.0014644e+03
   1.6665900e+00   4.5325014e+04   1.5955447e+01   0.0000000e+00   1.0893423e+00   6.0002760e+03
   1.6669200e+00   4.6242619e+04   1.6155239e+01   0.0000000e+00   1.1020854e+00   5.9990881e+03
   1.6672500e+00   4.5876866e+04   1.6093458e+01   0.0000000e+00   1.1063316e+00   5.9979007e+03
   1.6675800e+00   4.6378744e+04   1.6240909e+01   0.0000000e+00   1.0988411e+00   5.9967138e+03
   1.6679100e+00   4.6812980e+04   1.6490853e+01   0.0000000e+00   1.0858041e+00   5.9955273e+03
   1.6682400e+00   4.7694152e+04   1.7016194e+01   0.0000000e+00   1.0802154e+00   5.9943413e+03
   1.6685700e+00   5.5790482e+04   2.0174078e+01   0.0000000e+00   1.0835124e+00   5.9931558e+03
   1.6689000e+00   8.1803043e+04   2.9617692e+01   0.0000000e+00   1.0930828e+00   5.9919708e+03
   1.6692300e+00   9.5831643e+04   3.3108985e+01   0.0000000e+00   1.1022446e+00   5.9907862e+03
   1.6695500e+00   8.6248156e+04   3.0329912e+01   0.0000000e+00   1.1004212e+00   5.9896379e+03
   1.6698800e+00   6.0224489e+04   2.1548820e+01   0.0000000e+00   1.0907901e+00   5.9884543e+03
   1.6702100e+00   5.2552473e+04   1.8441828e+01   0.0000000e+00   1.0812611e+00   5.9872711e+03
   1.6705400e+00   6.0044103e+04   2.1141018e+01   0.0000000e+00   1.0801387e+00   5.9860883e+03
   1.6708700e+00   6.4091543e+04   2.2275749e+01   0.0000000e+00   1.0884272e+00   5.9849061e+03
   1.6712000e+00   6.0614378e+04   2.1130161e+01   0.0000000e+00   1.0976550e+00   5.9837243e+03
   1.6715300e+00   5.1803180e+04   1.8113174e+01   0.0000000e+00   1.0989271e+00   5.9825429e+03
   1.6718600e+00   4.8386213e+04   1.6896103e+01   0.0000000e+00   1.0936373e+00   5.9813621e+03
   1.6721900e+00   4.9202843e+04   1.7214730e+01   0.0000000e+00   1.0807201e+00   5.9801817e+03
   1.6725200e+00   4.9442607e+04   1.7262007e+01   0.0000000e+00   1.0754678e+00   5.9790017e+03
   1.6728500e+00   5.2077519e+04   1.8198011e+01   0.0000000e+00   1.0848958e+00   5.9778223e+03
   1.6731800e+00   5.4076517e+04   1.8991922e+01   0.0000000e+00   1.0956927e+00   5.9766433e+03
   1.6735200e+00   5.2718138e+04   1.8247905e+01   0.0000000e+00   1.1007954e+00   5.9754290e+03
   1.6738500e+00   5.0318158e+04   1.7633945e+01   0.0000000e+00   1.0924910e+00   5.9742510e+03
   1.6741800e+00   4.9793570e+04   2.4800520e+01   0.0000000e+00   1.0829945e+00   5.9730734e+03
   1.6745100e+00   4.8715042e+04   1.7222042e+01   0.0000000e+00   1.0764010e+00   5.9718963e+03
   1.6748400e+00   4.8996121e+04   1.7157340e+01   0.0000000e+00   1.0790680e+00   5.9707196e+03
   1.6751700e+00   4.8917519e+04   1.7218003e+01   0.0000000e+00   1.0859167e+00   5.9695434e+03
   1.6755000e+00   4.9298137e+04   1.7962595e+01   0.0000000e+00   1.0927243e+00   5.9683677e+03
   1.6758300e+00   5.0318657e+04   1.7587838e+01   0.0000000e+00   1.0954966e+00   5.9671924e+03
   1.6761600e+00   5.0009210e+04   1.7356398e+01   0.0000000e+00   1.0871939e+00   5.9660176e+03
   1.6764900e+00   5.0808913e+04   1.7747668e+01   0.0000000e+00   1.0779267e+00   5.9648432e+03
   1.6768200e+00   4.9771564e+04   1.7377579e+01   0.0000000e+00   1.0733793e+00   5.9636693e+03
   1.6771600e+00   4.8990739e+04   1.7081784e+01   0.0000000e+00   1.0787123e+00   5.9624603e+03
   1.6774900e+00   4.8904508e+04   1.6985890e+01   0.0000000e+00   1.0864529e+00   5.9612874e+03
   1.6778200e+00   4.8015864e+04   1.6661635e+01   0.0000000e+00   1.0919717e+00   5.9601149e+03
   1.6781500e+00   4.9208307e+04   1.7446630e+01   0.0000000e+00   1.0871267e+00   5.9589429e+03
   1.6784800e+00   4.9273250e+04   1.7232264e+01   0.0000000e+00   1.0792531e+00   5.9577713e+03
   1.6788100e+00   4.9418904e+04   1.7220989e+01   0.0000000e+00   1.0713577e+00   5.9566002e+03
   1.6791500e+00   4.9800043e+04   1.7365666e+01   0.0000000e+00   1.0711947e+00   5.9553941e+03
   1.6794800e+00   4.8890752e+04   1.6976477e+01   0.0000000e+00   1.0784048e+00   5.9542239e+03
   1.6798100e+00   4.8930515e+04   1.7706940e+01   0.0000000e+00   1.0861568e+00   5.9530542e+03
   1.6801400e+00   4.9826468e+04   1.7219811e+01   0.0000000e+00   1.0828032e+00   5.9518850e+03
   1.6804700e+00   4.9855780e+04   1.7337024e+01   0.0000000e+00   1.0731834e+00   5.9507162e+03
   1.6808100e+00   4.9445802e+04   1.7285795e+01   0.0000000e+00   1.0648435e+00   5.9495124e+03
   1.6811400e+00   4.9149747e+04   1.7901158e+01   0.0000000e+00   1.0635611e+00   5.9483446e+03
   1.6814700e+00   4.9365519e+04   1.8132362e+01   0.0000000e+00   1.0660982e+00   5.9471772e+03
   1.6818000e+00   4.9033994e+04   1.7129018e+01   0.0000000e+00   1.0767968e+00   5.9460102e+03
   1.6821400e+00   4.8347592e+04   1.6828108e+01   0.0000000e+00   1.0780911e+00   5.9448084e+03
   1.6824700e+00   4.9000391e+04   1.7058561e+01   0.0000000e+00   1.0719373e+00   5.9436424e+03
   1.6828000e+00   4.9733190e+04   1.7305656e+01   0.0000000e+00   1.0602163e+00   5.9424768e+03
   1.6831400e+00   4.9635267e+04   1.7306559e+01   0.0000000e+00   1.0546233e+00   5.9412764e+03
   1.6834700e+00   5.1112452e+04   1.7856131e+01   0.0000000e+00   1.0572091e+00   5.9401118e+03
   1.6838000e+00   5.5633749e+04   1.9452779e+01   0.0000000e+00   1.0623359e+00   5.9389476e+03
   1.6841300e+00   5.6682125e+04   2.0078195e+01   0.0000000e+00   1.0651403e+00   5.9377839e+03
   1.6844700e+00   5.5083856e+04   1.9191046e+01   0.0000000e+00   1.0663032e+00   5.9365854e+03
   1.6848000e+00   5.1531103e+04   1.7965713e+01   0.0000000e+00   1.0567941e+00   5.9354226e+03
   1.6851300e+00   5.0904965e+04   1.7811863e+01   0.0000000e+00   1.0505036e+00   5.9342603e+03
   1.6854700e+00   5.0316338e+04   1.7644996e+01   0.0000000e+00   1.0455824e+00   5.9330632e+03
   1.6858000e+00   5.0449861e+04   1.7646167e+01   0.0000000e+00   1.0503357e+00   5.9319018e+03
   1.6861300e+00   5.0943118e+04   1.7791985e+01   0.0000000e+00   1.0553367e+00   5.9307408e+03
   1.6864700e+00   5.0325648e+04   1.7486328e+01   0.0000000e+00   1.0580233e+00   5.9295451e+03
   1.6868000e+00   5.1283653e+04   1.7814266e+01   0.0000000e+00   1.0521468e+00   5.9283851e+03
   1.6871400e+00   5.2004518e+04   1.7892090e+01   0.0000000e+00   1.0434975e+00   5.9271904e+03
   1.6874700e+00   5.2029231e+04   1.8227569e+01   0.0000000e+00   1.0364386e+00   5.9260313e+03
   1.6878000e+00   5.2261181e+04   1.8345957e+01   0.0000000e+00   1.0369492e+00   5.9248726e+03
   1.6881400e+00   5.1666571e+04   1.8038964e+01   0.0000000e+00   1.0391786e+00   5.9236793e+03
   1.6884700e+00   5.1632220e+04   1.7875875e+01   0.0000000e+00   1.0451459e+00   5.9225216e+03
   1.6888100e+00   5.2138193e+04   1.8051529e+01   0.0000000e+00   1.0424999e+00   5.9213292e+03
   1.6891400e+00   5.2813824e+04   1.8598738e+01   0.0000000e+00   1.0323110e+00   5.9201724e+03
   1.6894700e+00   5.4116531e+04   1.9072029e+01   0.0000000e+00   1.0194867e+00   5.9190160e+03
   1.6898100e+00   6.3835557e+04   2.3075665e+01   0.0000000e+00   1.0226394e+00   5.9178251e+03
   1.6901400e+00   8.3497546e+04   2.9750527e+01   0.0000000e+00   1.0235386e+00   5.9166696e+03
   1.6904800e+00   8.9912022e+04   3.0834334e+01   0.0000000e+00   1.0260672e+00   5.9154796e+03
   1.6908100e+00   7.6764147e+04   2.7103783e+01   0.0000000e+00   1.0284972e+00   5.9143251e+03
   1.6911500e+00   5.9396645e+04   2.0554586e+01   0.0000000e+00   1.0238866e+00   5.9131360e+03
   1.6914800e+00   5.5083157e+04   1.9134628e+01   0.0000000e+00   1.0159685e+00   5.9119824e+03
   1.6918200e+00   5.3839813e+04   1.8856937e+01   0.0000000e+00   1.0085493e+00   5.9107943e+03
   1.6921500e+00   5.4031595e+04   1.8832821e+01   0.0000000e+00   1.0095432e+00   5.9096416e+03
   1.6924900e+00   5.4026234e+04   1.9124004e+01   0.0000000e+00   1.0143516e+00   5.9084544e+03
   1.6928200e+00   5.3606924e+04   1.9074608e+01   0.0000000e+00   1.0176929e+00   5.9073026e+03
   1.6931600e+00   5.3800154e+04   1.8714141e+01   0.0000000e+00   1.0153232e+00   5.9061164e+03
   1.6934900e+00   5.3387211e+04   1.9016543e+01   0.0000000e+00   1.0078437e+00   5.9049655e+03
   1.6938300e+00   5.4370314e+04   1.9537835e+01   0.0000000e+00   1.0019465e+00   5.9037802e+03
   1.6941600e+00   5.4644879e+04   1.9141340e+01   0.0000000e+00   1.0009594e+00   5.9026302e+03
   1.6945000e+00   5.3846680e+04   1.8900119e+01   0.0000000e+00   1.0039919e+00   5.9014459e+03
   1.6948300e+00   5.6693501e+04   1.9715955e+01   0.0000000e+00   1.0081918e+00   5.9002968e+03
   1.6951700e+00   6.3711088e+04   2.2198953e+01   0.0000000e+00   1.0078797e+00   5.8991134e+03
   1.6955100e+00   6.7711518e+04   2.3366788e+01   0.0000000e+00   1.0034733e+00   5.8979304e+03
   1.6958400e+00   6.6164390e+04   2.2920093e+01   0.0000000e+00   9.9696163e-01   5.8967827e+03
   1.6961800e+00   5.8699678e+04   2.0335471e+01   0.0000000e+00   9.8937311e-01   5.8956007e+03
   1.6965100e+00   5.6120269e+04   1.9385121e+01   0.0000000e+00   9.8972009e-01   5.8944539e+03
   1.6968500e+00   5.5052289e+04   1.9049776e+01   0.0000000e+00   9.9630714e-01   5.8932728e+03
   1.6971900e+00   5.4973712e+04   1.9089166e+01   0.0000000e+00   9.9827062e-01   5.8920922e+03
   1.6975200e+00   5.4983000e+04   1.9055366e+01   0.0000000e+00   9.9777613e-01   5.8909468e+03
   1.6978600e+00   5.5717620e+04   1.9589749e+01   0.0000000e+00   9.8852865e-01   5.8897671e+03
   1.6981900e+00   5.6416542e+04   1.9725401e+01   0.0000000e+00   9.8197790e-01   5.8886226e+03
   1.6985300e+00   5.6950948e+04   1.9670606e+01   0.0000000e+00   9.8166804e-01   5.8874438e+03
   1.6988700e+00   5.6237450e+04   1.9587834e+01   0.0000000e+00   9.8117573e-01   5.8862656e+03
   1.6992000e+00   5.5594208e+04   1.9417515e+01   0.0000000e+00   9.8434499e-01   5.8851224e+03
   1.6995400e+00   5.6967110e+04   1.9828173e+01   0.0000000e+00   9.8537882e-01   5.8839451e+03
   1.6998800e+00   5.7667782e+04   2.0175517e+01   0.0000000e+00   9.8323290e-01   5.8827682e+03
   1.7002100e+00   6.3811801e+04   2.2551746e+01   0.0000000e+00   9.7542159e-01   5.8816264e+03
   1.7005500e+00   8.4775410e+04   2.9994594e+01   0.0000000e+00   9.6621036e-01   5.8804504e+03
   1.7008900e+00   9.5142683e+04   3.2779474e+01   0.0000000e+00   9.6533996e-01   5.8792750e+03
   1.7012200e+00   8.7642690e+04   3.0613273e+01   0.0000000e+00   9.6968662e-01   5.8781345e+03
   1.7015600e+00   6.6473050e+04   2.3662376e+01   0.0000000e+00   9.7585335e-01   5.8769600e+03
   1.7019000e+00   5.8724742e+04   2.0731644e+01   0.0000000e+00   9.7684103e-01   5.8757859e+03
   1.7022400e+00   5.8079818e+04   2.0045931e+01   0.0000000e+00   9.6983574e-01   5.8746123e+03
   1.7025700e+00   5.7346286e+04   2.0023128e+01   0.0000000e+00   9.6308784e-01   5.8734736e+03
   1.7029100e+00   5.8347347e+04   2.0498114e+01   0.0000000e+00   9.5931155e-01   5.8723009e+03
   1.7032500e+00   5.8514529e+04   2.0254240e+01   0.0000000e+00   9.6237630e-01   5.8711287e+03
   1.7035900e+00   5.8063464e+04   4.8543349e+01   0.0000000e+00   9.6611570e-01   5.8699570e+03
   1.7039200e+00   5.9880777e+04   7.1358686e+01   0.0000000e+00   9.6873984e-01   5.8688201e+03
   1.7042600e+00   5.8205017e+04   2.0131837e+01   0.0000000e+00   9.6614245e-01   5.8676493e+03
   1.7046000e+00   5.9035070e+04   2.0629290e+01   0.0000000e+00   9.5743544e-01   5.8664789e+03
   1.7049400e+00   5.8776316e+04   2.0297465e+01   0.0000000e+00   9.5416681e-01   5.8653090e+03
   1.7052700e+00   5.9561376e+04   2.0678468e+01   0.0000000e+00   9.5057881e-01   5.8641740e+03
   1.7056100e+00   5.9833664e+04   2.0961874e+01   0.0000000e+00   9.5378304e-01   5.8630050e+03
   1.7059500e+00   5.9845409e+04   2.0974825e+01   0.0000000e+00   9.5921178e-01   5.8618365e+03
   1.7062900e+00   5.8937198e+04   2.0362873e+01   0.0000000e+00   9.6014098e-01   5.8606685e+03
   1.7066300e+00   5.7846347e+04   2.0310726e+01   0.0000000e+00   9.5629384e-01   5.8595009e+03
   1.7069700e+00   5.9876922e+04   2.0689402e+01   0.0000000e+00   9.4600224e-01   5.8583338e+03
   1.7073000e+00   6.3383621e+04   2.2150726e+01   0.0000000e+00   9.4305501e-01   5.8572014e+03
   1.7076400e+00   7.0120553e+04   2.4133891e+01   0.0000000e+00   9.4390397e-01   5.8560352e+03
   1.7079800e+00   6.9420636e+04   2.3889482e+01   0.0000000e+00   9.5061457e-01   5.8548695e+03
   1.7083200e+00   6.5593312e+04   2.2629457e+01   0.0000000e+00   9.5351812e-01   5.8537042e+03
   1.7086600e+00   6.1059314e+04   2.1032131e+01   0.0000000e+00   9.5185688e-01   5.8525394e+03
   1.7090000e+00   5.9678286e+04   2.0706291e+01   0.0000000e+00   9.4342171e-01   5.8513751e+03
   1.7093400e+00   6.0750975e+04   2.9717249e+01   0.0000000e+00   9.3254051e-01   5.8502112e+03
   1.7096700e+00   5.9466376e+04   2.2012475e+01   0.0000000e+00   9.3110729e-01   5.8490820e+03
   1.7100100e+00   6.1297520e+04   4.1442189e+01   0.0000000e+00   9.3796128e-01   5.8479190e+03
   1.7103500e+00   5.9319387e+04   2.0718707e+01   0.0000000e+00   9.4750519e-01   5.8467565e+03
   1.7106900e+00   5.9833531e+04   2.0618507e+01   0.0000000e+00   9.4684975e-01   5.8455945e+03
   1.7110300e+00   5.9991212e+04   2.0878819e+01   0.0000000e+00   9.3999538e-01   5.8444329e+03
   1.7113700e+00   6.1320507e+04   2.1219928e+01   0.0000000e+00   9.3374752e-01   5.8432718e+03
   1.7117100e+00   6.4715778e+04   2.2582074e+01   0.0000000e+00   9.2863937e-01   5.8421111e+03
   1.7120500e+00   8.0855711e+04   2.8662413e+01   0.0000000e+00   9.2777429e-01   5.8409509e+03
   1.7123900e+00   8.8168928e+04   3.1195095e+01   0.0000000e+00   9.3591422e-01   5.8397912e+03
   1.7127300e+00   8.2167788e+04   2.9428726e+01   0.0000000e+00   9.3902983e-01   5.8386319e+03
   1.7130700e+00   6.7560607e+04   2.3646457e+01   0.0000000e+00   9.3592600e-01   5.8374731e+03
   1.7134100e+00   6.2370465e+04   2.1651453e+01   0.0000000e+00   9.2919450e-01   5.8363147e+03
   1.7137500e+00   6.2044371e+04   2.1489889e+01   0.0000000e+00   9.2320473e-01   5.8351568e+03
   1.7140900e+00   6.2042684e+04   2.1705167e+01   0.0000000e+00   9.2110280e-01   5.8339994e+03
   1.7144300e+00   6.2701725e+04   2.1817870e+01   0.0000000e+00   9.2609718e-01   5.8328424e+03
   1.7147700e+00   6.1119202e+04   2.1030521e+01   0.0000000e+00   9.3205499e-01   5.8316859e+03
   1.7151100e+00   6.1726442e+04   2.1684655e+01   0.0000000e+00   9.3519599e-01   5.8305298e+03
   1.7154500e+00   6.2122072e+04   2.1335259e+01   0.0000000e+00   9.2794622e-01   5.8293742e+03
   1.7157900e+00   6.2329978e+04   2.1561613e+01   0.0000000e+00   9.2035691e-01   5.8282191e+03
   1.7161300e+00   6.2653830e+04   2.1819705e+01   0.0000000e+00   9.1594420e-01   5.8270644e+03
   1.7164700e+00   6.3465901e+04   2.2078092e+01   0.0000000e+00   9.1639913e-01   5.8259102e+03
   1.7168100e+00   6.3315333e+04   2.2033960e+01   0.0000000e+00   9.2411426e-01   5.8247564e+03
   1.7171500e+00   6.3466067e+04   2.2159613e+01   0.0000000e+00   9.2924739e-01   5.8236031e+03
   1.7174900e+00   6.4347787e+04   2.2317786e+01   0.0000000e+00   9.2644022e-01   5.8224502e+03
   1.7178300e+00   6.4271813e+04   2.2143089e+01   0.0000000e+00   9.1808577e-01   5.8212978e+03
   1.7181700e+00   6.5187952e+04   2.2756579e+01   0.0000000e+00   9.1009672e-01   5.8201459e+03
   1.7185100e+00   6.4098822e+04   2.2021910e+01   0.0000000e+00   9.0953209e-01   5.8189944e+03
   1.7188500e+00   6.4406269e+04   2.2228377e+01   0.0000000e+00   9.1367443e-01   5.8178433e+03
   1.7191900e+00   6.4426242e+04   2.2860607e+01   0.0000000e+00   9.1968902e-01   5.8166927e+03
   1.7195300e+00   6.4703003e+04   4.4553262e+01   0.0000000e+00   9.1982039e-01   5.8155426e+03
   1.7198700e+00   6.4196288e+04   2.2260051e+01   0.0000000e+00   9.1701054e-01   5.8143929e+03
   1.7202200e+00   6.5148596e+04   2.2804832e+01   0.0000000e+00   9.0625034e-01   5.8132099e+03
   1.7205600e+00   6.9967231e+04   2.8823208e+01   0.0000000e+00   8.9502709e-01   5.8120612e+03
   1.7209000e+00   7.3167314e+04   2.9104316e+01   0.0000000e+00   8.9823028e-01   5.8109129e+03
   1.7212400e+00   7.2602636e+04   2.5430514e+01   0.0000000e+00   9.0519696e-01   5.8097651e+03
   1.7215800e+00   6.9534733e+04   2.3830701e+01   0.0000000e+00   9.1464903e-01   5.8086177e+03
   1.7219200e+00   6.6468488e+04   2.3104422e+01   0.0000000e+00   9.1336579e-01   5.8074707e+03
   1.7222600e+00   6.6684861e+04   2.2872259e+01   0.0000000e+00   9.0286282e-01   5.8063242e+03
   1.7226100e+00   6.7939182e+04   2.3526323e+01   0.0000000e+00   8.9536529e-01   5.8051445e+03
   1.7229500e+00   6.6334927e+04   2.3200067e+01   0.0000000e+00   8.9209594e-01   5.8039990e+03
   1.7232900e+00   6.6982092e+04   2.3020270e+01   0.0000000e+00   8.9572656e-01   5.8028538e+03
   1.7236300e+00   6.6876990e+04   2.3455558e+01   0.0000000e+00   9.0329775e-01   5.8017092e+03
   1.7239700e+00   6.8114153e+04   2.3456869e+01   0.0000000e+00   9.0484775e-01   5.8005650e+03
   1.7243100e+00   7.3545201e+04   2.5587937e+01   0.0000000e+00   8.9799086e-01   5.7994212e+03
   1.7246600e+00   8.0732695e+04   2.7871922e+01   0.0000000e+00   8.8836865e-01   5.7982443e+03
   1.7250000e+00   8.1354880e+04   2.8108108e+01   0.0000000e+00   8.8182189e-01   5.7971014e+03
   1.7253400e+00   7.6858089e+04   2.6443746e+01   0.0000000e+00   8.8464866e-01   5.7959591e+03
   1.7256800e+00   6.9438207e+04   2.3947980e+01   0.0000000e+00   8.8912625e-01   5.7948171e+03
   1.7260300e+00   6.7453192e+04   2.3433085e+01   0.0000000e+00   8.9489017e-01   5.7936421e+03
   1.7263700e+00   6.7978137e+04   2.3372320e+01   0.0000000e+00   8.9264537e-01   5.7925010e+03
   1.7267100e+00   6.7894930e+04   2.3477536e+01   0.0000000e+00   8.8496246e-01   5.7913604e+03
   1.7270500e+00   7.0160047e+04   2.4264410e+01   0.0000000e+00   8.7530364e-01   5.7902203e+03
   1.7274000e+00   6.9973810e+04   2.4555509e+01   0.0000000e+00   8.7229503e-01   5.7890471e+03
   1.7277400e+00   7.0753236e+04   2.4535241e+01   0.0000000e+00   8.7430790e-01   5.7879079e+03
   1.7280800e+00   7.1498553e+04   2.4586959e+01   0.0000000e+00   8.8125248e-01   5.7867691e+03
   1.7284200e+00   7.1004661e+04   2.4467339e+01   0.0000000e+00   8.8375383e-01   5.7856308e+03
   1.7287700e+00   7.1615166e+04   3.2072261e+01   0.0000000e+00   8.7749406e-01   5.7844595e+03
   1.7291100e+00   7.1233645e+04   2.4578963e+01   0.0000000e+00   8.6801261e-01   5.7833221e+03
   1.7294500e+00   7.0729085e+04   2.4676717e+01   0.0000000e+00   8.5907292e-01   5.7821851e+03
   1.7298000e+00   7.1554055e+04   2.4889516e+01   0.0000000e+00   8.6172297e-01   5.7810151e+03
   1.7301400e+00   7.1973645e+04   2.5047711e+01   0.0000000e+00   8.6788608e-01   5.7798791e+03
   1.7304800e+00   7.2825534e+04   2.5057545e+01   0.0000000e+00   8.7234091e-01   5.7787435e+03
   1.7308300e+00   7.2719158e+04   2.5043439e+01   0.0000000e+00   8.7139932e-01   5.7775749e+03
   1.7311700e+00   7.1870770e+04   2.4939758e+01   0.0000000e+00   8.6026347e-01   5.7764402e+03
   1.7315100e+00   7.3123445e+04   2.5357473e+01   0.0000000e+00   8.5188351e-01   5.7753059e+03
   1.7318600e+00   7.3241962e+04   2.5272768e+01   0.0000000e+00   8.4737113e-01   5.7741388e+03
   1.7322000e+00   7.3066397e+04   2.5744568e+01   0.0000000e+00   8.4991651e-01   5.7730054e+03
   1.7325400e+00   7.4406417e+04   2.5722654e+01   0.0000000e+00   8.5633973e-01   5.7718725e+03
   1.7328900e+00   7.8761546e+04   2.7385439e+01   0.0000000e+00   8.6024744e-01   5.7707067e+03
   1.7332300e+00   8.1454066e+04   2.7737810e+01   0.0000000e+00   8.5513490e-01   5.7695747e+03
   1.7335700e+00   7.7335096e+04   2.6701474e+01   0.0000000e+00   8.4661850e-01   5.7684432e+03
   1.7339200e+00   7.5555312e+04   2.6422306e+01   0.0000000e+00   8.4025589e-01   5.7672788e+03
   1.7342600e+00   7.5821145e+04   2.6581480e+01   0.0000000e+00   8.4057613e-01   5.7661481e+03
   1.7346100e+00   7.5727377e+04   2.6087786e+01   0.0000000e+00   8.4500653e-01   5.7649846e+03
   1.7349500e+00   7.7838107e+04   2.6712150e+01   0.0000000e+00   8.5044040e-01   5.7638549e+03
   1.7352900e+00   7.8115774e+04   2.6898629e+01   0.0000000e+00   8.4876627e-01   5.7627255e+03
   1.7356400e+00   7.8824226e+04   2.7118874e+01   0.0000000e+00   8.4107318e-01   5.7615635e+03
   1.7359800e+00   8.0349209e+04   2.7896948e+01   0.0000000e+00   8.3235169e-01   5.7604350e+03
   1.7363300e+00   7.9241342e+04   2.7831782e+01   0.0000000e+00   8.2924629e-01   5.7592739e+03
   1.7366700e+00   7.7823286e+04   2.7056679e+01   0.0000000e+00   8.3143009e-01   5.7581463e+03
   1.7370200e+00   7.7576890e+04   2.6840725e+01   0.0000000e+00   8.3702700e-01   5.7569861e+03
   1.7373600e+00   7.6967367e+04   2.6872812e+01   0.0000000e+00   8.4125702e-01   5.7558595e+03
   1.7377100e+00   7.9512717e+04   2.7146485e+01   0.0000000e+00   8.3911611e-01   5.7547002e+03
   1.7380500e+00   8.6345392e+04   2.9681560e+01   0.0000000e+00   8.3054330e-01   5.7535744e+03
   1.7384000e+00   9.5660370e+04   3.2749187e+01   0.0000000e+00   8.2162510e-01   5.7524160e+03
   1.7387400e+00   9.7320028e+04   3.3287651e+01   0.0000000e+00   8.2176679e-01   5.7512912e+03
   1.7390900e+00   9.0402427e+04   3.0971457e+01   0.0000000e+00   8.2669714e-01   5.7501337e+03
   1.7394300e+00   8.2943743e+04   2.8473450e+01   0.0000000e+00   8.3167783e-01   5.7490097e+03
   1.7397800e+00   8.1096434e+04   2.7939793e+01   0.0000000e+00   8.3094357e-01   5.7478532e+03
   1.7401200e+00   8.0368673e+04   2.7575491e+01   0.0000000e+00   8.2709867e-01   5.7467301e+03
   1.7404700e+00   8.1743864e+04   2.8074751e+01   0.0000000e+00   8.1689699e-01   5.7455745e+03
   1.7408100e+00   8.1824279e+04   2.8161902e+01   0.0000000e+00   8.1278893e-01   5.7444523e+03
   1.7411600e+00   8.1425913e+04   2.8357021e+01   0.0000000e+00   8.1318777e-01   5.7432976e+03
   1.7415000e+00   7.9966038e+04   2.7672772e+01   0.0000000e+00   8.2099031e-01   5.7421763e+03
   1.7418500e+00   8.1269502e+04   2.7959933e+01   0.0000000e+00   8.2430384e-01   5.7410225e+03
   1.7421900e+00   8.3237474e+04   2.9017250e+01   0.0000000e+00   8.2170135e-01   5.7399021e+03
   1.7425400e+00   8.6944540e+04   2.9878082e+01   0.0000000e+00   8.1574652e-01   5.7387492e+03
   1.7428800e+00   8.7525572e+04   3.0291459e+01   0.0000000e+00   8.0949554e-01   5.7376297e+03
   1.7432300e+00   8.5015114e+04   2.9273029e+01   0.0000000e+00   8.0660852e-01   5.7364777e+03
   1.7435800e+00   8.2350351e+04   2.8394574e+01   0.0000000e+00   8.1182164e-01   5.7353262e+03
   1.7439200e+00   8.1748045e+04   2.8243492e+01   0.0000000e+00   8.1530766e-01   5.7342080e+03
   1.7442700e+00   8.2784616e+04   2.8259252e+01   0.0000000e+00   8.1692195e-01   5.7330574e+03
   1.7446100e+00   9.1732009e+04   3.1839316e+01   0.0000000e+00   8.1267313e-01   5.7319401e+03
   1.7449600e+00   9.8139962e+04   3.4006650e+01   0.0000000e+00   8.0695792e-01   5.7307904e+03
   1.7453100e+00   9.5510385e+04   3.2796632e+01   0.0000000e+00   8.0066187e-01   5.7296412e+03
   1.7456500e+00   8.8159428e+04   3.0647109e+01   0.0000000e+00   8.0400328e-01   5.7285252e+03
   1.7460000e+00   8.3976896e+04   2.8675300e+01   0.0000000e+00   8.0514536e-01   5.7273769e+03
   1.7463400e+00   8.1961994e+04   2.8317902e+01   0.0000000e+00   8.1068721e-01   5.7262618e+03
   1.7466900e+00   8.3141450e+04   2.8565346e+01   0.0000000e+00   8.1130025e-01   5.7251144e+03
   1.7470400e+00   8.3348761e+04   2.8666189e+01   0.0000000e+00   8.0426829e-01   5.7239674e+03
   1.7473800e+00   8.4133165e+04   2.8853992e+01   0.0000000e+00   7.9935639e-01   5.7228536e+03
   1.7477300e+00   8.4593684e+04   2.8990230e+01   0.0000000e+00   7.9770717e-01   5.7217076e+03
   1.7480800e+00   8.4935582e+04   2.9140009e+01   0.0000000e+00   8.0001263e-01   5.7205620e+03
   1.7484200e+00   8.4207578e+04   2.8849565e+01   0.0000000e+00   8.0591997e-01   5.7194496e+03
   1.7487700e+00   8.4549627e+04   2.8994675e+01   0.0000000e+00   8.0944529e-01   5.7183049e+03
   1.7491200e+00   8.4107961e+04   2.8588779e+01   0.0000000e+00   8.0615679e-01   5.7171606e+03
   1.7494600e+00   8.5391505e+04   2.9115015e+01   0.0000000e+00   7.9985964e-01   5.7160495e+03
   1.7498100e+00   8.6446499e+04   2.9546676e+01   0.0000000e+00   7.9594695e-01   5.7149062e+03
   1.7501600e+00   9.0483718e+04   3.1055034e+01   0.0000000e+00   7.9472984e-01   5.7137633e+03
   1.7505100e+00   9.1912547e+04   3.1828228e+01   0.0000000e+00   7.9879930e-01   5.7126209e+03
   1.7508500e+00   9.0521444e+04   3.1084295e+01   0.0000000e+00   8.0323376e-01   5.7115116e+03
   1.7512000e+00   8.8947313e+04   3.0097547e+01   0.0000000e+00   8.0488312e-01   5.7103700e+03
   1.7515500e+00   8.8545928e+04   3.0504251e+01   0.0000000e+00   7.9986860e-01   5.7092290e+03
   1.7519000e+00   8.8234883e+04   3.0041971e+01   0.0000000e+00   7.9448358e-01   5.7080884e+03
   1.7522400e+00   8.8722924e+04   3.0282866e+01   0.0000000e+00   7.9149600e-01   5.7069808e+03
   1.7525900e+00   9.0885815e+04   3.1012826e+01   0.0000000e+00   7.9483093e-01   5.7058411e+03
   1.7529400e+00   9.0434339e+04   3.0816451e+01   0.0000000e+00   8.0071817e-01   5.7047018e+03
   1.7532900e+00   8.9875311e+04   3.0512552e+01   0.0000000e+00   8.0194041e-01   5.7035630e+03
   1.7536300e+00   8.9764575e+04   3.1089955e+01   0.0000000e+00   7.9983463e-01   5.7024572e+03
   1.7539800e+00   8.9792799e+04   3.0901201e+01   0.0000000e+00   7.9525576e-01   5.7013193e+03
   1.7543300e+00   9.0518266e+04   3.0851761e+01   0.0000000e+00   7.8936770e-01   5.7001818e+03
   1.7546800e+00   9.0529372e+04   3.1186228e+01   0.0000000e+00   7.8916621e-01   5.6990448e+03
   1.7550200e+00   8.9977234e+04   3.0928496e+01   0.0000000e+00   7.9276520e-01   5.6979408e+03
   1.7553700e+00   8.8492167e+04   3.0306562e+01   0.0000000e+00   7.9744315e-01   5.6968047e+03
   1.7557200e+00   8.8909581e+04   3.0540370e+01   0.0000000e+00   7.9791459e-01   5.6956690e+03
   1.7560700e+00   8.9223571e+04   3.1095224e+01   0.0000000e+00   7.9559426e-01   5.6945338e+03
   1.7564200e+00   9.0809750e+04   3.0960287e+01   0.0000000e+00   7.9005100e-01   5.6933991e+03
   1.7567700e+00   9.1309927e+04   3.1404403e+01   0.0000000e+00   7.8702464e-01   5.6922648e+03
   1.7571100e+00   9.1770915e+04   3.1398312e+01   0.0000000e+00   7.8766824e-01   5.6911633e+03
   1.7574600e+00   9.0229914e+04   3.0885432e+01   0.0000000e+00   7.9309176e-01   5.6900299e+03
   1.7578100e+00   8.9795753e+04   3.1006487e+01   0.0000000e+00   7.9774607e-01   5.6888970e+03
   1.7581600e+00   9.1690919e+04   3.1346314e+01   0.0000000e+00   7.9774307e-01   5.6877645e+03
   1.7585100e+00   9.2519602e+04   3.1633538e+01   0.0000000e+00   7.9355646e-01   5.6866324e+03
   1.7588600e+00   9.2829555e+04   3.1725623e+01   0.0000000e+00   7.8674422e-01   5.6855008e+03
   1.7592100e+00   9.3972902e+04   3.2359858e+01   0.0000000e+00   7.8411199e-01   5.6843697e+03
   1.7595500e+00   9.3701349e+04   3.1983971e+01   0.0000000e+00   7.8838955e-01   5.6832713e+03
   1.7599000e+00   9.1874586e+04   3.1529398e+01   0.0000000e+00   7.9436010e-01   5.6821410e+03
   1.7602500e+00   9.2139920e+04   3.1465375e+01   0.0000000e+00   7.9578796e-01   5.6810112e+03
   1.7606000e+00   9.3628213e+04   3.1705390e+01   0.0000000e+00   7.9400973e-01   5.6798819e+03
   1.7609500e+00   9.4624807e+04   3.2255120e+01   0.0000000e+00   7.8853302e-01   5.6787529e+03
   1.7613000e+00   9.4487459e+04   3.2396987e+01   0.0000000e+00   7.8453885e-01   5.6776245e+03
   1.7616500e+00   9.6637671e+04   3.3015585e+01   0.0000000e+00   7.8121738e-01   5.6764965e+03
   1.7620000e+00   9.6074245e+04   3.3487992e+01   0.0000000e+00   7.8539838e-01   5.6753689e+03
   1.7623500e+00   9.5066413e+04   3.2604124e+01   0.0000000e+00   7.9182316e-01   5.6742418e+03
   1.7627000e+00   9.5695869e+04   3.2437011e+01   0.0000000e+00   7.9348424e-01   5.6731151e+03
   1.7630500e+00   9.7106265e+04   3.2978659e+01   0.0000000e+00   7.8967371e-01   5.6719889e+03
   1.7633900e+00   9.8068395e+04   3.3713077e+01   0.0000000e+00   7.8426294e-01   5.6708953e+03
   1.7637400e+00   9.9567060e+04   3.4123481e+01   0.0000000e+00   7.7971422e-01   5.6697699e+03
   1.7640900e+00   9.8683858e+04   3.3529034e+01   0.0000000e+00   7.8059083e-01   5.6686450e+03
   1.7644400e+00   1.0115847e+05   3.4322975e+01   0.0000000e+00   7.8422820e-01   5.6675206e+03
   1.7647900e+00   1.1401590e+05   3.9282301e+01   0.0000000e+00   7.8855314e-01   5.6663966e+03
   1.7651400e+00   1.3789067e+05   4.6755251e+01   0.0000000e+00   7.8802873e-01   5.6652730e+03
   1.7654900e+00   1.4572808e+05   4.9405248e+01   0.0000000e+00   7.8344668e-01   5.6641499e+03
   1.7658400e+00   1.3024798e+05   4.4761833e+01   0.0000000e+00   7.7683339e-01   5.6630272e+03
   1.7661900e+00   1.1339718e+05   3.8570515e+01   0.0000000e+00   7.7335597e-01   5.6619050e+03
   1.7665400e+00   1.0950504e+05   3.7067509e+01   0.0000000e+00   7.7656779e-01   5.6607832e+03
   1.7668900e+00   1.1315113e+05   3.9117300e+01   0.0000000e+00   7.8275205e-01   5.6596619e+03
   1.7672400e+00   1.1611323e+05   3.9861894e+01   0.0000000e+00   7.8674115e-01   5.6585410e+03
   1.7675900e+00   1.1281029e+05   3.8371427e+01   0.0000000e+00   7.8308598e-01   5.6574206e+03
   1.7679400e+00   1.0832584e+05   3.6716718e+01   0.0000000e+00   7.7852033e-01   5.6563006e+03
   1.7682900e+00   1.0456685e+05   3.5322327e+01   0.0000000e+00   7.7412397e-01   5.6551810e+03
   1.7686400e+00   1.0443053e+05   3.5329326e+01   0.0000000e+00   7.7338199e-01   5.6540619e+03
   1.7690000e+00   1.0570520e+05   3.6089188e+01   0.0000000e+00   7.7435889e-01   5.6529112e+03
   1.7693500e+00   1.0572224e+05   3.5870634e+01   0.0000000e+00   7.7981015e-01   5.6517930e+03
   1.7697000e+00   1.0720572e+05   3.6521573e+01   0.0000000e+00   7.8447203e-01   5.6506753e+03
   1.7700500e+00   1.0800281e+05   3.6788748e+01   0.0000000e+00   7.7895439e-01   5.6495579e+03
   1.7704000e+00   1.0902831e+05   3.6668504e+01   0.0000000e+00   7.7275187e-01   5.6484410e+03
   1.7707500e+00   1.0797912e+05   3.6917864e+01   0.0000000e+00   7.6986164e-01   5.6473246e+03
   1.7711000e+00   1.0748336e+05   3.6497636e+01   0.0000000e+00   7.6904756e-01   5.6462086e+03
   1.7714500e+00   1.0838515e+05   3.6937232e+01   0.0000000e+00   7.7213048e-01   5.6450930e+03
   1.7718000e+00   1.0710025e+05   3.6467058e+01   0.0000000e+00   7.7719566e-01   5.6439779e+03
   1.7721500e+00   1.0824404e+05   3.6859983e+01   0.0000000e+00   7.7590051e-01   5.6428632e+03
   1.7725000e+00   1.0962617e+05   3.7705694e+01   0.0000000e+00   7.6891915e-01   5.6417489e+03
   1.7728500e+00   1.1205116e+05   3.8145061e+01   0.0000000e+00   7.6268417e-01   5.6406351e+03
   1.7732100e+00   1.1352204e+05   3.8206907e+01   0.0000000e+00   7.6075864e-01   5.6394900e+03
   1.7735600e+00   1.1292121e+05   3.8165311e+01   0.0000000e+00   7.6032747e-01   5.6383770e+03
   1.7739100e+00   1.1117411e+05   3.8015847e+01   0.0000000e+00   7.6405696e-01   5.6372646e+03
   1.7742600e+00   1.1226615e+05   3.8109485e+01   0.0000000e+00   7.6366462e-01   5.6361525e+03
   1.7746100e+00   1.1396456e+05   3.8540136e+01   0.0000000e+00   7.5958705e-01   5.6350409e+03
   1.7749600e+00   1.1423858e+05   3.9322408e+01   0.0000000e+00   7.5549665e-01   5.6339298e+03
   1.7753100e+00   1.1563047e+05   3.9466732e+01   0.0000000e+00   7.4725882e-01   5.6328191e+03
   1.7756700e+00   1.1667500e+05   4.0062611e+01   0.0000000e+00   7.4164388e-01   5.6316771e+03
   1.7760200e+00   1.1755725e+05   4.0249752e+01   0.0000000e+00   7.4261705e-01   5.6305672e+03
   1.7763700e+00   1.1926457e+05   4.0329182e+01   0.0000000e+00   7.4354772e-01   5.6294578e+03
   1.7767200e+00   1.1888569e+05   4.0199010e+01   0.0000000e+00   7.4403042e-01   5.6283489e+03
   1.7770700e+00   1.2063402e+05   4.1232205e+01   0.0000000e+00   7.4009017e-01   5.6272403e+03
   1.7774200e+00   1.2150071e+05   4.1377432e+01   0.0000000e+00   7.3128473e-01   5.6261323e+03
   1.7777800e+00   1.2446924e+05   4.2203373e+01   0.0000000e+00   7.2323420e-01   5.6249930e+03
   1.7781300e+00   1.2504087e+05   4.2066062e+01   0.0000000e+00   7.2042782e-01   5.6238858e+03
   1.7784800e+00   1.2439558e+05   4.2402449e+01   0.0000000e+00   7.2023215e-01   5.6227790e+03
   1.7788300e+00   1.2605335e+05   4.2554492e+01   0.0000000e+00   7.1869294e-01   5.6216727e+03
   1.7791900e+00   1.2549751e+05   4.2858023e+01   0.0000000e+00   7.1639413e-01   5.6205352e+03
   1.7795400e+00   1.2581353e+05   4.2763156e+01   0.0000000e+00   7.0946697e-01   5.6194297e+03
   1.7798900e+00   1.2864526e+05   4.3388200e+01   0.0000000e+00   6.9939667e-01   5.6183247e+03
   1.7802400e+00   1.2979308e+05   4.4264923e+01   0.0000000e+00   6.9320066e-01   5.6172202e+03
   1.7805900e+00   1.3190302e+05   4.4509874e+01   0.0000000e+00   6.9162773e-01   5.6161160e+03
   1.7809500e+00   1.3443594e+05   4.5267355e+01   0.0000000e+00   6.8841099e-01   5.6149808e+03
   1.7813000e+00   1.3646513e+05   4.6040205e+01   0.0000000e+00   6.8396849e-01   5.6138775e+03
   1.7816500e+00   1.3791107e+05   4.6606052e+01   0.0000000e+00   6.7481072e-01   5.6127747e+03
   1.7820000e+00   1.3919645e+05   4.6894894e+01   0.0000000e+00   6.6539550e-01   5.6116723e+03
   1.7823600e+00   1.4115244e+05   4.7876907e+01   0.0000000e+00   6.5801958e-01   5.6105388e+03
   1.7827100e+00   1.4675829e+05   4.9456350e+01   0.0000000e+00   6.4772523e-01   5.6094373e+03
   1.7830600e+00   1.4596874e+05   4.9568487e+01   0.0000000e+00   6.4277016e-01   5.6083362e+03
   1.7834200e+00   1.4808868e+05   4.9954487e+01   0.0000000e+00   6.3809751e-01   5.6072041e+03
   1.7837700e+00   1.5108486e+05   5.1123465e+01   0.0000000e+00   6.3177794e-01   5.6061039e+03
   1.7841200e+00   1.5320752e+05   5.1606485e+01   0.0000000e+00   6.2259029e-01   5.6050041e+03
   1.7844800e+00   1.5809441e+05   5.3791796e+01   0.0000000e+00   6.0929114e-01   5.6038734e+03
   1.7848300e+00   1.6178055e+05   5.5219602e+01   0.0000000e+00   5.9708360e-01   5.6027745e+03
   1.7851800e+00   1.6768159e+05   5.6999711e+01   0.0000000e+00   5.8461841e-01   5.6016760e+03
   1.7855400e+00   1.7119962e+05   5.7766056e+01   0.0000000e+00   5.8050924e-01   5.6005466e+03
   1.7858900e+00   1.7018978e+05   5.8956346e+01   0.0000000e+00   5.7583574e-01   5.5994490e+03
   1.7862400e+00   1.7759730e+05   5.9548642e+01   0.0000000e+00   5.6405562e-01   5.5983518e+03
   1.7866000e+00   1.8087843e+05   6.0855773e+01   0.0000000e+00   5.5014536e-01   5.5972238e+03
   1.7869500e+00   1.8810576e+05   6.3825065e+01   0.0000000e+00   5.3834903e-01   5.5961275e+03
   1.7873000e+00   1.9602837e+05   6.6240427e+01   0.0000000e+00   5.2535181e-01   5.5950316e+03
   1.7876600e+00   2.0887338e+05   7.1421811e+01   0.0000000e+00   5.1554243e-01   5.5939049e+03
   1.7880100e+00   2.2781715e+05   7.7423734e+01   0.0000000e+00   5.0561309e-01   5.5928099e+03
   1.7883600e+00   2.3540129e+05   7.9835985e+01   0.0000000e+00   4.9491837e-01   5.5917153e+03
   1.7887200e+00   2.2985704e+05   7.8175821e+01   0.0000000e+00   4.8319091e-01   5.5905899e+03
   1.7890700e+00   2.2661068e+05   7.6553628e+01   0.0000000e+00   4.6919727e-01   5.5894962e+03
   1.7894200e+00   2.3168295e+05   7.8250771e+01   0.0000000e+00   4.5547428e-01   5.5884029e+03
   1.7897800e+00   2.3704809e+05   8.0442891e+01   0.0000000e+00   4.4442573e-01   5.5872789e+03
   1.7901300e+00   2.4636924e+05   8.3646256e+01   0.0000000e+00   4.3355152e-01   5.5861865e+03
   1.7904900e+00   2.5101128e+05   8.5403752e+01   0.0000000e+00   4.2342986e-01   5.5850633e+03
   1.7908400e+00   2.6004318e+05   8.8610946e+01   0.0000000e+00   4.1321297e-01   5.5839718e+03
   1.7912000e+00   2.6848346e+05   9.1301092e+01   0.0000000e+00   4.0042369e-01   5.5828495e+03
   1.7915500e+00   2.7909736e+05   9.5360071e+01   0.0000000e+00   3.8878061e-01   5.5817588e+03
   1.7919000e+00   2.9268490e+05   1.0010390e+02   0.0000000e+00   3.7442432e-01   5.5806686e+03
   1.7922600e+00   3.0692501e+05   1.0438939e+02   0.0000000e+00   3.6235732e-01   5.5795476e+03
   1.7926100e+00   3.1594642e+05   1.0763085e+02   0.0000000e+00   3.5348302e-01   5.5784582e+03
   1.7929700e+00   3.2658226e+05   1.1197985e+02   0.0000000e+00   3.4515800e-01   5.5773382e+03
   1.7933200e+00   3.3551829e+05   1.1506233e+02   0.0000000e+00   3.3688881e-01   5.5762496e+03
   1.7936800e+00   3.4868991e+05   1.2014329e+02   0.0000000e+00   3.2794750e-01   5.5751305e+03
   1.7940300e+00   3.6078873e+05   1.2408666e+02   0.0000000e+00   3.1616223e-01   5.5740428e+03
   1.7943900e+00   3.7613618e+05   1.3153694e+02   0.0000000e+00   3.0790277e-01   5.5729245e+03
   1.7947400e+00   3.9170591e+05   1.3590908e+02   0.0000000e+00   3.0059534e-01   5.5718377e+03
   1.7951000e+00   3.9529884e+05   1.3916406e+02   0.0000000e+00   2.9680039e-01   5.5707203e+03
   1.7954500e+00   4.3150057e+05   1.6104730e+02   0.0000000e+00   3.3883136e-01   5.5696344e+03
