   1.1890102e+00   0.0000000e+00   0.0000000e+00   0.0000000e+00   0.0000000e+00   8.4103568e+03
   1.1892121e+00   0.0000000e+00   0.0000000e+00   0.0000000e+00   0.0000000e+00   8.4089289e+03
   1.1894142e+00   0.0000000e+00   0.0000000e+00   0.0000000e+00   0.0000000e+00   8.4075001e+03
   1.1896164e+00   0.0000000e+00   0.0000000e+00   0.0000000e+00   0.0000000e+00   8.4060711e+03
   1.1898188e+00   0.0000000e+00   0.0000000e+00   0.0000000e+00   0.0000000e+00   8.4046411e+03
   1.1900213e+00   0.0000000e+00   0.0000000e+00   0.0000000e+00   0.0000000e+00   8.4032109e+03
   1.1902240e+00   0.0000000e+00   0.0000000e+00   0.0000000e+00   0.0000000e+00   8.4017798e+03
   1.1904269e+00   0.0000000e+00   0.0000000e+00   0.0000000e+00   0.0000000e+00   8.4003478e+03
   1.1906300e+00   0.0000000e+00   0.0000000e+00   0.0000000e+00   0.0000000e+00   8.3989149e+03
   1.1908332e+00   0.0000000e+00   0.0000000e+00   0.0000000e+00   0.0000000e+00   8.3974817e+03
   1.1910366e+00   0.0000000e+00   0.0000000e+00   0.0000000e+00   0.0000000e+00   8.3960476e+03
   1.1912401e+00   0.0000000e+00   0.0000000e+00   0.0000000e+00   0.0000000e+00   8.3946133e+03
   1.1914439e+00   0.0000000e+00   0.0000000e+00   0.0000000e+00   0.0000000e+00   8.3931774e+03
   1.1916478e+00   0.0000000e+00   0.0000000e+00   0.0000000e+00   0.0000000e+00   8.3917413e+03
   1.1918518e+00   0.0000000e+00   0.0000000e+00   0.0000000e+00   0.0000000e+00   8.3903049e+03
   1.1920560e+00   0.0000000e+00   0.0000000e+00   0.0000000e+00   0.0000000e+00   8.3888676e+03
   1.1922604e+00   0.0000000e+00   0.0000000e+00   0.0000000e+00   0.0000000e+00   8.3874295e+03
   1.1924650e+00   0.0000000e+00   0.0000000e+00   0.0000000e+00   0.0000000e+00   8.3859904e+03
   1.1926697e+00   0.0000000e+00   0.0000000e+00   0.0000000e+00   0.0000000e+00   8.3845511e+03
   1.1928746e+00   0.0000000e+00   0.0000000e+00   0.0000000e+00   0.0000000e+00   8.3831108e+03
   1.1930796e+00   0.0000000e+00   0.0000000e+00   0.0000000e+00   0.0000000e+00   8.3816704e+03
   1.1932849e+00   0.0000000e+00   0.0000000e+00   0.0000000e+00   0.0000000e+00   8.3802284e+03
   1.1934902e+00   0.0000000e+00   0.0000000e+00   0.0000000e+00   0.0000000e+00   8.3787869e+03
   1.1936958e+00   0.0000000e+00   0.0000000e+00   0.0000000e+00   0.0000000e+00   8.3773437e+03
   1.1939015e+00   2.1149912e+05   9.1007517e+01   0.0000000e+00   9.9220441e-01   8.3759004e+03
   1.1941074e+00   2.0956168e+05   9.1649785e+01   0.0000000e+00   9.9639612e-01   8.3744561e+03
   1.1943134e+00   2.0776847e+05   9.1962921e+01   0.0000000e+00   9.9556799e-01   8.3730116e+03
   1.1945196e+00   2.1026945e+05   8.9892309e+01   0.0000000e+00   9.9683335e-01   8.3715663e+03
   1.1947260e+00   2.1024873e+05   8.9435837e+01   0.0000000e+00   9.9584044e-01   8.3701200e+03
   1.1949325e+00   2.0819434e+05   8.8525911e+01   0.0000000e+00   1.0003816e+00   8.3686735e+03
   1.1951392e+00   2.1277257e+05   8.7774661e+01   0.0000000e+00   1.0025057e+00   8.3672262e+03
   1.1953460e+00   2.1184271e+05   9.0452133e+01   0.0000000e+00   1.0045661e+00   8.3657786e+03
   1.1955530e+00   2.0997814e+05   8.7466546e+01   0.0000000e+00   1.0043275e+00   8.3643301e+03
   1.1957602e+00   2.0961953e+05   8.9727948e+01   0.0000000e+00   1.0073654e+00   8.3628808e+03
   1.1959675e+00   2.0830431e+05   8.7952425e+01   0.0000000e+00   1.0059800e+00   8.3614312e+03
   1.1961750e+00   2.1213579e+05   8.8243690e+01   0.0000000e+00   1.0084572e+00   8.3599808e+03
   1.1963826e+00   2.0992120e+05   8.7279288e+01   0.0000000e+00   1.0123591e+00   8.3585301e+03
   1.1965905e+00   2.0619750e+05   8.5805969e+01   0.0000000e+00   1.0117752e+00   8.3570779e+03
   1.1967984e+00   2.0961294e+05   8.6602838e+01   0.0000000e+00   1.0158969e+00   8.3556261e+03
   1.1970065e+00   2.0855791e+05   8.7451140e+01   0.0000000e+00   1.0157659e+00   8.3541735e+03
   1.1972148e+00   2.1775050e+05   2.0815960e+02   0.0000000e+00   1.0140588e+00   8.3527200e+03
   1.1974233e+00   2.2212118e+05   3.6260559e+02   0.0000000e+00   1.0175513e+00   8.3512656e+03
   1.1976319e+00   2.1468453e+05   1.7413233e+02   0.0000000e+00   1.0182136e+00   8.3498110e+03
   1.1978406e+00   2.2082324e+05   4.6367228e+02   0.0000000e+00   1.0208594e+00   8.3483562e+03
   1.1980496e+00   2.2467619e+05   3.1880304e+02   0.0000000e+00   1.0204571e+00   8.3468998e+03
   1.1982586e+00   2.0516255e+05   9.0103833e+01   0.0000000e+00   1.0244653e+00   8.3454440e+03
   1.1984679e+00   2.1646177e+05   2.4025001e+02   0.0000000e+00   1.0242405e+00   8.3439865e+03
   1.1986773e+00   2.2106466e+05   4.6003426e+02   0.0000000e+00   1.0271396e+00   8.3425289e+03
   1.1988868e+00   2.1153170e+05   8.5445940e+01   0.0000000e+00   1.0273366e+00   8.3410711e+03
   1.1990965e+00   2.2019227e+05   2.2082444e+02   0.0000000e+00   1.0298380e+00   8.3396124e+03
   1.1993064e+00   2.4732638e+05   6.6546773e+02   0.0000000e+00   1.0280985e+00   8.3381528e+03
   1.1995164e+00   2.1360576e+05   1.8742687e+02   0.0000000e+00   1.0340316e+00   8.3366930e+03
   1.1997266e+00   2.3585999e+05   5.8947514e+02   0.0000000e+00   1.0336153e+00   8.3352324e+03
   1.1999369e+00   2.1121908e+05   1.0292208e+02   0.0000000e+00   1.0382348e+00   8.3337716e+03
   1.2001474e+00   2.1058125e+05   7.8407508e+01   0.0000000e+00   1.0370718e+00   8.3323098e+03
   1.2003580e+00   2.2445761e+05   3.1306979e+02   0.0000000e+00   1.0355658e+00   8.3308480e+03
   1.2005688e+00   2.0680266e+05   8.1967021e+01   0.0000000e+00   1.0404298e+00   8.3293852e+03
   1.2007797e+00   2.1042884e+05   8.0548809e+01   0.0000000e+00   1.0440566e+00   8.3279223e+03
   1.2009908e+00   2.1981882e+05   2.9196965e+02   0.0000000e+00   1.0462545e+00   8.3264585e+03
   1.2012021e+00   2.0973014e+05   7.8767683e+01   0.0000000e+00   1.0472052e+00   8.3249938e+03
   1.2014135e+00   2.3255830e+05   7.2899855e+02   0.0000000e+00   1.0466735e+00   8.3235289e+03
   1.2016251e+00   2.1648088e+05   1.7110126e+02   0.0000000e+00   1.0468326e+00   8.3220632e+03
   1.2018368e+00   2.0868391e+05   8.2503854e+01   0.0000000e+00   1.0493369e+00   8.3205973e+03
   1.2020486e+00   2.1133020e+05   1.1034261e+02   0.0000000e+00   1.0526246e+00   8.3191312e+03
   1.2022607e+00   2.1029105e+05   7.9157998e+01   0.0000000e+00   1.0525902e+00   8.3176635e+03
   1.2024728e+00   2.2273895e+05   3.3590420e+02   0.0000000e+00   1.0511444e+00   8.3161964e+03
   1.2026851e+00   2.1703026e+05   1.5302832e+02   0.0000000e+00   1.0520886e+00   8.3147284e+03
   1.2028976e+00   2.1567623e+05   8.0946524e+01   0.0000000e+00   1.0530748e+00   8.3132596e+03
   1.2031102e+00   2.2757071e+05   2.9080476e+02   0.0000000e+00   1.0549486e+00   8.3117906e+03
   1.2033230e+00   2.3579962e+05   4.5442151e+02   0.0000000e+00   1.0545903e+00   8.3103207e+03
   1.2035359e+00   2.1733411e+05   7.6430453e+01   0.0000000e+00   1.0565756e+00   8.3088506e+03
   1.2037490e+00   2.1025492e+05   7.6656675e+01   0.0000000e+00   1.0560461e+00   8.3073797e+03
   1.2039622e+00   2.0873516e+05   7.4046961e+01   0.0000000e+00   1.0617801e+00   8.3059086e+03
   1.2041756e+00   2.1261932e+05   7.3837294e+01   0.0000000e+00   1.0600064e+00   8.3044367e+03
   1.2043891e+00   2.0849307e+05   7.5849315e+01   0.0000000e+00   1.0609669e+00   8.3029645e+03
   1.2046028e+00   2.1138963e+05   7.5601763e+01   0.0000000e+00   1.0596951e+00   8.3014916e+03
   1.2048166e+00   2.0935171e+05   7.5187355e+01   0.0000000e+00   1.0620581e+00   8.3000184e+03
   1.2050306e+00   2.1217229e+05   7.4158468e+01   0.0000000e+00   1.0619300e+00   8.2985445e+03
   1.2052447e+00   2.1061806e+05   7.4019728e+01   0.0000000e+00   1.0658729e+00   8.2970703e+03
   1.2054590e+00   2.1243575e+05   7.3367586e+01   0.0000000e+00   1.0668080e+00   8.2955953e+03
   1.2056734e+00   2.1324687e+05   9.0138120e+01   0.0000000e+00   1.0658669e+00   8.2941201e+03
   1.2058879e+00   2.1150293e+05   7.3903191e+01   0.0000000e+00   1.0685214e+00   8.2926448e+03
   1.2061026e+00   2.1005509e+05   7.9309145e+01   0.0000000e+00   1.0675765e+00   8.2911686e+03
   1.2063175e+00   2.1453655e+05   1.0575027e+02   0.0000000e+00   1.0692647e+00   8.2896916e+03
   1.2065325e+00   2.1591900e+05   9.5992569e+01   0.0000000e+00   1.0686306e+00   8.2882144e+03
   1.2067476e+00   2.1313706e+05   8.3189461e+01   0.0000000e+00   1.0705426e+00   8.2867370e+03
   1.2069629e+00   2.1222283e+05   7.4558224e+01   0.0000000e+00   1.0713534e+00   8.2852588e+03
   1.2071784e+00   2.1250984e+05   1.0307868e+02   0.0000000e+00   1.0724900e+00   8.2837798e+03
   1.2073939e+00   2.1715834e+05   1.3399642e+02   0.0000000e+00   1.0742397e+00   8.2823012e+03
   1.2076097e+00   2.1464530e+05   1.1352080e+02   0.0000000e+00   1.0718207e+00   8.2808212e+03
   1.2078255e+00   2.1317732e+05   1.1824000e+02   0.0000000e+00   1.0753391e+00   8.2793417e+03
   1.2080415e+00   2.1165104e+05   8.8769907e+01   0.0000000e+00   1.0748593e+00   8.2778613e+03
   1.2082577e+00   2.1033570e+05   7.2274744e+01   0.0000000e+00   1.0780867e+00   8.2763801e+03
   1.2084740e+00   2.1650865e+05   1.3332501e+02   0.0000000e+00   1.0765633e+00   8.2748988e+03
   1.2086905e+00   2.1064877e+05   7.3011142e+01   0.0000000e+00   1.0808201e+00   8.2734166e+03
   1.2089070e+00   2.1899997e+05   1.3809055e+02   0.0000000e+00   1.0762336e+00   8.2719349e+03
   1.2091238e+00   2.1479954e+05   9.5083804e+01   0.0000000e+00   1.0821185e+00   8.2704517e+03
   1.2093407e+00   2.2819163e+05   3.0789306e+02   0.0000000e+00   1.0777959e+00   8.2689684e+03
   1.2095577e+00   2.0966253e+05   7.2612689e+01   0.0000000e+00   1.0821265e+00   8.2674849e+03
   1.2097748e+00   2.1596763e+05   8.8036546e+01   0.0000000e+00   1.0784026e+00   8.2660012e+03
   1.2099921e+00   2.1472736e+05   7.4724343e+01   0.0000000e+00   1.0827984e+00   8.2645168e+03
   1.2102096e+00   2.1195058e+05   8.7471224e+01   0.0000000e+00   1.0832757e+00   8.2630315e+03
   1.2104272e+00   2.1688336e+05   1.2513370e+02   0.0000000e+00   1.0830678e+00   8.2615460e+03
   1.2106449e+00   2.1597002e+05   9.6296313e+01   0.0000000e+00   1.0825067e+00   8.2600604e+03
   1.2108627e+00   2.1787563e+05   1.0988743e+02   0.0000000e+00   1.0825354e+00   8.2585747e+03
   1.2110808e+00   2.1127154e+05   7.2774775e+01   0.0000000e+00   1.0899053e+00   8.2570874e+03
   1.2112989e+00   2.1637181e+05   8.7805978e+01   0.0000000e+00   1.0891521e+00   8.2556007e+03
   1.2115172e+00   2.1662408e+05   9.3772301e+01   0.0000000e+00   1.0868656e+00   8.2541131e+03
   1.2117356e+00   2.1870179e+05   7.5139538e+01   0.0000000e+00   1.0890412e+00   8.2526254e+03
   1.2119542e+00   2.3028773e+05   7.9722855e+01   0.0000000e+00   1.0875452e+00   8.2511369e+03
   1.2121729e+00   2.3270398e+05   8.2158044e+01   0.0000000e+00   1.0888453e+00   8.2496482e+03
   1.2123917e+00   2.2977186e+05   7.9749484e+01   0.0000000e+00   1.0915140e+00   8.2481594e+03
   1.2126107e+00   2.3175433e+05   2.4159824e+02   0.0000000e+00   1.0880250e+00   8.2466698e+03
   1.2128298e+00   2.1317393e+05   7.3312230e+01   0.0000000e+00   1.0921941e+00   8.2451800e+03
   1.2130491e+00   2.1525117e+05   9.1237018e+01   0.0000000e+00   1.0928307e+00   8.2436894e+03
   1.2132685e+00   2.1766676e+05   7.4474224e+01   0.0000000e+00   1.0953444e+00   8.2421987e+03
   1.2134880e+00   2.2297837e+05   1.0302035e+02   0.0000000e+00   1.0917258e+00   8.2407078e+03
   1.2137077e+00   2.1658450e+05   7.4372468e+01   0.0000000e+00   1.0990787e+00   8.2392161e+03
   1.2139275e+00   2.1742821e+05   9.0351429e+01   0.0000000e+00   1.0944495e+00   8.2377242e+03
   1.2141474e+00   2.1319725e+05   1.0277632e+02   0.0000000e+00   1.0965117e+00   8.2362323e+03
   1.2143675e+00   2.0807034e+05   7.1351852e+01   0.0000000e+00   1.0980222e+00   8.2347395e+03
   1.2145877e+00   2.0827927e+05   7.2042839e+01   0.0000000e+00   1.0989072e+00   8.2332466e+03
   1.2148080e+00   2.0737645e+05   7.2164278e+01   0.0000000e+00   1.0976702e+00   8.2317535e+03
   1.2150285e+00   2.1106150e+05   7.6116293e+01   0.0000000e+00   1.1004061e+00   8.2302596e+03
   1.2152491e+00   2.1186121e+05   7.3305289e+01   0.0000000e+00   1.1009809e+00   8.2287656e+03
   1.2154699e+00   2.1176560e+05   7.3916416e+01   0.0000000e+00   1.1030262e+00   8.2272708e+03
   1.2156908e+00   2.0890799e+05   7.1631065e+01   0.0000000e+00   1.1040468e+00   8.2257758e+03
   1.2159118e+00   2.0944522e+05   7.2168549e+01   0.0000000e+00   1.1050977e+00   8.2242807e+03
   1.2161330e+00   2.1025148e+05   7.2748283e+01   0.0000000e+00   1.1040688e+00   8.2227848e+03
   1.2163542e+00   2.1152630e+05   1.0239522e+02   0.0000000e+00   1.1029739e+00   8.2212895e+03
   1.2165757e+00   2.1135579e+05   8.9260239e+01   0.0000000e+00   1.1036044e+00   8.2197927e+03
   1.2167972e+00   2.0839762e+05   7.2183145e+01   0.0000000e+00   1.1062100e+00   8.2182964e+03
   1.2170189e+00   2.0969726e+05   7.2729825e+01   0.0000000e+00   1.1057688e+00   8.2167993e+03
   1.2172407e+00   2.0858796e+05   7.2274606e+01   0.0000000e+00   1.1057563e+00   8.2153020e+03
   1.2174627e+00   2.0803688e+05   7.1828326e+01   0.0000000e+00   1.1078046e+00   8.2138040e+03
   1.2176848e+00   2.1095071e+05   7.6853213e+01   0.0000000e+00   1.1080126e+00   8.2123058e+03
   1.2179070e+00   2.0890125e+05   7.2615042e+01   0.0000000e+00   1.1105088e+00   8.2108076e+03
   1.2181293e+00   2.0725942e+05   7.1716145e+01   0.0000000e+00   1.1134530e+00   8.2093091e+03
   1.2183518e+00   2.0746087e+05   7.1472055e+01   0.0000000e+00   1.1081068e+00   8.2078099e+03
   1.2185744e+00   2.0974388e+05   7.2451853e+01   0.0000000e+00   1.1077730e+00   8.2063106e+03
   1.2187971e+00   2.0797683e+05   7.2467382e+01   0.0000000e+00   1.1096066e+00   8.2048111e+03
   1.2190200e+00   2.0806992e+05   7.2228949e+01   0.0000000e+00   1.1092897e+00   8.2033109e+03
   1.2192430e+00   2.1194720e+05   9.8675624e+01   0.0000000e+00   1.1108681e+00   8.2018105e+03
   1.2194661e+00   2.1005559e+05   7.2671321e+01   0.0000000e+00   1.1147215e+00   8.2003100e+03
   1.2196894e+00   2.1119570e+05   7.2396199e+01   0.0000000e+00   1.1117794e+00   8.1988086e+03
   1.2199128e+00   2.0922378e+05   7.2560516e+01   0.0000000e+00   1.1126425e+00   8.1973072e+03
   1.2201363e+00   2.0517208e+05   7.9122630e+01   0.0000000e+00   1.1140653e+00   8.1958057e+03
   1.2203599e+00   2.0813435e+05   7.5829485e+01   0.0000000e+00   1.1145198e+00   8.1943040e+03
   1.2205837e+00   2.0863141e+05   7.2028545e+01   0.0000000e+00   1.1163523e+00   8.1928015e+03
   1.2208076e+00   2.0885656e+05   9.6981999e+01   0.0000000e+00   1.1175924e+00   8.1912989e+03
   1.2210316e+00   2.0422418e+05   7.1446940e+01   0.0000000e+00   1.1168677e+00   8.1897962e+03
   1.2212558e+00   2.0609434e+05   7.0790348e+01   0.0000000e+00   1.1206617e+00   8.1882927e+03
   1.2214800e+00   2.0506445e+05   7.0849791e+01   0.0000000e+00   1.1219072e+00   8.1867898e+03
   1.2217044e+00   2.0544327e+05   7.1234435e+01   0.0000000e+00   1.1189341e+00   8.1852861e+03
   1.2219290e+00   2.0547697e+05   7.0319334e+01   0.0000000e+00   1.1196533e+00   8.1837815e+03
   1.2221536e+00   2.0629112e+05   7.1502259e+01   0.0000000e+00   1.1189277e+00   8.1822776e+03
   1.2223784e+00   2.0937064e+05   7.2284535e+01   0.0000000e+00   1.1221354e+00   8.1807728e+03
   1.2226033e+00   2.1692511e+05   7.4419467e+01   0.0000000e+00   1.1243970e+00   8.1792680e+03
   1.2228284e+00   2.2042583e+05   7.7723971e+01   0.0000000e+00   1.1240899e+00   8.1777623e+03
   1.2230535e+00   2.1758606e+05   7.6105454e+01   0.0000000e+00   1.1226045e+00   8.1762572e+03
   1.2232788e+00   2.0837970e+05   7.2517710e+01   0.0000000e+00   1.1228147e+00   8.1747513e+03
   1.2235042e+00   2.0580334e+05   7.1099102e+01   0.0000000e+00   1.1246505e+00   8.1732453e+03
   1.2237297e+00   2.0513766e+05   7.5956253e+01   0.0000000e+00   1.1251850e+00   8.1717392e+03
   1.2239554e+00   2.0519247e+05   8.1346689e+01   0.0000000e+00   1.1252425e+00   8.1702323e+03
   1.2241812e+00   2.0367242e+05   7.0977919e+01   0.0000000e+00   1.1265449e+00   8.1687253e+03
   1.2244071e+00   2.0576493e+05   7.2293587e+01   0.0000000e+00   1.1231605e+00   8.1672182e+03
   1.2246331e+00   2.0669693e+05   7.1736353e+01   0.0000000e+00   1.1255449e+00   8.1657110e+03
   1.2248592e+00   2.0500612e+05   7.1105239e+01   0.0000000e+00   1.1300439e+00   8.1642037e+03
   1.2250855e+00   2.0552634e+05   7.1427776e+01   0.0000000e+00   1.1308402e+00   8.1626956e+03
   1.2253119e+00   2.0695162e+05   7.2246660e+01   0.0000000e+00   1.1282399e+00   8.1611874e+03
   1.2255384e+00   2.1007136e+05   7.2329439e+01   0.0000000e+00   1.1266857e+00   8.1596790e+03
   1.2257650e+00   2.1066973e+05   7.3081560e+01   0.0000000e+00   1.1246857e+00   8.1581706e+03
   1.2259918e+00   2.1111884e+05   7.5413067e+01   0.0000000e+00   1.1296264e+00   8.1566614e+03
   1.2262187e+00   2.0433673e+05   7.0423992e+01   0.0000000e+00   1.1312328e+00   8.1551521e+03
   1.2264457e+00   2.0572741e+05   7.1484652e+01   0.0000000e+00   1.1302415e+00   8.1536427e+03
   1.2266728e+00   2.0888039e+05   7.2477043e+01   0.0000000e+00   1.1274347e+00   8.1521332e+03
   1.2269000e+00   2.0735361e+05   7.1653709e+01   0.0000000e+00   1.1286390e+00   8.1506235e+03
   1.2271274e+00   2.0388281e+05   7.0086223e+01   0.0000000e+00   1.1352620e+00   8.1491131e+03
   1.2273549e+00   2.0615049e+05   7.1486559e+01   0.0000000e+00   1.1331658e+00   8.1476026e+03
   1.2275824e+00   2.0610697e+05   7.1582341e+01   0.0000000e+00   1.1292042e+00   8.1460927e+03
   1.2278102e+00   2.0887072e+05   7.1210065e+01   0.0000000e+00   1.1294310e+00   8.1445813e+03
   1.2280380e+00   2.0903528e+05   7.2351382e+01   0.0000000e+00   1.1340662e+00   8.1430705e+03
   1.2282659e+00   2.1806418e+05   7.5102504e+01   0.0000000e+00   1.1349043e+00   8.1415596e+03
   1.2284940e+00   2.2180344e+05   7.6842476e+01   0.0000000e+00   1.1362263e+00   8.1400479e+03
   1.2287222e+00   2.2182993e+05   7.6307421e+01   0.0000000e+00   1.1372681e+00   8.1385361e+03
   1.2289505e+00   2.1780264e+05   7.4583032e+01   0.0000000e+00   1.1352239e+00   8.1370242e+03
   1.2291789e+00   2.1030961e+05   7.2814054e+01   0.0000000e+00   1.1335105e+00   8.1355123e+03
   1.2294075e+00   2.1057361e+05   7.2553795e+01   0.0000000e+00   1.1351207e+00   8.1339995e+03
   1.2296361e+00   2.1013667e+05   7.1767044e+01   0.0000000e+00   1.1357710e+00   8.1324873e+03
   1.2298649e+00   2.0986070e+05   7.3610400e+01   0.0000000e+00   1.1344435e+00   8.1309744e+03
   1.2300938e+00   2.0747013e+05   7.1660114e+01   0.0000000e+00   1.1343202e+00   8.1294613e+03
   1.2303228e+00   2.0920496e+05   7.1967595e+01   0.0000000e+00   1.1352875e+00   8.1279482e+03
   1.2305519e+00   2.0897121e+05   7.2558973e+01   0.0000000e+00   1.1392155e+00   8.1264350e+03
   1.2307811e+00   2.0659672e+05   7.1461057e+01   0.0000000e+00   1.1400800e+00   8.1249216e+03
   1.2310105e+00   2.0663696e+05   7.1310319e+01   0.0000000e+00   1.1409342e+00   8.1234076e+03
   1.2312399e+00   2.0946727e+05   7.1767533e+01   0.0000000e+00   1.1359216e+00   8.1218940e+03
   1.2314695e+00   2.0819810e+05   7.2180396e+01   0.0000000e+00   1.1362585e+00   8.1203798e+03
   1.2316992e+00   2.0622833e+05   7.1861037e+01   0.0000000e+00   1.1390836e+00   8.1188654e+03
   1.2319290e+00   2.0907194e+05   7.2369175e+01   0.0000000e+00   1.1435749e+00   8.1173509e+03
   1.2321589e+00   2.1031632e+05   7.2372826e+01   0.0000000e+00   1.1437595e+00   8.1158364e+03
   1.2323889e+00   2.1283955e+05   7.3605713e+01   0.0000000e+00   1.1430333e+00   8.1143217e+03
   1.2326191e+00   2.1266972e+05   7.4363647e+01   0.0000000e+00   1.1420337e+00   8.1128063e+03
   1.2328493e+00   2.1125972e+05   7.4920966e+01   0.0000000e+00   1.1413421e+00   8.1112915e+03
   1.2330797e+00   2.0571305e+05   7.1784556e+01   0.0000000e+00   1.1466227e+00   8.1097759e+03
   1.2333102e+00   2.0562812e+05   7.0574338e+01   0.0000000e+00   1.1485702e+00   8.1082602e+03
   1.2335408e+00   2.0956394e+05   7.2393496e+01   0.0000000e+00   1.1484063e+00   8.1067444e+03
   1.2337715e+00   2.0709771e+05   7.2236087e+01   0.0000000e+00   1.1431369e+00   8.1052286e+03
   1.2340023e+00   2.0562391e+05   7.2115111e+01   0.0000000e+00   1.1466222e+00   8.1037126e+03
   1.2342332e+00   2.0657960e+05   7.1621358e+01   0.0000000e+00   1.1500838e+00   8.1021966e+03
   1.2344642e+00   2.0618076e+05   7.0905679e+01   0.0000000e+00   1.1557820e+00   8.1006804e+03
   1.2346954e+00   2.1145647e+05   7.2767145e+01   0.0000000e+00   1.1555239e+00   8.0991636e+03
   1.2349266e+00   2.1623651e+05   7.4348369e+01   0.0000000e+00   1.1516653e+00   8.0976473e+03
   1.2351580e+00   2.2126569e+05   7.5844391e+01   0.0000000e+00   1.1557292e+00   8.0961302e+03
   1.2353895e+00   2.1312309e+05   7.3313469e+01   0.0000000e+00   1.1628883e+00   8.0946131e+03
   1.2356211e+00   2.0785859e+05   7.1064340e+01   0.0000000e+00   1.1624250e+00   8.0930959e+03
   1.2358527e+00   2.0870676e+05   7.2181786e+01   0.0000000e+00   1.1602248e+00   8.0915792e+03
   1.2360845e+00   2.0446653e+05   7.0383802e+01   0.0000000e+00   1.1599564e+00   8.0900618e+03
   1.2363165e+00   2.0351561e+05   7.0275611e+01   0.0000000e+00   1.1594023e+00   8.0885437e+03
   1.2365485e+00   2.0542265e+05   7.1696431e+01   0.0000000e+00   1.1668135e+00   8.0870261e+03
   1.2367806e+00   2.0421226e+05   7.0377888e+01   0.0000000e+00   1.1725824e+00   8.0855085e+03
   1.2370128e+00   2.0546291e+05   7.1423368e+01   0.0000000e+00   1.1698337e+00   8.0839907e+03
   1.2372452e+00   2.0447600e+05   7.1439110e+01   0.0000000e+00   1.1694121e+00   8.0824723e+03
   1.2374776e+00   2.0546987e+05   7.0056028e+01   0.0000000e+00   1.1725729e+00   8.0809544e+03
   1.2377102e+00   2.0347565e+05   7.0429149e+01   0.0000000e+00   1.1756890e+00   8.0794357e+03
   1.2379428e+00   2.0144635e+05   6.9753598e+01   0.0000000e+00   1.1802411e+00   8.0779177e+03
   1.2381756e+00   2.0507543e+05   7.0362372e+01   0.0000000e+00   1.1818283e+00   8.0763989e+03
   1.2384084e+00   2.0360641e+05   7.1123837e+01   0.0000000e+00   1.1794197e+00   8.0748806e+03
   1.2386414e+00   2.0408598e+05   7.0911419e+01   0.0000000e+00   1.1786703e+00   8.0733617e+03
   1.2388745e+00   2.0445397e+05   7.0663493e+01   0.0000000e+00   1.1823209e+00   8.0718426e+03
   1.2391077e+00   2.0510341e+05   7.1097880e+01   0.0000000e+00   1.1862520e+00   8.0703235e+03
   1.2393410e+00   2.0349485e+05   7.1221130e+01   0.0000000e+00   1.1923220e+00   8.0688043e+03
   1.2395744e+00   2.0603755e+05   7.0758203e+01   0.0000000e+00   1.1905195e+00   8.0672850e+03
   1.2398079e+00   2.0719089e+05   7.1426489e+01   0.0000000e+00   1.1906167e+00   8.0657657e+03
   1.2400415e+00   2.0804974e+05   7.2183749e+01   0.0000000e+00   1.1934701e+00   8.0642462e+03
   1.2402752e+00   2.0722750e+05   7.3438267e+01   0.0000000e+00   1.1984623e+00   8.0627267e+03
   1.2405090e+00   2.0475320e+05   7.0762998e+01   0.0000000e+00   1.2025465e+00   8.0612071e+03
   1.2407429e+00   2.0424907e+05   7.0360839e+01   0.0000000e+00   1.2012078e+00   8.0596875e+03
   1.2409769e+00   2.0503618e+05   7.2159356e+01   0.0000000e+00   1.1991963e+00   8.0581677e+03
   1.2412110e+00   2.0672744e+05   7.0745174e+01   0.0000000e+00   1.2082163e+00   8.0566479e+03
   1.2414452e+00   2.0521010e+05   7.1321615e+01   0.0000000e+00   1.2158718e+00   8.0551280e+03
   1.2416795e+00   2.0333554e+05   7.0619627e+01   0.0000000e+00   1.2192022e+00   8.0536080e+03
   1.2419139e+00   2.0583982e+05   7.0551693e+01   0.0000000e+00   1.2178871e+00   8.0520880e+03
   1.2421485e+00   2.0902619e+05   7.2282071e+01   0.0000000e+00   1.2162888e+00   8.0505672e+03
   1.2423831e+00   2.0947869e+05   7.1780284e+01   0.0000000e+00   1.2214372e+00   8.0490470e+03
   1.2426178e+00   2.0524378e+05   7.0627670e+01   0.0000000e+00   1.2301937e+00   8.0475268e+03
   1.2428526e+00   2.0232526e+05   6.9121803e+01   0.0000000e+00   1.2365984e+00   8.0460064e+03
   1.2430875e+00   2.0199891e+05   6.9680004e+01   0.0000000e+00   1.2371627e+00   8.0444860e+03
   1.2433226e+00   2.0125992e+05   6.9268752e+01   0.0000000e+00   1.2337003e+00   8.0429649e+03
   1.2435577e+00   2.0351853e+05   7.0793321e+01   0.0000000e+00   1.2350529e+00   8.0414443e+03
   1.2437929e+00   1.9979957e+05   6.8841739e+01   0.0000000e+00   1.2430867e+00   8.0399237e+03
   1.2440282e+00   1.9852348e+05   6.8097057e+01   0.0000000e+00   1.2493074e+00   8.0384030e+03
   1.2442636e+00   2.0077859e+05   6.9205292e+01   0.0000000e+00   1.2526171e+00   8.0368822e+03
   1.2444991e+00   1.9861219e+05   6.8573180e+01   0.0000000e+00   1.2486041e+00   8.0353614e+03
   1.2447348e+00   1.9954314e+05   6.9020011e+01   0.0000000e+00   1.2518143e+00   8.0338398e+03
   1.2449705e+00   1.9790893e+05   6.7630334e+01   0.0000000e+00   1.2607385e+00   8.0323188e+03
   1.2452063e+00   1.9753463e+05   6.7873855e+01   0.0000000e+00   1.2677665e+00   8.0307978e+03
   1.2454422e+00   1.9531659e+05   6.7000539e+01   0.0000000e+00   1.2699325e+00   8.0292767e+03
   1.2456782e+00   1.9736779e+05   6.7656131e+01   0.0000000e+00   1.2705963e+00   8.0277555e+03
   1.2459143e+00   1.9784933e+05   6.8256803e+01   0.0000000e+00   1.2735949e+00   8.0262342e+03
   1.2461505e+00   1.9508136e+05   6.7114764e+01   0.0000000e+00   1.2793180e+00   8.0247129e+03
   1.2463868e+00   1.9417244e+05   6.6809733e+01   0.0000000e+00   1.2851570e+00   8.0231915e+03
   1.2466231e+00   1.9260879e+05   6.6278269e+01   0.0000000e+00   1.2881793e+00   8.0216707e+03
   1.2468596e+00   1.9294753e+05   6.6534954e+01   0.0000000e+00   1.2864105e+00   8.0201492e+03
   1.2470962e+00   1.9378942e+05   6.7336107e+01   0.0000000e+00   1.2854920e+00   8.0186276e+03
   1.2473329e+00   1.9179324e+05   6.6151654e+01   0.0000000e+00   1.2927669e+00   8.0171059e+03
   1.2475696e+00   1.9285119e+05   6.6371820e+01   0.0000000e+00   1.3024690e+00   8.0155849e+03
   1.2478065e+00   1.9315730e+05   6.7001117e+01   0.0000000e+00   1.3036296e+00   8.0140631e+03
   1.2480434e+00   1.9425277e+05   6.6751910e+01   0.0000000e+00   1.3065671e+00   8.0125419e+03
   1.2482805e+00   1.9630158e+05   6.7260137e+01   0.0000000e+00   1.3047992e+00   8.0110200e+03
   1.2485176e+00   1.9390862e+05   6.6378031e+01   0.0000000e+00   1.3076252e+00   8.0094986e+03
   1.2487548e+00   1.8954493e+05   6.5102631e+01   0.0000000e+00   1.3177815e+00   8.0079772e+03
   1.2489922e+00   1.9005853e+05   6.4943609e+01   0.0000000e+00   1.3244762e+00   8.0064551e+03
   1.2492296e+00   1.8930356e+05   6.5902555e+01   0.0000000e+00   1.3262422e+00   8.0049336e+03
   1.2494671e+00   1.8857659e+05   6.4838912e+01   0.0000000e+00   1.3258638e+00   8.0034120e+03
   1.2497047e+00   1.9092663e+05   6.6226554e+01   0.0000000e+00   1.3281126e+00   8.0018904e+03
   1.2499424e+00   1.9104221e+05   6.5096762e+01   0.0000000e+00   1.3384930e+00   8.0003687e+03
   1.2501802e+00   1.8995394e+05   6.5537374e+01   0.0000000e+00   1.3405282e+00   7.9988469e+03
   1.2504180e+00   1.9145007e+05   6.5584754e+01   0.0000000e+00   1.3380486e+00   7.9973257e+03
   1.2506560e+00   1.8763222e+05   6.4694163e+01   0.0000000e+00   1.3358939e+00   7.9958038e+03
   1.2508941e+00   1.8692012e+05   6.6366109e+01   0.0000000e+00   1.3431653e+00   7.9942819e+03
   1.2511322e+00   1.8463398e+05   6.4281734e+01   0.0000000e+00   1.3496473e+00   7.9927605e+03
   1.2513704e+00   1.8610558e+05   6.3884662e+01   0.0000000e+00   1.3559200e+00   7.9912390e+03
   1.2516088e+00   1.8489712e+05   6.3276156e+01   0.0000000e+00   1.3544782e+00   7.9897169e+03
   1.2518472e+00   1.8316175e+05   6.2981150e+01   0.0000000e+00   1.3514573e+00   7.9881954e+03
   1.2520857e+00   1.8595137e+05   6.3587433e+01   0.0000000e+00   1.3510043e+00   7.9866738e+03
   1.2523243e+00   1.8370012e+05   6.3342104e+01   0.0000000e+00   1.3634715e+00   7.9851521e+03
   1.2525630e+00   1.8148152e+05   6.2469946e+01   0.0000000e+00   1.3698578e+00   7.9836304e+03
   1.2528017e+00   1.8502225e+05   6.3271962e+01   0.0000000e+00   1.3681999e+00   7.9821092e+03
   1.2530406e+00   1.8330656e+05   6.3457048e+01   0.0000000e+00   1.3673313e+00   7.9805874e+03
   1.2532795e+00   1.8252519e+05   6.3505052e+01   0.0000000e+00   1.3711113e+00   7.9790661e+03
   1.2535185e+00   1.8348070e+05   6.3565632e+01   0.0000000e+00   1.3765539e+00   7.9775448e+03
   1.2537577e+00   1.8551169e+05   6.8987236e+01   0.0000000e+00   1.3802379e+00   7.9760228e+03
   1.2539969e+00   1.8418185e+05   6.6150304e+01   0.0000000e+00   1.3814280e+00   7.9745014e+03
   1.2542362e+00   1.8290676e+05   6.3196247e+01   0.0000000e+00   1.3823188e+00   7.9729799e+03
   1.2544755e+00   1.8434894e+05   6.4202955e+01   0.0000000e+00   1.3849189e+00   7.9714590e+03
   1.2547150e+00   1.8257028e+05   6.3516537e+01   0.0000000e+00   1.3944990e+00   7.9699374e+03
   1.2549545e+00   1.8124785e+05   6.3313000e+01   0.0000000e+00   1.3974470e+00   7.9684164e+03
   1.2551942e+00   1.8312478e+05   6.2852603e+01   0.0000000e+00   1.3974351e+00   7.9668947e+03
   1.2554339e+00   1.8415387e+05   6.3674714e+01   0.0000000e+00   1.3944263e+00   7.9653736e+03
   1.2556737e+00   1.8221445e+05   6.3208263e+01   0.0000000e+00   1.3952614e+00   7.9638524e+03
   1.2559136e+00   1.8109683e+05   6.2459099e+01   0.0000000e+00   1.4071301e+00   7.9623312e+03
   1.2561536e+00   1.8123203e+05   6.2204342e+01   0.0000000e+00   1.4114050e+00   7.9608099e+03
   1.2563936e+00   1.8229577e+05   6.2421820e+01   0.0000000e+00   1.4103111e+00   7.9592892e+03
   1.2566337e+00   1.8289142e+05   6.2716416e+01   0.0000000e+00   1.4074019e+00   7.9577684e+03
   1.2568740e+00   1.8239117e+05   6.2777989e+01   0.0000000e+00   1.4085866e+00   7.9562470e+03
   1.2571143e+00   1.8383536e+05   6.4146030e+01   0.0000000e+00   1.4149008e+00   7.9547262e+03
   1.2573547e+00   1.8232264e+05   6.4040019e+01   0.0000000e+00   1.4205981e+00   7.9532052e+03
   1.2575951e+00   1.8279507e+05   6.5387501e+01   0.0000000e+00   1.4197588e+00   7.9516849e+03
   1.2578357e+00   1.8549209e+05   6.8300720e+01   0.0000000e+00   1.4153876e+00   7.9501639e+03
   1.2580763e+00   1.8231809e+05   6.2541282e+01   0.0000000e+00   1.4167128e+00   7.9486435e+03
   1.2583170e+00   1.8501362e+05   6.3666173e+01   0.0000000e+00   1.4184670e+00   7.9471230e+03
   1.2585578e+00   1.8529108e+05   6.3908629e+01   0.0000000e+00   1.4252729e+00   7.9456025e+03
   1.2587987e+00   1.8682731e+05   7.0038995e+01   0.0000000e+00   1.4215765e+00   7.9440819e+03
   1.2590397e+00   1.9097725e+05   8.3657323e+01   0.0000000e+00   1.4208502e+00   7.9425613e+03
   1.2592807e+00   1.8721945e+05   6.4415856e+01   0.0000000e+00   1.4257187e+00   7.9410413e+03
   1.2595218e+00   1.8572744e+05   6.3557701e+01   0.0000000e+00   1.4325817e+00   7.9395212e+03
   1.2597630e+00   1.8512933e+05   6.3445130e+01   0.0000000e+00   1.4334654e+00   7.9380010e+03
   1.2600043e+00   1.8530335e+05   6.3348880e+01   0.0000000e+00   1.4356807e+00   7.9364809e+03
   1.2602456e+00   1.8589401e+05   6.4075280e+01   0.0000000e+00   1.4379888e+00   7.9349612e+03
   1.2604871e+00   1.8434535e+05   6.2971090e+01   0.0000000e+00   1.4353375e+00   7.9334410e+03
   1.2607286e+00   1.8515012e+05   6.3197854e+01   0.0000000e+00   1.4394671e+00   7.9319213e+03
   1.2609702e+00   1.8583033e+05   6.4339816e+01   0.0000000e+00   1.4446139e+00   7.9304015e+03
   1.2612119e+00   1.8554505e+05   6.3484449e+01   0.0000000e+00   1.4466494e+00   7.9288817e+03
   1.2614536e+00   1.8661468e+05   6.4086529e+01   0.0000000e+00   1.4414242e+00   7.9273625e+03
   1.2616954e+00   1.8754839e+05   6.4282175e+01   0.0000000e+00   1.4446448e+00   7.9258433e+03
   1.2619373e+00   1.8782156e+05   6.4344830e+01   0.0000000e+00   1.4470341e+00   7.9243240e+03
   1.2621793e+00   1.8623828e+05   6.4392097e+01   0.0000000e+00   1.4511658e+00   7.9228046e+03
   1.2624214e+00   1.8597522e+05   6.3785686e+01   0.0000000e+00   1.4498033e+00   7.9212852e+03
   1.2626635e+00   1.8756914e+05   6.4082434e+01   0.0000000e+00   1.4465160e+00   7.9197664e+03
   1.2629057e+00   1.8794294e+05   6.4370876e+01   0.0000000e+00   1.4484419e+00   7.9182476e+03
   1.2631480e+00   1.8689342e+05   6.4725901e+01   0.0000000e+00   1.4474160e+00   7.9167287e+03
   1.2633904e+00   1.8669418e+05   6.5529468e+01   0.0000000e+00   1.4502488e+00   7.9152097e+03
   1.2636328e+00   1.8790323e+05   6.4917623e+01   0.0000000e+00   1.4483072e+00   7.9136914e+03
   1.2638753e+00   1.8966039e+05   6.4664148e+01   0.0000000e+00   1.4495292e+00   7.9121730e+03
   1.2641179e+00   1.8928726e+05   6.5385572e+01   0.0000000e+00   1.4511508e+00   7.9106545e+03
   1.2643605e+00   1.9213328e+05   6.5732843e+01   0.0000000e+00   1.4527414e+00   7.9091367e+03
   1.2646033e+00   1.8937865e+05   6.6079547e+01   0.0000000e+00   1.4550113e+00   7.9076181e+03
   1.2648461e+00   1.8880514e+05   6.5624125e+01   0.0000000e+00   1.4534806e+00   7.9061002e+03
   1.2650890e+00   1.9133503e+05   6.5974754e+01   0.0000000e+00   1.4559715e+00   7.9045822e+03
   1.2653319e+00   1.8941816e+05   6.5475700e+01   0.0000000e+00   1.4570173e+00   7.9030648e+03
   1.2655749e+00   1.9029412e+05   6.6149797e+01   0.0000000e+00   1.4585219e+00   7.9015474e+03
   1.2658180e+00   1.9215461e+05   6.6349278e+01   0.0000000e+00   1.4661227e+00   7.9000299e+03
   1.2660612e+00   1.9181865e+05   6.9002099e+01   0.0000000e+00   1.4626502e+00   7.8985123e+03
   1.2663044e+00   1.9554516e+05   7.5442350e+01   0.0000000e+00   1.4574865e+00   7.8969954e+03
   1.2665478e+00   1.9973528e+05   8.0117031e+01   0.0000000e+00   1.4532133e+00   7.8954778e+03
   1.2667911e+00   1.9543654e+05   6.8414038e+01   0.0000000e+00   1.4629921e+00   7.8939614e+03
   1.2670346e+00   1.9425509e+05   6.6168955e+01   0.0000000e+00   1.4717970e+00   7.8924443e+03
   1.2672781e+00   1.9655441e+05   6.7216426e+01   0.0000000e+00   1.4661165e+00   7.8909278e+03
   1.2675217e+00   1.9796776e+05   6.7523658e+01   0.0000000e+00   1.4612724e+00   7.8894113e+03
   1.2677654e+00   1.9439223e+05   6.7006864e+01   0.0000000e+00   1.4645973e+00   7.8878947e+03
   1.2680091e+00   1.9555112e+05   6.7044703e+01   0.0000000e+00   1.4683428e+00   7.8863787e+03
   1.2682529e+00   1.9737301e+05   6.7262405e+01   0.0000000e+00   1.4694048e+00   7.8848627e+03
   1.2684968e+00   1.9954848e+05   6.7940039e+01   0.0000000e+00   1.4689403e+00   7.8833467e+03
   1.2687408e+00   2.0073528e+05   6.8242335e+01   0.0000000e+00   1.4653867e+00   7.8818306e+03
   1.2689848e+00   2.0030733e+05   7.1061418e+01   0.0000000e+00   1.4603215e+00   7.8803150e+03
   1.2692289e+00   2.0212193e+05   9.1368650e+01   0.0000000e+00   1.4622590e+00   7.8787995e+03
   1.2694730e+00   2.0339354e+05   1.1751502e+02   0.0000000e+00   1.4678235e+00   7.8772845e+03
   1.2697172e+00   2.0764272e+05   1.2554523e+02   0.0000000e+00   1.4671592e+00   7.8757695e+03
   1.2699615e+00   2.0598511e+05   9.2449185e+01   0.0000000e+00   1.4657221e+00   7.8742545e+03
   1.2702059e+00   2.0135303e+05   6.8674769e+01   0.0000000e+00   1.4680085e+00   7.8727394e+03
   1.2704503e+00   1.9859953e+05   6.8041835e+01   0.0000000e+00   1.4727061e+00   7.8712249e+03
   1.2706948e+00   2.0002042e+05   6.8882588e+01   0.0000000e+00   1.4775918e+00   7.8697103e+03
   1.2709394e+00   1.9721101e+05   6.7910114e+01   0.0000000e+00   1.4780647e+00   7.8681958e+03
   1.2711840e+00   1.9860400e+05   6.7938953e+01   0.0000000e+00   1.4719965e+00   7.8666818e+03
   1.2714287e+00   1.9995061e+05   6.8694193e+01   0.0000000e+00   1.4702476e+00   7.8651677e+03
   1.2716734e+00   1.9975522e+05   6.8799933e+01   0.0000000e+00   1.4755208e+00   7.8636543e+03
   1.2719182e+00   2.0031070e+05   6.8771432e+01   0.0000000e+00   1.4798786e+00   7.8621408e+03
   1.2721631e+00   2.0022883e+05   6.9012101e+01   0.0000000e+00   1.4811809e+00   7.8606273e+03
   1.2724081e+00   2.0256869e+05   6.9466368e+01   0.0000000e+00   1.4721277e+00   7.8591138e+03
   1.2726531e+00   2.0265186e+05   6.9356490e+01   0.0000000e+00   1.4689728e+00   7.8576008e+03
   1.2728982e+00   2.0117925e+05   6.8687222e+01   0.0000000e+00   1.4749306e+00   7.8560878e+03
   1.2731433e+00   2.0242772e+05   6.9308661e+01   0.0000000e+00   1.4846631e+00   7.8545754e+03
   1.2733885e+00   2.0161345e+05   6.9440481e+01   0.0000000e+00   1.4802095e+00   7.8530629e+03
   1.2736338e+00   2.0320794e+05   6.9458361e+01   0.0000000e+00   1.4755297e+00   7.8515504e+03
   1.2738791e+00   2.0565702e+05   7.0758992e+01   0.0000000e+00   1.4739046e+00   7.8500385e+03
   1.2741245e+00   2.0625579e+05   7.0846687e+01   0.0000000e+00   1.4759187e+00   7.8485266e+03
   1.2743700e+00   2.0652223e+05   7.0835924e+01   0.0000000e+00   1.4826611e+00   7.8470146e+03
   1.2746155e+00   2.0680496e+05   7.0447803e+01   0.0000000e+00   1.4836480e+00   7.8455032e+03
   1.2748611e+00   2.0612300e+05   7.0972816e+01   0.0000000e+00   1.4784245e+00   7.8439918e+03
   1.2751067e+00   2.1230690e+05   7.2761532e+01   0.0000000e+00   1.4739152e+00   7.8424809e+03
   1.2753524e+00   2.1177424e+05   7.2245863e+01   0.0000000e+00   1.4782948e+00   7.8409701e+03
   1.2755982e+00   2.1070718e+05   8.7488399e+01   0.0000000e+00   1.4852526e+00   7.8394592e+03
   1.2758440e+00   2.0871298e+05   7.1016455e+01   0.0000000e+00   1.4867251e+00   7.8379488e+03
   1.2760899e+00   2.1056570e+05   7.1868164e+01   0.0000000e+00   1.4783451e+00   7.8364385e+03
   1.2763359e+00   2.1714684e+05   7.4781451e+01   0.0000000e+00   1.4748316e+00   7.8349281e+03
   1.2765819e+00   2.1586128e+05   7.5201932e+01   0.0000000e+00   1.4779343e+00   7.8334183e+03
   1.2768279e+00   2.1341473e+05   7.3365756e+01   0.0000000e+00   1.4805124e+00   7.8319091e+03
   1.2770741e+00   2.1284476e+05   7.3059411e+01   0.0000000e+00   1.4853106e+00   7.8303992e+03
   1.2773203e+00   2.1686838e+05   8.3007324e+01   0.0000000e+00   1.4755448e+00   7.8288899e+03
   1.2775665e+00   2.1970642e+05   8.6387877e+01   0.0000000e+00   1.4707161e+00   7.8273812e+03
   1.2778128e+00   2.2176627e+05   8.7344212e+01   0.0000000e+00   1.4706812e+00   7.8258725e+03
   1.2780592e+00   2.2344007e+05   8.8974541e+01   0.0000000e+00   1.4801930e+00   7.8243637e+03
   1.2783056e+00   2.2545477e+05   8.2165139e+01   0.0000000e+00   1.4812683e+00   7.8228555e+03
   1.2785521e+00   2.2276810e+05   7.5855724e+01   0.0000000e+00   1.4842902e+00   7.8213473e+03
   1.2787986e+00   2.1849562e+05   7.4549222e+01   0.0000000e+00   1.4770679e+00   7.8198397e+03
   1.2790452e+00   2.1820009e+05   7.4850496e+01   0.0000000e+00   1.4782094e+00   7.8183320e+03
   1.2792918e+00   2.1558239e+05   7.2736084e+01   0.0000000e+00   1.4877580e+00   7.8168249e+03
   1.2795386e+00   2.1808861e+05   7.3417306e+01   0.0000000e+00   1.4937362e+00   7.8153172e+03
   1.2797853e+00   2.1800261e+05   7.4706728e+01   0.0000000e+00   1.4840742e+00   7.8138106e+03
   1.2800321e+00   2.2145542e+05   7.6161151e+01   0.0000000e+00   1.4782249e+00   7.8123041e+03
   1.2802790e+00   2.2461014e+05   7.6998825e+01   0.0000000e+00   1.4809284e+00   7.8107975e+03
   1.2805259e+00   2.2891852e+05   7.7517057e+01   0.0000000e+00   1.4909420e+00   7.8092915e+03
   1.2807729e+00   2.3055396e+05   7.8145226e+01   0.0000000e+00   1.4910266e+00   7.8077854e+03
   1.2810200e+00   2.2878756e+05   7.8729085e+01   0.0000000e+00   1.4835510e+00   7.8062794e+03
   1.2812670e+00   2.2640739e+05   7.7325988e+01   0.0000000e+00   1.4764681e+00   7.8047745e+03
   1.2815142e+00   2.2399675e+05   7.6868018e+01   0.0000000e+00   1.4777303e+00   7.8032690e+03
   1.2817614e+00   2.2426697e+05   7.7236695e+01   0.0000000e+00   1.4869680e+00   7.8017640e+03
   1.2820087e+00   2.2278739e+05   7.5815353e+01   0.0000000e+00   1.4937048e+00   7.8002591e+03
   1.2822560e+00   2.2690248e+05   7.7281956e+01   0.0000000e+00   1.4894183e+00   7.7987547e+03
   1.2825033e+00   2.2817469e+05   7.8145851e+01   0.0000000e+00   1.4826228e+00   7.7972509e+03
   1.2827507e+00   2.2679129e+05   7.9528245e+01   0.0000000e+00   1.4777122e+00   7.7957471e+03
   1.2829982e+00   2.2947898e+05   7.8779205e+01   0.0000000e+00   1.4853392e+00   7.7942432e+03
   1.2832457e+00   2.3000029e+05   7.8159699e+01   0.0000000e+00   1.4908113e+00   7.7927399e+03
   1.2834933e+00   2.3350092e+05   7.9984874e+01   0.0000000e+00   1.4849378e+00   7.7912366e+03
   1.2837409e+00   2.3380060e+05   8.0541015e+01   0.0000000e+00   1.4786953e+00   7.7897339e+03
   1.2839886e+00   2.3082391e+05   7.9072526e+01   0.0000000e+00   1.4795513e+00   7.7882311e+03
   1.2842363e+00   2.2971482e+05   7.8372476e+01   0.0000000e+00   1.4904330e+00   7.7867290e+03
   1.2844841e+00   2.3101098e+05   7.8886985e+01   0.0000000e+00   1.4968224e+00   7.7852268e+03
   1.2847319e+00   2.3426620e+05   7.9941601e+01   0.0000000e+00   1.4945161e+00   7.7837251e+03
   1.2849798e+00   2.4042860e+05   1.6172749e+02   0.0000000e+00   1.4812717e+00   7.7822235e+03
   1.2852277e+00   2.3618415e+05   8.0057106e+01   0.0000000e+00   1.4787696e+00   7.7807224e+03
   1.2854757e+00   2.3737360e+05   8.1484140e+01   0.0000000e+00   1.4871798e+00   7.7792213e+03
   1.2857237e+00   2.3394210e+05   8.0612624e+01   0.0000000e+00   1.4917458e+00   7.7777208e+03
   1.2859718e+00   2.3374303e+05   8.0393792e+01   0.0000000e+00   1.4959269e+00   7.7762203e+03
   1.2862199e+00   2.3860959e+05   8.1703219e+01   0.0000000e+00   1.4855016e+00   7.7747203e+03
   1.2864681e+00   2.3891582e+05   8.1884055e+01   0.0000000e+00   1.4801305e+00   7.7732203e+03
   1.2867163e+00   2.3915483e+05   8.1578834e+01   0.0000000e+00   1.4905990e+00   7.7717209e+03
   1.2869646e+00   2.4012105e+05   8.2023014e+01   0.0000000e+00   1.4992117e+00   7.7702215e+03
   1.2872129e+00   2.4117056e+05   8.2248017e+01   0.0000000e+00   1.4974578e+00   7.7687226e+03
   1.2874613e+00   2.4348512e+05   8.2416675e+01   0.0000000e+00   1.4931146e+00   7.7672238e+03
   1.2877097e+00   2.4425261e+05   1.0668649e+02   0.0000000e+00   1.4776482e+00   7.7657255e+03
   1.2879581e+00   2.3947485e+05   8.2698563e+01   0.0000000e+00   1.4871927e+00   7.7642277e+03
   1.2882066e+00   2.4228721e+05   8.2652256e+01   0.0000000e+00   1.4978574e+00   7.7627300e+03
   1.2884552e+00   2.4423301e+05   8.3127947e+01   0.0000000e+00   1.4989426e+00   7.7612322e+03
   1.2887038e+00   2.4711452e+05   8.3530633e+01   0.0000000e+00   1.4927693e+00   7.7597350e+03
   1.2889524e+00   2.4650410e+05   8.4119295e+01   0.0000000e+00   1.4888730e+00   7.7582384e+03
   1.2892011e+00   2.5461416e+05   2.2115112e+02   0.0000000e+00   1.4932547e+00   7.7567418e+03
   1.2894498e+00   2.5046087e+05   8.5121688e+01   0.0000000e+00   1.5010390e+00   7.7552457e+03
   1.2896986e+00   2.4923080e+05   8.4512322e+01   0.0000000e+00   1.5043914e+00   7.7537496e+03
   1.2899474e+00   2.5161584e+05   8.4843033e+01   0.0000000e+00   1.4924669e+00   7.7522541e+03
   1.2901963e+00   2.6389020e+05   8.9888021e+01   0.0000000e+00   1.4837102e+00   7.7507585e+03
   1.2904452e+00   2.8028716e+05   9.4062041e+01   0.0000000e+00   1.4946915e+00   7.7492636e+03
   1.2906941e+00   2.7894212e+05   9.4133244e+01   0.0000000e+00   1.5017763e+00   7.7477692e+03
   1.2909431e+00   2.7209768e+05   9.1630885e+01   0.0000000e+00   1.5035336e+00   7.7462748e+03
   1.2911922e+00   2.6099029e+05   8.7993494e+01   0.0000000e+00   1.4914344e+00   7.7447804e+03
   1.2914413e+00   2.6202131e+05   8.8731524e+01   0.0000000e+00   1.4856857e+00   7.7432865e+03
   1.2916904e+00   2.6280187e+05   8.9240348e+01   0.0000000e+00   1.4888368e+00   7.7417932e+03
   1.2919395e+00   2.6900315e+05   9.3063144e+01   0.0000000e+00   1.4946224e+00   7.7403005e+03
   1.2921887e+00   2.6998233e+05   9.3262126e+01   0.0000000e+00   1.4999106e+00   7.7388078e+03
   1.2924380e+00   2.6755116e+05   9.1129866e+01   0.0000000e+00   1.4950729e+00   7.7373151e+03
   1.2926873e+00   2.6458762e+05   9.0978728e+01   0.0000000e+00   1.4906374e+00   7.7358229e+03
   1.2929366e+00   2.6549244e+05   9.0650661e+01   0.0000000e+00   1.4919957e+00   7.7343313e+03
   1.2931860e+00   2.6400183e+05   9.0433267e+01   0.0000000e+00   1.5002875e+00   7.7328397e+03
   1.2934354e+00   2.6655091e+05   9.0304018e+01   0.0000000e+00   1.5058104e+00   7.7313486e+03
   1.2936849e+00   2.6931064e+05   9.1630716e+01   0.0000000e+00   1.4946487e+00   7.7298576e+03
   1.2939343e+00   2.7028687e+05   9.2409065e+01   0.0000000e+00   1.4916861e+00   7.7283677e+03
   1.2941839e+00   2.7516156e+05   9.3735007e+01   0.0000000e+00   1.4883958e+00   7.7268771e+03
   1.2944335e+00   2.7643405e+05   9.4186449e+01   0.0000000e+00   1.5017621e+00   7.7253872e+03
   1.2946831e+00   2.7354711e+05   9.2911227e+01   0.0000000e+00   1.5067421e+00   7.7238978e+03
   1.2949327e+00   2.7296502e+05   9.2597749e+01   0.0000000e+00   1.5040327e+00   7.7224090e+03
   1.2951824e+00   2.7569547e+05   9.3516532e+01   0.0000000e+00   1.4942536e+00   7.7209202e+03
   1.2954321e+00   2.8093622e+05   9.5244479e+01   0.0000000e+00   1.4953488e+00   7.7194320e+03
   1.2956819e+00   2.7728781e+05   9.3678246e+01   0.0000000e+00   1.5065305e+00   7.7179437e+03
   1.2959317e+00   2.7639436e+05   9.3255945e+01   0.0000000e+00   1.5139349e+00   7.7164560e+03
   1.2961815e+00   2.8022773e+05   9.5992912e+01   0.0000000e+00   1.5061849e+00   7.7149689e+03
   1.2964314e+00   2.8013233e+05   9.5812151e+01   0.0000000e+00   1.4993580e+00   7.7134818e+03
   1.2966813e+00   2.8182636e+05   9.6508205e+01   0.0000000e+00   1.4980395e+00   7.7119952e+03
   1.2969313e+00   2.8216548e+05   9.5823053e+01   0.0000000e+00   1.5057732e+00   7.7105086e+03
   1.2971812e+00   2.8630023e+05   9.6764428e+01   0.0000000e+00   1.5113491e+00   7.7090232e+03
   1.2974313e+00   2.8626143e+05   9.7111928e+01   0.0000000e+00   1.5110455e+00   7.7075372e+03
   1.2976813e+00   2.8975907e+05   1.0573657e+02   0.0000000e+00   1.4964926e+00   7.7060523e+03
   1.2979314e+00   2.9473973e+05   1.0437002e+02   0.0000000e+00   1.4987704e+00   7.7045674e+03
   1.2981815e+00   2.9238382e+05   1.0034333e+02   0.0000000e+00   1.5056277e+00   7.7030831e+03
   1.2984317e+00   2.9575040e+05   1.0047750e+02   0.0000000e+00   1.5126353e+00   7.7015988e+03
   1.2986819e+00   3.0199739e+05   1.0242640e+02   0.0000000e+00   1.5136774e+00   7.7001150e+03
   1.2989321e+00   2.9941648e+05   1.0103728e+02   0.0000000e+00   1.5063214e+00   7.6986318e+03
   1.2991824e+00   2.9543984e+05   9.9755472e+01   0.0000000e+00   1.5054867e+00   7.6971486e+03
   1.2994327e+00   3.0009786e+05   1.0210689e+02   0.0000000e+00   1.5099512e+00   7.6956660e+03
   1.2996830e+00   3.0085552e+05   1.0212751e+02   0.0000000e+00   1.5147299e+00   7.6941839e+03
   1.2999334e+00   3.0138396e+05   1.0181150e+02   0.0000000e+00   1.5135165e+00   7.6927018e+03
   1.3001838e+00   3.0352740e+05   1.0339205e+02   0.0000000e+00   1.5089780e+00   7.6912203e+03
   1.3004342e+00   3.0537672e+05   1.0341430e+02   0.0000000e+00   1.5078706e+00   7.6897393e+03
   1.3006847e+00   3.0739957e+05   1.0365109e+02   0.0000000e+00   1.5114615e+00   7.6882583e+03
   1.3009352e+00   3.0995388e+05   1.0400086e+02   0.0000000e+00   1.5168386e+00   7.6867779e+03
   1.3011857e+00   3.1240606e+05   1.0538595e+02   0.0000000e+00   1.5183464e+00   7.6852981e+03
   1.3014362e+00   3.1465802e+05   1.0621963e+02   0.0000000e+00   1.5096565e+00   7.6838188e+03
   1.3016868e+00   3.2146248e+05   1.0892579e+02   0.0000000e+00   1.5057057e+00   7.6823396e+03
   1.3019374e+00   3.3170224e+05   1.1250101e+02   0.0000000e+00   1.5107157e+00   7.6808608e+03
   1.3021881e+00   3.3740855e+05   1.1667237e+02   0.0000000e+00   1.5132265e+00   7.6793821e+03
   1.3024388e+00   3.3251185e+05   1.1465405e+02   0.0000000e+00   1.5093939e+00   7.6779039e+03
   1.3026895e+00   3.2834121e+05   1.1086496e+02   0.0000000e+00   1.5083896e+00   7.6764263e+03
   1.3029402e+00   3.2901623e+05   1.1110302e+02   0.0000000e+00   1.5057206e+00   7.6749493e+03
   1.3031910e+00   3.2692958e+05   1.1097054e+02   0.0000000e+00   1.5073270e+00   7.6734723e+03
   1.3034418e+00   3.3060972e+05   1.1170916e+02   0.0000000e+00   1.5107968e+00   7.6719958e+03
   1.3036926e+00   3.3496701e+05   1.1346453e+02   0.0000000e+00   1.5040095e+00   7.6705199e+03
   1.3039434e+00   3.3753201e+05   1.1577046e+02   0.0000000e+00   1.4983180e+00   7.6690445e+03
   1.3041943e+00   3.3782796e+05   1.1502062e+02   0.0000000e+00   1.5000454e+00   7.6675692e+03
   1.3044452e+00   3.4069069e+05   1.1550604e+02   0.0000000e+00   1.5004559e+00   7.6660944e+03
   1.3046962e+00   3.4715792e+05   1.1729025e+02   0.0000000e+00   1.5019557e+00   7.6646195e+03
   1.3049471e+00   3.5015396e+05   1.1812113e+02   0.0000000e+00   1.4973467e+00   7.6631459e+03
   1.3051981e+00   3.5817465e+05   1.2126730e+02   0.0000000e+00   1.4892133e+00   7.6616722e+03
   1.3054491e+00   3.6147918e+05   1.2204872e+02   0.0000000e+00   1.4897107e+00   7.6601991e+03
   1.3057002e+00   3.5782192e+05   1.2181780e+02   0.0000000e+00   1.4869833e+00   7.6587259e+03
   1.3059512e+00   3.5739690e+05   1.2135928e+02   0.0000000e+00   1.4875937e+00   7.6572540e+03
   1.3062023e+00   3.6399028e+05   1.2274341e+02   0.0000000e+00   1.4823491e+00   7.6557820e+03
   1.3064534e+00   3.6551315e+05   1.2362243e+02   0.0000000e+00   1.4812254e+00   7.6543105e+03
   1.3067046e+00   3.7021277e+05   1.2420927e+02   0.0000000e+00   1.4779118e+00   7.6528391e+03
   1.3069558e+00   3.7484849e+05   1.2555633e+02   0.0000000e+00   1.4725966e+00   7.6513682e+03
   1.3072070e+00   3.7989204e+05   1.2826359e+02   0.0000000e+00   1.4678911e+00   7.6498978e+03
   1.3074582e+00   3.8308607e+05   1.2991522e+02   0.0000000e+00   1.4640823e+00   7.6484281e+03
   1.3077094e+00   3.8594843e+05   1.3082247e+02   0.0000000e+00   1.4609397e+00   7.6469589e+03
   1.3079607e+00   4.6315206e+05   1.3969709e+02   0.0000000e+00   1.4077217e+00   7.6454897e+03
   1.3082120e+00   4.2284685e+05   6.7592775e+02   0.0000000e+00   1.4539267e+00   7.6440210e+03
   1.3084633e+00   4.0984709e+05   5.9122907e+02   0.0000000e+00   1.4660502e+00   7.6425529e+03
   1.3087146e+00   3.8806241e+05   6.3440876e+02   0.0000000e+00   1.4684084e+00   7.6410854e+03
   1.3089660e+00   3.6990147e+05   6.9423329e+02   0.0000000e+00   1.4674675e+00   7.6396178e+03
   1.3092174e+00   3.7143264e+05   7.8000426e+02   0.0000000e+00   1.4680206e+00   7.6381509e+03
   1.3094688e+00   3.5871324e+05   7.4007992e+02   0.0000000e+00   1.4653837e+00   7.6366844e+03
   1.3097202e+00   2.8384209e+05   2.9783024e+02   0.0000000e+00   1.4552296e+00   7.6352186e+03
   1.3099716e+00   2.7435551e+05   2.9517194e+02   0.0000000e+00   1.4475133e+00   7.6337533e+03
   1.3102231e+00   2.6182897e+05   2.9445334e+02   0.0000000e+00   1.4367824e+00   7.6322880e+03
   1.3104746e+00   2.4899325e+05   3.0341916e+02   0.0000000e+00   1.4332997e+00   7.6308232e+03
   1.3107261e+00   2.3529951e+05   2.7968851e+02   0.0000000e+00   1.4312140e+00   7.6293590e+03
   1.3109776e+00   2.2665905e+05   2.8980333e+02   0.0000000e+00   1.4261338e+00   7.6278954e+03
   1.3112292e+00   2.3559162e+05   5.7169211e+02   0.0000000e+00   1.4297385e+00   7.6264317e+03
   1.3114808e+00   1.9215641e+05   2.3785515e+02   0.0000000e+00   1.4475516e+00   7.6249687e+03
   1.3117323e+00   1.7903012e+05   2.1380789e+02   0.0000000e+00   1.4482275e+00   7.6235067e+03
   1.3119840e+00   1.7409313e+05   1.9342323e+02   0.0000000e+00   1.4537591e+00   7.6220442e+03
   1.3122356e+00   1.6772752e+05   1.5717243e+02   0.0000000e+00   1.4671418e+00   7.6205828e+03
   1.3124872e+00   1.6042816e+05   1.0945781e+02   0.0000000e+00   1.4659362e+00   7.6191219e+03
   1.3127389e+00   1.5459201e+05   5.3314438e+01   0.0000000e+00   1.4636067e+00   7.6176611e+03
   1.3129906e+00   1.4872994e+05   5.1622231e+01   0.0000000e+00   1.4619386e+00   7.6162008e+03
   1.3132423e+00   1.4647045e+05   5.0831806e+01   0.0000000e+00   1.4614955e+00   7.6147410e+03
   1.3134940e+00   1.4912105e+05   5.1572864e+01   0.0000000e+00   1.4575858e+00   7.6132818e+03
   1.3137457e+00   1.4955346e+05   5.1406910e+01   0.0000000e+00   1.4517929e+00   7.6118232e+03
   1.3139975e+00   1.5167988e+05   5.2423221e+01   0.0000000e+00   1.4400124e+00   7.6103646e+03
   1.3142492e+00   1.5034517e+05   5.2364723e+01   0.0000000e+00   1.4420321e+00   7.6089070e+03
   1.3145010e+00   1.5063293e+05   5.2323608e+01   0.0000000e+00   1.4442172e+00   7.6074495e+03
   1.3147528e+00   1.5196266e+05   5.2778919e+01   0.0000000e+00   1.4332566e+00   7.6059925e+03
   1.3150046e+00   1.5783150e+05   5.4181183e+01   0.0000000e+00   1.4269643e+00   7.6045361e+03
   1.3152565e+00   1.6401147e+05   5.7255873e+01   0.0000000e+00   1.4185065e+00   7.6030797e+03
   1.3155083e+00   1.6442610e+05   5.7107265e+01   0.0000000e+00   1.4252146e+00   7.6016244e+03
   1.3157602e+00   1.6146080e+05   5.5717405e+01   0.0000000e+00   1.4247865e+00   7.6001691e+03
   1.3160121e+00   1.5709442e+05   5.3947739e+01   0.0000000e+00   1.4191733e+00   7.5987143e+03
   1.3162640e+00   1.5977521e+05   5.4922449e+01   0.0000000e+00   1.4129475e+00   7.5972601e+03
   1.3165159e+00   1.5909225e+05   5.4622076e+01   0.0000000e+00   1.4070474e+00   7.5958065e+03
   1.3167678e+00   1.5946768e+05   5.5038321e+01   0.0000000e+00   1.4060059e+00   7.5943534e+03
   1.3170197e+00   1.5961922e+05   5.4860159e+01   0.0000000e+00   1.4095694e+00   7.5929009e+03
   1.3172717e+00   1.5708731e+05   5.4609276e+01   0.0000000e+00   1.4084641e+00   7.5914483e+03
   1.3175236e+00   1.6009945e+05   5.5635229e+01   0.0000000e+00   1.4006079e+00   7.5899969e+03
   1.3177756e+00   1.5952107e+05   5.5428600e+01   0.0000000e+00   1.3913548e+00   7.5885454e+03
   1.3180276e+00   1.6175378e+05   5.5871717e+01   0.0000000e+00   1.3918663e+00   7.5870945e+03
   1.3182796e+00   1.6018019e+05   5.4686357e+01   0.0000000e+00   1.3956932e+00   7.5856442e+03
   1.3185316e+00   1.5783689e+05   5.5344458e+01   0.0000000e+00   1.3950004e+00   7.5841944e+03
   1.3187836e+00   1.6102306e+05   5.6242377e+01   0.0000000e+00   1.3899187e+00   7.5827452e+03
   1.3190356e+00   1.6100032e+05   5.5578879e+01   0.0000000e+00   1.3826653e+00   7.5812965e+03
   1.3192877e+00   1.6342778e+05   5.6367344e+01   0.0000000e+00   1.3837835e+00   7.5798478e+03
   1.3195397e+00   1.5952148e+05   5.5283695e+01   0.0000000e+00   1.3912360e+00   7.5784003e+03
   1.3197918e+00   1.6067669e+05   5.5314601e+01   0.0000000e+00   1.3922723e+00   7.5769527e+03
   1.3200438e+00   1.6232346e+05   5.5748375e+01   0.0000000e+00   1.3867109e+00   7.5755062e+03
   1.3202959e+00   1.6412943e+05   5.6287897e+01   0.0000000e+00   1.3796843e+00   7.5740597e+03
   1.3205480e+00   1.6585776e+05   5.7387757e+01   0.0000000e+00   1.3823506e+00   7.5726138e+03
   1.3208001e+00   1.6568997e+05   5.6817165e+01   0.0000000e+00   1.3906081e+00   7.5711684e+03
   1.3210522e+00   1.6208930e+05   5.5539906e+01   0.0000000e+00   1.3946946e+00   7.5697236e+03
   1.3213043e+00   1.6320942e+05   5.6276242e+01   0.0000000e+00   1.3883127e+00   7.5682793e+03
   1.3215565e+00   1.6265789e+05   5.6008568e+01   0.0000000e+00   1.3791731e+00   7.5668350e+03
   1.3218086e+00   1.6226064e+05   5.5789872e+01   0.0000000e+00   1.3809439e+00   7.5653918e+03
   1.3220607e+00   1.6065552e+05   5.5602019e+01   0.0000000e+00   1.3885632e+00   7.5639492e+03
   1.3223129e+00   1.5954274e+05   5.5117880e+01   0.0000000e+00   1.3981477e+00   7.5625066e+03
   1.3225650e+00   1.6241493e+05   5.5880654e+01   0.0000000e+00   1.3895326e+00   7.5610651e+03
   1.3228172e+00   1.6695105e+05   5.7142660e+01   0.0000000e+00   1.3779779e+00   7.5596235e+03
   1.3230694e+00   1.6790175e+05   5.7900870e+01   0.0000000e+00   1.3813588e+00   7.5581825e+03
   1.3233215e+00   1.6727947e+05   5.7568762e+01   0.0000000e+00   1.3909183e+00   7.5567426e+03
   1.3235737e+00   1.6282058e+05   5.5860030e+01   0.0000000e+00   1.3962601e+00   7.5553027e+03
   1.3238259e+00   1.6085878e+05   5.5723991e+01   0.0000000e+00   1.3925816e+00   7.5538634e+03
   1.3240781e+00   1.6170988e+05   5.5552679e+01   0.0000000e+00   1.3802121e+00   7.5524246e+03
   1.3243303e+00   1.6215714e+05   5.6035342e+01   0.0000000e+00   1.3781347e+00   7.5509863e+03
   1.3245825e+00   1.6211600e+05   5.5861701e+01   0.0000000e+00   1.3816546e+00   7.5495486e+03
   1.3248347e+00   1.6141858e+05   5.5438944e+01   0.0000000e+00   1.3865268e+00   7.5481115e+03
   1.3250869e+00   1.6213125e+05   5.5573051e+01   0.0000000e+00   1.3820222e+00   7.5466749e+03
   1.3253391e+00   1.6472883e+05   5.7169597e+01   0.0000000e+00   1.3656880e+00   7.5452388e+03
   1.3255914e+00   1.6511100e+05   5.6514610e+01   0.0000000e+00   1.3544726e+00   7.5438027e+03
   1.3258436e+00   1.6535325e+05   5.7103523e+01   0.0000000e+00   1.3533529e+00   7.5423677e+03
   1.3260958e+00   1.6669481e+05   5.7178418e+01   0.0000000e+00   1.3545631e+00   7.5409333e+03
   1.3263480e+00   1.6832847e+05   5.8319860e+01   0.0000000e+00   1.3414313e+00   7.5394994e+03
   1.3266003e+00   1.7353761e+05   5.9564518e+01   0.0000000e+00   1.3185762e+00   7.5380655e+03
   1.3268525e+00   1.7357025e+05   5.9671903e+01   0.0000000e+00   1.3032099e+00   7.5366327e+03
   1.3271047e+00   1.7605385e+05   6.0793675e+01   0.0000000e+00   1.2949434e+00   7.5352005e+03
   1.3273570e+00   1.7769608e+05   6.1828470e+01   0.0000000e+00   1.2876708e+00   7.5337682e+03
   1.3276092e+00   1.8024573e+05   6.2583432e+01   0.0000000e+00   1.2715366e+00   7.5323371e+03
   1.3278614e+00   1.8425571e+05   6.4505884e+01   0.0000000e+00   1.2400956e+00   7.5309065e+03
   1.3281137e+00   1.8797611e+05   6.5601846e+01   0.0000000e+00   1.2122997e+00   7.5294758e+03
   1.3283659e+00   1.9252650e+05   6.6702252e+01   0.0000000e+00   1.1978800e+00   7.5280463e+03
   1.3286182e+00   1.9458743e+05   6.7706279e+01   0.0000000e+00   1.1833421e+00   7.5266168e+03
   1.3288704e+00   2.0002386e+05   6.9992297e+01   0.0000000e+00   1.1602483e+00   7.5251883e+03
   1.3291226e+00   2.0824267e+05   7.2564172e+01   0.0000000e+00   1.1227342e+00   7.5237604e+03
   1.3293749e+00   2.1434801e+05   7.4457712e+01   0.0000000e+00   1.0867515e+00   7.5223325e+03
   1.3296271e+00   2.1981445e+05   7.6649817e+01   0.0000000e+00   1.0632545e+00   7.5209057e+03
   1.3298794e+00   2.2365643e+05   7.9243819e+01   0.0000000e+00   1.0423353e+00   7.5194788e+03
   1.3301316e+00   2.3027786e+05   8.1051126e+01   0.0000000e+00   1.0131744e+00   7.5180531e+03
   1.3303838e+00   2.3958444e+05   8.4555391e+01   0.0000000e+00   9.7358626e-01   7.5166279e+03
   1.3306361e+00   2.4917136e+05   9.1742828e+01   0.0000000e+00   9.3612013e-01   7.5152027e+03
   1.3308883e+00   2.5571640e+05   9.0637592e+01   0.0000000e+00   9.0288906e-01   7.5137786e+03
   1.3311405e+00   2.6749180e+05   9.4754299e+01   0.0000000e+00   8.7988594e-01   7.5123550e+03
   1.3313927e+00   2.7979490e+05   1.0109158e+02   0.0000000e+00   8.4952425e-01   7.5109320e+03
   1.3316450e+00   2.9511941e+05   1.1223638e+02   0.0000000e+00   8.1329796e-01   7.5095089e+03
   1.3318972e+00   3.0878083e+05   1.2603856e+02   0.0000000e+00   7.7571550e-01   7.5080870e+03
   1.3321494e+00   3.2209020e+05   1.3216460e+02   0.0000000e+00   7.4263726e-01   7.5066655e+03
   1.3324016e+00   3.2985143e+05   1.3081127e+02   0.0000000e+00   7.2022541e-01   7.5052447e+03
   1.3326538e+00   3.4845382e+05   1.3065962e+02   0.0000000e+00   6.9371564e-01   7.5038243e+03
   1.3329060e+00   3.6691151e+05   1.3677258e+02   0.0000000e+00   6.6081433e-01   7.5024045e+03
   1.3331582e+00   3.7972727e+05   1.4036141e+02   0.0000000e+00   6.3151693e-01   7.5009853e+03
   1.3334104e+00   3.9842162e+05   1.4817741e+02   0.0000000e+00   6.0170397e-01   7.4995665e+03
   1.3336626e+00   4.1555035e+05   1.5385995e+02   0.0000000e+00   5.7975674e-01   7.4981483e+03
   1.3339148e+00   4.3018371e+05   1.5929790e+02   0.0000000e+00   5.5992260e-01   7.4967307e+03
   1.3341669e+00   4.5226444e+05   1.6278813e+02   0.0000000e+00   5.3556658e-01   7.4953141e+03
   1.3344191e+00   4.7157730e+05   1.7162032e+02   0.0000000e+00   5.0973706e-01   7.4938975e+03
   1.3346713e+00   4.9959793e+05   1.8115828e+02   0.0000000e+00   4.8469041e-01   7.4924815e+03
   1.3349234e+00   5.1952574e+05   1.8860424e+02   0.0000000e+00   4.6639204e-01   7.4910665e+03
   1.3351756e+00   5.3884201e+05   1.9421140e+02   0.0000000e+00   4.5150913e-01   7.4896515e+03
   1.3354277e+00   5.6189894e+05   2.0526844e+02   0.0000000e+00   4.3331709e-01   7.4882377e+03
   1.3356798e+00   5.8234374e+05   2.1202060e+02   0.0000000e+00   4.1386898e-01   7.4868243e+03
   1.3359320e+00   6.0272265e+05   2.2051888e+02   0.0000000e+00   3.9679387e-01   7.4854109e+03
   1.3361841e+00   6.3008460e+05   2.2906320e+02   0.0000000e+00   3.8223456e-01   7.4839986e+03
   1.3364362e+00   6.5518490e+05   2.4022703e+02   0.0000000e+00   3.7149183e-01   7.4825869e+03
   1.3366883e+00   6.8167030e+05   2.5729469e+02   0.0000000e+00   3.5864942e-01   7.4811757e+03
   1.3369404e+00   7.1508215e+05   2.6322284e+02   0.0000000e+00   3.4191629e-01   7.4797650e+03
   1.3371924e+00   7.3863826e+05   2.6980206e+02   0.0000000e+00   3.2925255e-01   7.4783554e+03
   1.3374445e+00   7.5215841e+05   2.7664367e+02   0.0000000e+00   3.1896701e-01   7.4769458e+03
   1.3376966e+00   7.9165257e+05   2.9021760e+02   0.0000000e+00   3.1031499e-01   7.4755367e+03
   1.3379486e+00   8.0819673e+05   2.9932908e+02   0.0000000e+00   3.0197893e-01   7.4741287e+03
   1.3382006e+00   8.3165319e+05   3.0587644e+02   0.0000000e+00   2.8962840e-01   7.4727212e+03
   1.3384527e+00   8.4657993e+05   3.1605080e+02   0.0000000e+00   2.8174540e-01   7.4713137e+03
   1.3387047e+00   8.6546571e+05   3.2419416e+02   0.0000000e+00   2.7373515e-01   7.4699073e+03
   1.3389567e+00   9.0355406e+05   3.3405388e+02   0.0000000e+00   2.6531410e-01   7.4685014e+03
   1.3392087e+00   9.3067636e+05   3.4078243e+02   0.0000000e+00   2.5907317e-01   7.4670961e+03
   1.3394607e+00   9.5630167e+05   3.5528979e+02   0.0000000e+00   2.5314270e-01   7.4656912e+03
   1.3397126e+00   9.6945279e+05   3.5845680e+02   0.0000000e+00   2.4465473e-01   7.4642875e+03
   1.3399646e+00   9.9594077e+05   3.7321123e+02   0.0000000e+00   2.4034019e-01   7.4628837e+03
   1.3402165e+00   1.0307586e+06   3.7683553e+02   0.0000000e+00   2.3414764e-01   7.4614810e+03
   1.3404685e+00   1.0583884e+06   3.8646968e+02   0.0000000e+00   2.2881158e-01   7.4600783e+03
   1.3407204e+00   1.0744419e+06   3.9231882e+02   0.0000000e+00   2.2314575e-01   7.4586767e+03
   1.3409723e+00   1.0932813e+06   3.9908985e+02   0.0000000e+00   2.1943907e-01   7.4572756e+03
   1.3412242e+00   1.1277138e+06   4.1296895e+02   0.0000000e+00   2.1349779e-01   7.4558750e+03
   1.3414760e+00   1.1559517e+06   4.2033679e+02   0.0000000e+00   2.0973333e-01   7.4544755e+03
   1.3417279e+00   1.1553060e+06   4.2766191e+02   0.0000000e+00   2.0683505e-01   7.4530760e+03
   1.3419797e+00   1.1810674e+06   4.3001357e+02   0.0000000e+00   2.0180648e-01   7.4516775e+03
   1.3422316e+00   1.2007997e+06   4.4512016e+02   0.0000000e+00   1.9948106e-01   7.4502791e+03
   1.3424834e+00   1.2369306e+06   4.6030105e+02   0.0000000e+00   1.9576808e-01   7.4488817e+03
   1.3427352e+00   1.2610900e+06   4.6689937e+02   0.0000000e+00   1.9231461e-01   7.4474848e+03
   1.3429870e+00   1.2758040e+06   4.7080373e+02   0.0000000e+00   1.8965727e-01   7.4460885e+03
   1.3432387e+00   1.2947087e+06   4.8318904e+02   0.0000000e+00   1.8741274e-01   7.4446932e+03
   1.3434905e+00   1.3014782e+06   4.9401471e+02   0.0000000e+00   1.8609269e-01   7.4432979e+03
   1.3437422e+00   1.3281216e+06   4.9841422e+02   0.0000000e+00   1.8284286e-01   7.4419037e+03
   1.3439939e+00   1.3523964e+06   5.0401307e+02   0.0000000e+00   1.7967754e-01   7.4405100e+03
   1.3442456e+00   1.3440470e+06   5.0879083e+02   0.0000000e+00   1.7741948e-01   7.4391168e+03
   1.3444973e+00   1.3618168e+06   5.1264842e+02   0.0000000e+00   1.7714402e-01   7.4377241e+03
   1.3447489e+00   1.3848675e+06   5.2285838e+02   0.0000000e+00   1.7406268e-01   7.4363325e+03
   1.3450006e+00   1.4033861e+06   5.3115151e+02   0.0000000e+00   1.7354003e-01   7.4349409e+03
   1.3452522e+00   1.4369200e+06   5.4046458e+02   0.0000000e+00   1.6940702e-01   7.4335504e+03
   1.3455038e+00   1.4479420e+06   5.4259372e+02   0.0000000e+00   1.6894968e-01   7.4321604e+03
   1.3457554e+00   1.4526164e+06   5.5012052e+02   0.0000000e+00   1.6827498e-01   7.4307709e+03
   1.3460070e+00   1.4570375e+06   5.4611519e+02   0.0000000e+00   1.6461231e-01   7.4293819e+03
   1.3462585e+00   1.4915632e+06   5.5796140e+02   0.0000000e+00   1.6313251e-01   7.4279940e+03
   1.3465100e+00   1.5062664e+06   5.6408789e+02   0.0000000e+00   1.6158724e-01   7.4266066e+03
   1.3467615e+00   1.5342824e+06   5.7304877e+02   0.0000000e+00   1.6054766e-01   7.4252197e+03
   1.3470130e+00   1.5331864e+06   5.7916571e+02   0.0000000e+00   1.6004628e-01   7.4238333e+03
   1.3472645e+00   1.5448403e+06   5.9135135e+02   0.0000000e+00   1.6161669e-01   7.4224475e+03
   1.3475159e+00   1.5593407e+06   5.9084417e+02   0.0000000e+00   1.5887306e-01   7.4210627e+03
   1.3477673e+00   1.5656968e+06   5.9934969e+02   0.0000000e+00   1.5845375e-01   7.4196785e+03
   1.3480187e+00   1.5927618e+06   6.2778911e+02   0.0000000e+00   1.5759459e-01   7.4182947e+03
   1.3482701e+00   1.5816444e+06   6.0879212e+02   0.0000000e+00   1.5935953e-01   7.4169115e+03
   1.3485215e+00   1.6035220e+06   6.0904575e+02   0.0000000e+00   1.5409807e-01   7.4155288e+03
   1.3487728e+00   1.6075779e+06   6.0951905e+02   0.0000000e+00   1.5375668e-01   7.4141471e+03
   1.3490241e+00   1.6204635e+06   6.2367958e+02   0.0000000e+00   1.5232170e-01   7.4127660e+03
   1.3492754e+00   1.6262610e+06   6.2278364e+02   0.0000000e+00   1.5366277e-01   7.4113854e+03
   1.3495266e+00   1.6296237e+06   6.2635769e+02   0.0000000e+00   1.5215367e-01   7.4100058e+03
   1.3497779e+00   1.6519685e+06   6.2833327e+02   0.0000000e+00   1.5125444e-01   7.4086263e+03
   1.3500291e+00   1.6390017e+06   6.2612553e+02   0.0000000e+00   1.5037733e-01   7.4072477e+03
   1.3502803e+00   1.6596598e+06   6.3444639e+02   0.0000000e+00   1.4986114e-01   7.4058697e+03
   1.3505314e+00   1.6663807e+06   6.4153503e+02   0.0000000e+00   1.4812202e-01   7.4044928e+03
   1.3507826e+00   1.6547708e+06   6.2991394e+02   0.0000000e+00   1.4850547e-01   7.4031158e+03
   1.3510337e+00   1.6677655e+06   6.3478777e+02   0.0000000e+00   1.4875250e-01   7.4017399e+03
   1.3512848e+00   1.6626251e+06   6.3161508e+02   0.0000000e+00   1.4658471e-01   7.4003645e+03
   1.3515358e+00   1.6953559e+06   6.3716239e+02   0.0000000e+00   1.4580780e-01   7.3989901e+03
   1.3517869e+00   1.6955076e+06   6.3931535e+02   0.0000000e+00   1.4532996e-01   7.3976157e+03
   1.3520379e+00   1.7096918e+06   6.4819665e+02   0.0000000e+00   1.4561874e-01   7.3962424e+03
   1.3522889e+00   1.7160803e+06   6.3836345e+02   0.0000000e+00   1.4421549e-01   7.3948695e+03
   1.3525398e+00   1.7329449e+06   6.4684569e+02   0.0000000e+00   1.4412632e-01   7.3934978e+03
   1.3527908e+00   1.7367722e+06   6.4833143e+02   0.0000000e+00   1.4388254e-01   7.3921260e+03
   1.3530417e+00   1.7412798e+06   6.6019907e+02   0.0000000e+00   1.4333172e-01   7.3907552e+03
   1.3532925e+00   1.7314392e+06   6.8162084e+02   0.0000000e+00   1.4952548e-01   7.3893855e+03
   1.3535434e+00   1.7680385e+06   6.8301678e+02   0.0000000e+00   1.4526382e-01   7.3880158e+03
   1.3537942e+00   1.7662380e+06   6.8685837e+02   0.0000000e+00   1.4230337e-01   7.3866471e+03
   1.3540450e+00   1.7669192e+06   6.8246232e+02   0.0000000e+00   1.4106149e-01   7.3852789e+03
   1.3542957e+00   1.7843421e+06   6.8282753e+02   0.0000000e+00   1.4096860e-01   7.3839118e+03
   1.3545465e+00   1.7901508e+06   6.8772228e+02   0.0000000e+00   1.3963948e-01   7.3825446e+03
   1.3547972e+00   1.8131897e+06   6.9254358e+02   0.0000000e+00   1.3893996e-01   7.3811785e+03
   1.3550478e+00   1.8172330e+06   6.9166399e+02   0.0000000e+00   1.3847504e-01   7.3798135e+03
   1.3552985e+00   1.8015731e+06   6.9428792e+02   0.0000000e+00   1.3892248e-01   7.3784484e+03
   1.3555491e+00   1.8115064e+06   7.0602074e+02   0.0000000e+00   1.4121830e-01   7.3770843e+03
   1.3557997e+00   1.8012107e+06   6.9451816e+02   0.0000000e+00   1.3752941e-01   7.3757208e+03
   1.3560502e+00   1.8225352e+06   7.0093154e+02   0.0000000e+00   1.3708641e-01   7.3743583e+03
   1.3563007e+00   1.8072804e+06   6.9717033e+02   0.0000000e+00   1.3855278e-01   7.3729963e+03
   1.3565512e+00   1.8073721e+06   6.9624882e+02   0.0000000e+00   1.3644215e-01   7.3716348e+03
   1.3568017e+00   1.8467681e+06   7.2081072e+02   0.0000000e+00   1.3696905e-01   7.3702738e+03
   1.3570521e+00   1.8587055e+06   7.2424927e+02   0.0000000e+00   1.3565671e-01   7.3689138e+03
   1.3573025e+00   1.8676504e+06   7.3114454e+02   0.0000000e+00   1.3605785e-01   7.3675544e+03
   1.3575528e+00   1.8762014e+06   7.2052782e+02   0.0000000e+00   1.3588985e-01   7.3661960e+03
   1.3578031e+00   1.8618979e+06   7.0978723e+02   0.0000000e+00   1.3500456e-01   7.3648381e+03
   1.3580534e+00   1.8639101e+06   7.2162570e+02   0.0000000e+00   1.3547382e-01   7.3634807e+03
   1.3583037e+00   1.9235652e+06   7.3626452e+02   0.0000000e+00   1.3404870e-01   7.3621238e+03
   1.3585539e+00   1.8721177e+06   7.2250237e+02   0.0000000e+00   1.3605121e-01   7.3607679e+03
   1.3588041e+00   1.9035936e+06   7.2574842e+02   0.0000000e+00   1.3430003e-01   7.3594126e+03
   1.3590542e+00   1.9195269e+06   7.3795737e+02   0.0000000e+00   1.3491765e-01   7.3580583e+03
   1.3593044e+00   1.8965149e+06   7.3525352e+02   0.0000000e+00   1.3688954e-01   7.3567039e+03
   1.3595544e+00   1.9147490e+06   7.3613833e+02   0.0000000e+00   1.3348593e-01   7.3553511e+03
   1.3598045e+00   1.9188841e+06   7.4975449e+02   0.0000000e+00   1.3645644e-01   7.3539983e+03
   1.3600545e+00   1.9207670e+06   7.4463207e+02   0.0000000e+00   1.3537982e-01   7.3526465e+03
   1.3603045e+00   1.9308586e+06   7.3962468e+02   0.0000000e+00   1.3267867e-01   7.3512952e+03
   1.3605544e+00   1.9232288e+06   7.2580640e+02   0.0000000e+00   1.3370864e-01   7.3499450e+03
   1.3608043e+00   1.9095399e+06   7.1367916e+02   0.0000000e+00   1.3185623e-01   7.3485952e+03
   1.3610542e+00   1.9114616e+06   7.2322175e+02   0.0000000e+00   1.3259890e-01   7.3472460e+03
   1.3613040e+00   1.9103071e+06   7.2360715e+02   0.0000000e+00   1.3403691e-01   7.3458978e+03
   1.3615538e+00   1.9316410e+06   7.2718279e+02   0.0000000e+00   1.3191306e-01   7.3445500e+03
   1.3618035e+00   1.9299725e+06   7.4307181e+02   0.0000000e+00   1.3331137e-01   7.3432033e+03
   1.3620533e+00   1.9106923e+06   7.3913940e+02   0.0000000e+00   1.3395604e-01   7.3418566e+03
   1.3623029e+00   1.9467579e+06   7.3510164e+02   0.0000000e+00   1.3131355e-01   7.3405114e+03
   1.3625526e+00   1.9177027e+06   7.3935215e+02   0.0000000e+00   1.3280385e-01   7.3391662e+03
   1.3628022e+00   1.9319829e+06   7.3084133e+02   0.0000000e+00   1.3061505e-01   7.3378220e+03
   1.3630517e+00   1.9099029e+06   7.1601503e+02   0.0000000e+00   1.3087715e-01   7.3364789e+03
   1.3633013e+00   1.8905901e+06   7.0724263e+02   0.0000000e+00   1.3355435e-01   7.3351357e+03
   1.3635507e+00   1.9260909e+06   7.1183172e+02   0.0000000e+00   1.3075451e-01   7.3337940e+03
   1.3638002e+00   1.9207555e+06   7.3223088e+02   0.0000000e+00   1.3215395e-01   7.3324524e+03
   1.3640496e+00   1.9277642e+06   7.2781746e+02   0.0000000e+00   1.3042021e-01   7.3311117e+03
   1.3642989e+00   1.9225724e+06   7.2238132e+02   0.0000000e+00   1.3145376e-01   7.3297721e+03
   1.3645483e+00   1.9060762e+06   7.1322980e+02   0.0000000e+00   1.3111617e-01   7.3284324e+03
   1.3647975e+00   1.9209826e+06   7.1134319e+02   0.0000000e+00   1.3135805e-01   7.3270943e+03
   1.3650468e+00   1.9274833e+06   7.1545734e+02   0.0000000e+00   1.3086409e-01   7.3257562e+03
   1.3652960e+00   1.9032494e+06   7.0195791e+02   0.0000000e+00   1.3150838e-01   7.3244190e+03
   1.3655451e+00   1.9254944e+06   7.1724306e+02   0.0000000e+00   1.3170547e-01   7.3230829e+03
   1.3657942e+00   1.9287174e+06   7.2082408e+02   0.0000000e+00   1.3340730e-01   7.3217473e+03
   1.3660433e+00   1.9378688e+06   7.1104540e+02   0.0000000e+00   1.3123505e-01   7.3204122e+03
   1.3662923e+00   1.9264791e+06   7.0708364e+02   0.0000000e+00   1.3192916e-01   7.3190781e+03
   1.3665413e+00   1.9300918e+06   7.1799041e+02   0.0000000e+00   1.3348130e-01   7.3177444e+03
   1.3667903e+00   1.9398547e+06   7.1191276e+02   0.0000000e+00   1.3164719e-01   7.3164113e+03
   1.3670392e+00   1.9248524e+06   7.1439848e+02   0.0000000e+00   1.3180174e-01   7.3150792e+03
   1.3672880e+00   1.9332953e+06   7.2452739e+02   0.0000000e+00   1.3401648e-01   7.3137481e+03
   1.3675368e+00   1.9530313e+06   7.2817020e+02   0.0000000e+00   1.3495959e-01   7.3124175e+03
   1.3677856e+00   1.9591978e+06   7.2545271e+02   0.0000000e+00   1.3346814e-01   7.3110874e+03
   1.3680343e+00   1.9529509e+06   7.2606580e+02   0.0000000e+00   1.3373584e-01   7.3097582e+03
   1.3682830e+00   1.9400432e+06   7.2348967e+02   0.0000000e+00   1.3489650e-01   7.3084296e+03
   1.3685316e+00   1.8994949e+06   7.2064744e+02   0.0000000e+00   1.3634774e-01   7.3071020e+03
   1.3687802e+00   1.8880759e+06   7.1492979e+02   0.0000000e+00   1.3787972e-01   7.3057749e+03
   1.3690287e+00   1.9042286e+06   7.0637463e+02   0.0000000e+00   1.3487917e-01   7.3044488e+03
   1.3692772e+00   1.8815618e+06   7.0343993e+02   0.0000000e+00   1.3724036e-01   7.3031231e+03
   1.3695257e+00   1.8776224e+06   6.9735105e+02   0.0000000e+00   1.3785200e-01   7.3017980e+03
   1.3697741e+00   1.8756968e+06   6.9032683e+02   0.0000000e+00   1.3691620e-01   7.3004739e+03
   1.3700224e+00   1.8736496e+06   6.9577273e+02   0.0000000e+00   1.3893026e-01   7.2991507e+03
   1.3702707e+00   1.8783562e+06   7.4417038e+02   0.0000000e+00   1.3940971e-01   7.2978281e+03
   1.3705190e+00   1.8609303e+06   6.7946891e+02   0.0000000e+00   1.3928675e-01   7.2965059e+03
   1.3707672e+00   1.8749579e+06   6.8106976e+02   0.0000000e+00   1.3992512e-01   7.2951848e+03
   1.3710153e+00   1.8531484e+06   6.7168701e+02   0.0000000e+00   1.4039029e-01   7.2938646e+03
   1.3712635e+00   1.8406841e+06   6.6976916e+02   0.0000000e+00   1.4147183e-01   7.2925444e+03
   1.3715115e+00   1.8219339e+06   6.6345235e+02   0.0000000e+00   1.4290284e-01   7.2912258e+03
   1.3717595e+00   1.8021728e+06   6.5504497e+02   0.0000000e+00   1.4375567e-01   7.2899076e+03
   1.3720075e+00   1.8027538e+06   6.5111808e+02   0.0000000e+00   1.4327749e-01   7.2885899e+03
   1.3722554e+00   1.7739136e+06   6.4749229e+02   0.0000000e+00   1.4623198e-01   7.2872732e+03
   1.3725033e+00   1.7736267e+06   6.4178361e+02   0.0000000e+00   1.4528874e-01   7.2859570e+03
   1.3727511e+00   1.7455303e+06   6.2729463e+02   0.0000000e+00   1.4658420e-01   7.2846418e+03
   1.3729988e+00   1.7405436e+06   6.2943067e+02   0.0000000e+00   1.4835006e-01   7.2833276e+03
   1.3732466e+00   1.7217554e+06   6.1756380e+02   0.0000000e+00   1.4880359e-01   7.2820133e+03
   1.3734942e+00   1.6911078e+06   6.1442605e+02   0.0000000e+00   1.5003710e-01   7.2807006e+03
   1.3737418e+00   1.6731528e+06   6.0240794e+02   0.0000000e+00   1.5121122e-01   7.2793883e+03
   1.3739894e+00   1.6657649e+06   5.9518334e+02   0.0000000e+00   1.5254525e-01   7.2780765e+03
   1.3742369e+00   1.6497709e+06   5.9729197e+02   0.0000000e+00   1.5376985e-01   7.2767657e+03
   1.3744843e+00   1.6261247e+06   5.8823632e+02   0.0000000e+00   1.5903707e-01   7.2754560e+03
   1.3747317e+00   1.6190635e+06   5.8473941e+02   0.0000000e+00   1.5716095e-01   7.2741467e+03
   1.3749791e+00   1.5901348e+06   5.5476989e+02   0.0000000e+00   1.5949779e-01   7.2728378e+03
   1.3752264e+00   1.5943322e+06   5.5298591e+02   0.0000000e+00   1.6023609e-01   7.2715300e+03
   1.3754736e+00   1.5687756e+06   5.5251808e+02   0.0000000e+00   1.6196462e-01   7.2702231e+03
   1.3757208e+00   1.5653773e+06   5.4670573e+02   0.0000000e+00   1.6457610e-01   7.2689168e+03
   1.3759679e+00   1.5379705e+06   5.3716548e+02   0.0000000e+00   1.6459753e-01   7.2676114e+03
   1.3762150e+00   1.5042818e+06   5.3021290e+02   0.0000000e+00   1.6820228e-01   7.2663065e+03
   1.3764620e+00   1.5083494e+06   5.3161381e+02   0.0000000e+00   1.6891122e-01   7.2650026e+03
   1.3767090e+00   1.4975669e+06   5.2777367e+02   0.0000000e+00   1.7054036e-01   7.2636992e+03
   1.3769559e+00   1.4655124e+06   5.1866694e+02   0.0000000e+00   1.7112210e-01   7.2623967e+03
   1.3772028e+00   1.4490600e+06   5.0614599e+02   0.0000000e+00   1.7432229e-01   7.2610947e+03
   1.3774496e+00   1.4148126e+06   4.9256609e+02   0.0000000e+00   1.7700285e-01   7.2597938e+03
   1.3776963e+00   1.4125848e+06   4.9626116e+02   0.0000000e+00   1.7923457e-01   7.2584938e+03
   1.3779430e+00   1.3949903e+06   4.8788549e+02   0.0000000e+00   1.8126366e-01   7.2571942e+03
   1.3781897e+00   1.3522562e+06   4.6699325e+02   0.0000000e+00   1.8347405e-01   7.2558952e+03
   1.3784362e+00   1.3433292e+06   4.6696466e+02   0.0000000e+00   1.8803084e-01   7.2545976e+03
   1.3786828e+00   1.3244327e+06   4.5264130e+02   0.0000000e+00   1.8844394e-01   7.2533000e+03
   1.3789292e+00   1.3064726e+06   4.4955380e+02   0.0000000e+00   1.9240361e-01   7.2520039e+03
   1.3791756e+00   1.2957449e+06   4.4870375e+02   0.0000000e+00   1.9591984e-01   7.2507083e+03
   1.3794220e+00   1.2587438e+06   4.3693225e+02   0.0000000e+00   1.9907226e-01   7.2494132e+03
   1.3796683e+00   1.2449617e+06   4.3311465e+02   0.0000000e+00   2.0382604e-01   7.2481190e+03
   1.3799145e+00   1.2309914e+06   4.2651807e+02   0.0000000e+00   2.0670575e-01   7.2468258e+03
   1.3801607e+00   1.2095745e+06   4.1669906e+02   0.0000000e+00   2.0957182e-01   7.2455331e+03
   1.3804068e+00   1.2102000e+06   4.1697901e+02   0.0000000e+00   2.1168546e-01   7.2442413e+03
   1.3806528e+00   1.1778340e+06   4.0975494e+02   0.0000000e+00   2.1805264e-01   7.2429506e+03
   1.3808988e+00   1.1466039e+06   3.9246358e+02   0.0000000e+00   2.2155981e-01   7.2416603e+03
   1.3811448e+00   1.1341139e+06   3.8898852e+02   0.0000000e+00   2.2701678e-01   7.2403705e+03
   1.3813906e+00   1.1076579e+06   3.8897390e+02   0.0000000e+00   2.3406641e-01   7.2390821e+03
   1.3816364e+00   1.0912237e+06   4.2891342e+02   0.0000000e+00   2.3666470e-01   7.2377943e+03
   1.3818822e+00   1.0715057e+06   3.8656075e+02   0.0000000e+00   2.4198637e-01   7.2365068e+03
   1.3821279e+00   1.0365735e+06   3.5744121e+02   0.0000000e+00   2.4792121e-01   7.2352204e+03
   1.3823735e+00   1.0452982e+06   3.7640969e+02   0.0000000e+00   2.5020287e-01   7.2339350e+03
   1.3826191e+00   1.0086955e+06   3.6013185e+02   0.0000000e+00   2.5748667e-01   7.2326500e+03
   1.3828646e+00   9.7528386e+05   3.3730803e+02   0.0000000e+00   2.6575251e-01   7.2313660e+03
   1.3831100e+00   9.4915903e+05   3.2329600e+02   0.0000000e+00   2.7268773e-01   7.2300829e+03
   1.3833554e+00   9.0525304e+05   3.1268021e+02   0.0000000e+00   2.8125451e-01   7.2288004e+03
   1.3836007e+00   9.0024043e+05   3.0759005e+02   0.0000000e+00   2.8569241e-01   7.2275187e+03
   1.3838460e+00   8.7256453e+05   2.9925099e+02   0.0000000e+00   2.9572745e-01   7.2262376e+03
   1.3840912e+00   8.3137106e+05   2.8846807e+02   0.0000000e+00   3.0581379e-01   7.2249574e+03
   1.3843363e+00   8.2248268e+05   2.8480370e+02   0.0000000e+00   3.1336295e-01   7.2236782e+03
   1.3845813e+00   7.9884382e+05   2.7942392e+02   0.0000000e+00   3.2313332e-01   7.2224000e+03
   1.3848263e+00   7.8654504e+05   2.7134987e+02   0.0000000e+00   3.3164518e-01   7.2211222e+03
   1.3850713e+00   7.6865451e+05   2.6630910e+02   0.0000000e+00   3.4356152e-01   7.2198449e+03
   1.3853161e+00   7.4474167e+05   2.5780555e+02   0.0000000e+00   3.5483226e-01   7.2185691e+03
   1.3855610e+00   7.3202319e+05   2.5593609e+02   0.0000000e+00   3.6581595e-01   7.2172932e+03
   1.3858057e+00   6.9852571e+05   2.4227302e+02   0.0000000e+00   3.7708493e-01   7.2160188e+03
   1.3860504e+00   6.6593598e+05   2.3098784e+02   0.0000000e+00   3.9050359e-01   7.2147449e+03
   1.3862950e+00   6.4547265e+05   2.2513479e+02   0.0000000e+00   4.0464932e-01   7.2134719e+03
   1.3865395e+00   6.2882488e+05   2.2003976e+02   0.0000000e+00   4.1789938e-01   7.2121999e+03
   1.3867840e+00   6.1431837e+05   2.1648614e+02   0.0000000e+00   4.3149329e-01   7.2109283e+03
   1.3870284e+00   5.9527096e+05   2.0733433e+02   0.0000000e+00   4.4712457e-01   7.2096577e+03
   1.3872727e+00   5.6425081e+05   1.9814550e+02   0.0000000e+00   4.6531564e-01   7.2083881e+03
   1.3875170e+00   5.4748042e+05   1.9098748e+02   0.0000000e+00   4.8090385e-01   7.2071189e+03
   1.3877612e+00   5.3415828e+05   1.8528487e+02   0.0000000e+00   4.9571316e-01   7.2058507e+03
   1.3880053e+00   5.1443909e+05   1.7983321e+02   0.0000000e+00   5.1312687e-01   7.2045834e+03
   1.3882494e+00   5.0205848e+05   1.7631927e+02   0.0000000e+00   5.3371966e-01   7.2033166e+03
   1.3884934e+00   4.8209123e+05   1.6679312e+02   0.0000000e+00   5.5365980e-01   7.2020508e+03
   1.3887373e+00   4.7188226e+05   1.6529094e+02   0.0000000e+00   5.7046792e-01   7.2007859e+03
   1.3889812e+00   4.5727793e+05   1.5981087e+02   0.0000000e+00   5.8957060e-01   7.1995215e+03
   1.3892250e+00   4.3710450e+05   1.5391063e+02   0.0000000e+00   6.1349427e-01   7.1982580e+03
   1.3894687e+00   4.3055996e+05   1.5104605e+02   0.0000000e+00   6.3598772e-01   7.1969955e+03
   1.3897123e+00   4.1419224e+05   1.4330999e+02   0.0000000e+00   6.5673425e-01   7.1957340e+03
   1.3899559e+00   3.9939917e+05   1.4097716e+02   0.0000000e+00   6.7360465e-01   7.1944729e+03
   1.3901994e+00   3.8997736e+05   1.3733217e+02   0.0000000e+00   6.9512095e-01   7.1932127e+03
   1.3904429e+00   3.7547686e+05   1.3023268e+02   0.0000000e+00   7.2081341e-01   7.1919530e+03
   1.3906862e+00   3.6705110e+05   1.2971891e+02   0.0000000e+00   7.4373559e-01   7.1906948e+03
   1.3909295e+00   3.5692781e+05   1.2537449e+02   0.0000000e+00   7.6158206e-01   7.1894370e+03
   1.3911728e+00   3.4951017e+05   1.2260105e+02   0.0000000e+00   7.8104526e-01   7.1881796e+03
   1.3914159e+00   3.4577676e+05   1.1897648e+02   0.0000000e+00   8.0371735e-01   7.1869238e+03
   1.3916590e+00   3.3285955e+05   1.1510348e+02   0.0000000e+00   8.2818360e-01   7.1856683e+03
   1.3919020e+00   3.2673797e+05   1.1424530e+02   0.0000000e+00   8.4744091e-01   7.1844138e+03
   1.3921449e+00   3.2163453e+05   1.1353078e+02   0.0000000e+00   8.6398782e-01   7.1831603e+03
   1.3923878e+00   3.1832112e+05   1.0972453e+02   0.0000000e+00   8.8111798e-01   7.1819072e+03
   1.3926306e+00   3.1254118e+05   1.0654940e+02   0.0000000e+00   9.0352622e-01   7.1806551e+03
   1.3928733e+00   3.0493341e+05   1.0441888e+02   0.0000000e+00   9.1971984e-01   7.1794039e+03
   1.3931159e+00   3.0229643e+05   1.0375411e+02   0.0000000e+00   9.3097089e-01   7.1781537e+03
   1.3933585e+00   3.0157197e+05   1.0554367e+02   0.0000000e+00   9.4275679e-01   7.1769039e+03
   1.3936010e+00   2.9429267e+05   1.0298321e+02   0.0000000e+00   9.6090930e-01   7.1756550e+03
   1.3938434e+00   2.9227172e+05   1.0092071e+02   0.0000000e+00   9.7596175e-01   7.1744071e+03
   1.3940857e+00   2.8869175e+05   9.9361018e+01   0.0000000e+00   9.8369003e-01   7.1731602e+03
   1.3943280e+00   2.8651440e+05   1.0058915e+02   0.0000000e+00   9.9147140e-01   7.1719136e+03
   1.3945702e+00   2.8609988e+05   9.7561677e+01   0.0000000e+00   1.0028498e+00   7.1706681e+03
   1.3948123e+00   2.8268988e+05   9.6677862e+01   0.0000000e+00   1.0149568e+00   7.1694234e+03
   1.3950543e+00   2.8205567e+05   9.5481143e+01   0.0000000e+00   1.0207584e+00   7.1681798e+03
   1.3952963e+00   2.8056655e+05   9.5248067e+01   0.0000000e+00   1.0220146e+00   7.1669365e+03
   1.3955382e+00   2.8010610e+05   9.5442131e+01   0.0000000e+00   1.0251683e+00   7.1656942e+03
   1.3957800e+00   2.7673228e+05   9.4133136e+01   0.0000000e+00   1.0322541e+00   7.1644529e+03
   1.3960217e+00   2.8064846e+05   9.5812415e+01   0.0000000e+00   1.0367264e+00   7.1632124e+03
   1.3962634e+00   2.7816411e+05   9.4143787e+01   0.0000000e+00   1.0387823e+00   7.1619724e+03
   1.3965049e+00   2.8019489e+05   9.5025679e+01   0.0000000e+00   1.0336061e+00   7.1607339e+03
   1.3967464e+00   2.7996310e+05   9.5601352e+01   0.0000000e+00   1.0353229e+00   7.1594958e+03
   1.3969879e+00   2.7991195e+05   9.6625979e+01   0.0000000e+00   1.0374009e+00   7.1582581e+03
   1.3972292e+00   2.8351878e+05   9.7464625e+01   0.0000000e+00   1.0403682e+00   7.1570219e+03
   1.3974704e+00   2.8473123e+05   9.7141727e+01   0.0000000e+00   1.0347472e+00   7.1557866e+03
   1.3977116e+00   2.8623277e+05   9.9146562e+01   0.0000000e+00   1.0299142e+00   7.1545518e+03
   1.3979527e+00   2.8495909e+05   9.7697663e+01   0.0000000e+00   1.0330547e+00   7.1533178e+03
   1.3981937e+00   2.8232505e+05   9.6640612e+01   0.0000000e+00   1.0348036e+00   7.1520849e+03
   1.3984347e+00   2.8715946e+05   9.7727444e+01   0.0000000e+00   1.0270667e+00   7.1508523e+03
   1.3986755e+00   2.9158630e+05   9.9245183e+01   0.0000000e+00   1.0227325e+00   7.1496212e+03
   1.3989163e+00   2.9048849e+05   9.9489147e+01   0.0000000e+00   1.0178745e+00   7.1483905e+03
   1.3991570e+00   2.9261466e+05   9.8533140e+01   0.0000000e+00   1.0211700e+00   7.1471608e+03
   1.3993976e+00   2.9279425e+05   1.0014123e+02   0.0000000e+00   1.0179825e+00   7.1459319e+03
   1.3996381e+00   2.9790204e+05   1.0291579e+02   0.0000000e+00   1.0120179e+00   7.1447040e+03
   1.3998786e+00   3.0107270e+05   1.0306873e+02   0.0000000e+00   1.0048367e+00   7.1434766e+03
   1.4001190e+00   2.9733430e+05   1.0189520e+02   0.0000000e+00   1.0073578e+00   7.1422501e+03
   1.4003592e+00   3.0247523e+05   1.0269139e+02   0.0000000e+00   1.0015345e+00   7.1410250e+03
   1.4005994e+00   3.0633676e+05   1.0466974e+02   0.0000000e+00   9.9791907e-01   7.1398003e+03
   1.4008396e+00   3.0595836e+05   1.0446456e+02   0.0000000e+00   9.9224648e-01   7.1385760e+03
   1.4010796e+00   3.0973724e+05   1.0532190e+02   0.0000000e+00   9.8815879e-01   7.1373532e+03
   1.4013195e+00   3.0741934e+05   1.0487293e+02   0.0000000e+00   9.9063699e-01   7.1361313e+03
   1.4015594e+00   3.1292693e+05   1.0594981e+02   0.0000000e+00   9.8865821e-01   7.1349099e+03
   1.4017992e+00   3.1491997e+05   1.0652804e+02   0.0000000e+00   9.7965481e-01   7.1336893e+03
   1.4020389e+00   3.1448981e+05   1.0671642e+02   0.0000000e+00   9.7551171e-01   7.1324697e+03
   1.4022785e+00   3.1763641e+05   1.0821787e+02   0.0000000e+00   9.7699528e-01   7.1312510e+03
   1.4025180e+00   3.1711426e+05   1.0697452e+02   0.0000000e+00   9.7675999e-01   7.1300333e+03
   1.4027574e+00   3.1770751e+05   1.0776978e+02   0.0000000e+00   9.7197214e-01   7.1288164e+03
   1.4029968e+00   3.2208926e+05   1.0915374e+02   0.0000000e+00   9.6756592e-01   7.1276000e+03
   1.4032361e+00   3.2145881e+05   1.0876991e+02   0.0000000e+00   9.6549565e-01   7.1263845e+03
   1.4034753e+00   3.2126937e+05   1.1000456e+02   0.0000000e+00   9.6685009e-01   7.1251699e+03
   1.4037143e+00   3.2248866e+05   1.0928849e+02   0.0000000e+00   9.6563018e-01   7.1239568e+03
   1.4039534e+00   3.2647567e+05   1.1010743e+02   0.0000000e+00   9.6096759e-01   7.1227435e+03
   1.4041923e+00   3.2948995e+05   1.1406624e+02   0.0000000e+00   9.5719095e-01   7.1215317e+03
   1.4044311e+00   3.2632153e+05   1.1075697e+02   0.0000000e+00   9.6038052e-01   7.1203208e+03
   1.4046699e+00   3.2974483e+05   1.1118778e+02   0.0000000e+00   9.6205236e-01   7.1191103e+03
   1.4049085e+00   3.2923483e+05   1.1089383e+02   0.0000000e+00   9.5994037e-01   7.1179013e+03
   1.4051471e+00   3.2915620e+05   1.1113303e+02   0.0000000e+00   9.5613602e-01   7.1166926e+03
   1.4053856e+00   3.3278720e+05   1.1248261e+02   0.0000000e+00   9.5378029e-01   7.1154849e+03
   1.4056239e+00   3.2992604e+05   1.1271115e+02   0.0000000e+00   9.5479667e-01   7.1142786e+03
   1.4058622e+00   3.3019811e+05   1.1312910e+02   0.0000000e+00   9.5574960e-01   7.1130727e+03
   1.4061005e+00   3.3595362e+05   1.1359597e+02   0.0000000e+00   9.5106539e-01   7.1118672e+03
   1.4063386e+00   3.3694334e+05   1.1502431e+02   0.0000000e+00   9.5035343e-01   7.1106631e+03
   1.4065766e+00   3.3588492e+05   1.1472514e+02   0.0000000e+00   9.5429384e-01   7.1094599e+03
   1.4068146e+00   3.3754860e+05   1.1446566e+02   0.0000000e+00   9.5679016e-01   7.1082572e+03
   1.4070524e+00   3.4032156e+05   1.1590290e+02   0.0000000e+00   9.5062192e-01   7.1070559e+03
   1.4072902e+00   3.4427411e+05   1.1967822e+02   0.0000000e+00   9.4607925e-01   7.1058549e+03
   1.4075278e+00   3.4198869e+05   1.1667938e+02   0.0000000e+00   9.4875588e-01   7.1046554e+03
   1.4077654e+00   3.4477573e+05   1.1811582e+02   0.0000000e+00   9.5334305e-01   7.1034563e+03
   1.4080029e+00   3.4763996e+05   1.1790013e+02   0.0000000e+00   9.5353864e-01   7.1022581e+03
   1.4082403e+00   3.4625111e+05   1.1732549e+02   0.0000000e+00   9.4993127e-01   7.1010608e+03
   1.4084776e+00   3.4910216e+05   1.1909433e+02   0.0000000e+00   9.4893132e-01   7.0998644e+03
   1.4087148e+00   3.5241475e+05   1.1936102e+02   0.0000000e+00   9.5123217e-01   7.0986689e+03
   1.4089519e+00   3.5409337e+05   1.1980580e+02   0.0000000e+00   9.5367520e-01   7.0974744e+03
   1.4091889e+00   3.5583734e+05   1.2059855e+02   0.0000000e+00   9.4924036e-01   7.0962807e+03
   1.4094258e+00   3.5740935e+05   1.2102391e+02   0.0000000e+00   9.4621274e-01   7.0950879e+03
   1.4096627e+00   3.5849584e+05   1.2166412e+02   0.0000000e+00   9.4958256e-01   7.0938956e+03
   1.4098994e+00   3.5511424e+05   1.2073293e+02   0.0000000e+00   9.5542663e-01   7.0927046e+03
   1.4101361e+00   3.5735342e+05   1.2084018e+02   0.0000000e+00   9.5386159e-01   7.0915141e+03
   1.4103726e+00   3.6567473e+05   1.2307310e+02   0.0000000e+00   9.4987471e-01   7.0903249e+03
   1.4106091e+00   3.6289333e+05   1.2292644e+02   0.0000000e+00   9.4760717e-01   7.0891362e+03
   1.4108454e+00   3.6306350e+05   1.2328277e+02   0.0000000e+00   9.5192652e-01   7.0879488e+03
   1.4110817e+00   3.6848976e+05   1.2486317e+02   0.0000000e+00   9.5266314e-01   7.0867619e+03
   1.4113179e+00   3.6612110e+05   1.2670777e+02   0.0000000e+00   9.4989247e-01   7.0855758e+03
   1.4115539e+00   3.6931126e+05   1.2655531e+02   0.0000000e+00   9.4864268e-01   7.0843912e+03
   1.4117899e+00   3.7259485e+05   1.2549514e+02   0.0000000e+00   9.5117973e-01   7.0832069e+03
   1.4120258e+00   3.6938523e+05   1.2479743e+02   0.0000000e+00   9.5474982e-01   7.0820236e+03
   1.4122616e+00   3.7212763e+05   1.2712640e+02   0.0000000e+00   9.5323146e-01   7.0808411e+03
   1.4124972e+00   3.7134754e+05   1.2633682e+02   0.0000000e+00   9.4907629e-01   7.0796601e+03
   1.4127328e+00   3.7691100e+05   1.2751092e+02   0.0000000e+00   9.4761741e-01   7.0784794e+03
   1.4129683e+00   3.7886617e+05   1.2749454e+02   0.0000000e+00   9.5079043e-01   7.0772996e+03
   1.4132037e+00   3.7587811e+05   1.2666369e+02   0.0000000e+00   9.5326407e-01   7.0761207e+03
   1.4134390e+00   3.7916820e+05   1.2764856e+02   0.0000000e+00   9.5000906e-01   7.0749427e+03
   1.4136742e+00   3.8057527e+05   1.2842088e+02   0.0000000e+00   9.4733619e-01   7.0737657e+03
   1.4139093e+00   3.8016006e+05   1.2921134e+02   0.0000000e+00   9.4770829e-01   7.0725895e+03
   1.4141443e+00   3.8626121e+05   1.3088985e+02   0.0000000e+00   9.5052264e-01   7.0714141e+03
   1.4143792e+00   3.8453842e+05   1.3064442e+02   0.0000000e+00   9.4927534e-01   7.0702397e+03
   1.4146140e+00   3.8314696e+05   1.3133337e+02   0.0000000e+00   9.4568528e-01   7.0690662e+03
   1.4148487e+00   3.8785973e+05   1.3325773e+02   0.0000000e+00   9.4503931e-01   7.0678935e+03
   1.4150833e+00   3.8854588e+05   1.3242893e+02   0.0000000e+00   9.4559393e-01   7.0667218e+03
   1.4153178e+00   3.9197998e+05   1.3236966e+02   0.0000000e+00   9.4727820e-01   7.0655509e+03
   1.4155521e+00   3.9145195e+05   1.3202111e+02   0.0000000e+00   9.4442405e-01   7.0643815e+03
   1.4157864e+00   3.9490218e+05   1.3332602e+02   0.0000000e+00   9.3994086e-01   7.0632124e+03
   1.4160206e+00   3.9844154e+05   1.3597868e+02   0.0000000e+00   9.3720894e-01   7.0620442e+03
   1.4162547e+00   3.9678907e+05   1.3346475e+02   0.0000000e+00   9.4208251e-01   7.0608768e+03
   1.4164887e+00   4.0017430e+05   1.3578327e+02   0.0000000e+00   9.4521170e-01   7.0597104e+03
   1.4167226e+00   4.0152136e+05   1.3642781e+02   0.0000000e+00   9.3706645e-01   7.0585448e+03
   1.4169564e+00   4.0782794e+05   1.3671334e+02   0.0000000e+00   9.3498681e-01   7.0573802e+03
   1.4171900e+00   4.0926777e+05   1.3910099e+02   0.0000000e+00   9.3884845e-01   7.0562169e+03
   1.4174236e+00   4.1021295e+05   1.3879490e+02   0.0000000e+00   9.3886942e-01   7.0550540e+03
   1.4176571e+00   4.1661055e+05   1.4077080e+02   0.0000000e+00   9.3460916e-01   7.0538919e+03
   1.4178904e+00   4.1713113e+05   1.4152360e+02   0.0000000e+00   9.3231032e-01   7.0527313e+03
   1.4181237e+00   4.2212407e+05   1.4171364e+02   0.0000000e+00   9.3185425e-01   7.0515710e+03
   1.4183569e+00   4.2021865e+05   1.4091530e+02   0.0000000e+00   9.3229350e-01   7.0504116e+03
   1.4185899e+00   4.2636980e+05   1.4388459e+02   0.0000000e+00   9.3138673e-01   7.0492536e+03
   1.4188229e+00   4.2889361e+05   1.4368521e+02   0.0000000e+00   9.2811539e-01   7.0480960e+03
   1.4190557e+00   4.3329098e+05   1.4545309e+02   0.0000000e+00   9.2484521e-01   7.0469397e+03
   1.4192884e+00   4.2997831e+05   1.4611646e+02   0.0000000e+00   9.2848085e-01   7.0457844e+03
   1.4195211e+00   4.3460475e+05   1.4700528e+02   0.0000000e+00   9.2948750e-01   7.0446293e+03
   1.4197536e+00   4.4258719e+05   1.4928406e+02   0.0000000e+00   9.2402794e-01   7.0434757e+03
   1.4199860e+00   4.3974904e+05   1.5089827e+02   0.0000000e+00   9.2091906e-01   7.0423230e+03
   1.4202183e+00   4.4389034e+05   1.5140350e+02   0.0000000e+00   9.1907744e-01   7.0411711e+03
   1.4204505e+00   4.5006369e+05   1.5581680e+02   0.0000000e+00   9.2015834e-01   7.0400200e+03
   1.4206826e+00   4.5203821e+05   1.5433488e+02   0.0000000e+00   9.2050726e-01   7.0388699e+03
   1.4209146e+00   4.6052514e+05   1.5585697e+02   0.0000000e+00   9.1449638e-01   7.0377206e+03
   1.4211465e+00   4.6102351e+05   1.5533357e+02   0.0000000e+00   9.1405721e-01   7.0365722e+03
   1.4213782e+00   4.6026288e+05   1.5658757e+02   0.0000000e+00   9.1757481e-01   7.0354252e+03
   1.4216099e+00   4.6323349e+05   1.5687648e+02   0.0000000e+00   9.1764687e-01   7.0342785e+03
   1.4218415e+00   4.6577554e+05   1.5682451e+02   0.0000000e+00   9.1304182e-01   7.0331327e+03
   1.4220729e+00   4.7072490e+05   1.5791716e+02   0.0000000e+00   9.0808250e-01   7.0319883e+03
   1.4223042e+00   4.6895009e+05   1.5917560e+02   0.0000000e+00   9.0906708e-01   7.0308447e+03
   1.4225355e+00   4.6931765e+05   1.5760533e+02   0.0000000e+00   9.1247883e-01   7.0297015e+03
   1.4227666e+00   4.7118267e+05   1.5991691e+02   0.0000000e+00   9.1300458e-01   7.0285597e+03
   1.4229976e+00   4.7655533e+05   1.6152490e+02   0.0000000e+00   9.0860010e-01   7.0274187e+03
   1.4232285e+00   4.8234162e+05   1.6234431e+02   0.0000000e+00   9.0380591e-01   7.0262786e+03
   1.4234593e+00   4.8880039e+05   1.6582518e+02   0.0000000e+00   9.0624361e-01   7.0251394e+03
   1.4236899e+00   4.8895654e+05   1.6393124e+02   0.0000000e+00   9.1075802e-01   7.0240015e+03
   1.4239205e+00   4.9370772e+05   1.6543992e+02   0.0000000e+00   9.0771037e-01   7.0228640e+03
   1.4241510e+00   4.9793557e+05   1.6769639e+02   0.0000000e+00   9.0295446e-01   7.0217273e+03
   1.4243813e+00   4.9877730e+05   1.6788184e+02   0.0000000e+00   9.0007135e-01   7.0205920e+03
   1.4246115e+00   4.9823857e+05   1.6719574e+02   0.0000000e+00   9.0228203e-01   7.0194576e+03
   1.4248416e+00   4.9599657e+05   1.6735018e+02   0.0000000e+00   9.0443602e-01   7.0183240e+03
   1.4250716e+00   5.0386523e+05   1.6918648e+02   0.0000000e+00   8.9695292e-01   7.0171913e+03
   1.4253015e+00   5.1137836e+05   1.7397086e+02   0.0000000e+00   8.9347459e-01   7.0160594e+03
   1.4255313e+00   5.1150740e+05   1.7182151e+02   0.0000000e+00   8.9711989e-01   7.0149284e+03
   1.4257609e+00   5.1647990e+05   1.7454370e+02   0.0000000e+00   8.9850771e-01   7.0137987e+03
   1.4259905e+00   5.1999126e+05   1.7467700e+02   0.0000000e+00   8.9798910e-01   7.0126694e+03
   1.4262199e+00   5.2178317e+05   1.7607901e+02   0.0000000e+00   8.9231484e-01   7.0115415e+03
   1.4264492e+00   5.2860727e+05   1.8112637e+02   0.0000000e+00   8.9303098e-01   7.0104144e+03
   1.4266784e+00   5.3043396e+05   1.7883029e+02   0.0000000e+00   8.9188614e-01   7.0092881e+03
   1.4269075e+00   5.3493357e+05   1.8066254e+02   0.0000000e+00   8.9451986e-01   7.0081628e+03
   1.4271365e+00   5.3680113e+05   1.8555945e+02   0.0000000e+00   8.9151135e-01   7.0070382e+03
   1.4273654e+00   5.4207267e+05   1.8198372e+02   0.0000000e+00   8.8799823e-01   7.0059145e+03
   1.4275941e+00   5.4928003e+05   1.8423656e+02   0.0000000e+00   8.8599064e-01   7.0047922e+03
   1.4278227e+00   5.4938637e+05   1.8507811e+02   0.0000000e+00   8.9129062e-01   7.0036707e+03
   1.4280512e+00   5.5690301e+05   1.8702367e+02   0.0000000e+00   8.8822713e-01   7.0025500e+03
   1.4282796e+00   5.6222911e+05   1.9152141e+02   0.0000000e+00   8.8273643e-01   7.0014303e+03
   1.4285079e+00   5.6646481e+05   1.9085115e+02   0.0000000e+00   8.8115936e-01   7.0003113e+03
   1.4287360e+00   5.7349049e+05   1.9294051e+02   0.0000000e+00   8.8111989e-01   6.9991937e+03
   1.4289641e+00   5.7246353e+05   1.9434991e+02   0.0000000e+00   8.8085163e-01   6.9980764e+03
   1.4291920e+00   5.8422112e+05   1.9601011e+02   0.0000000e+00   8.7710896e-01   6.9969605e+03
   1.4294198e+00   5.8947234e+05   1.9767253e+02   0.0000000e+00   8.7315790e-01   6.9958454e+03
   1.4296475e+00   5.9184831e+05   1.9892490e+02   0.0000000e+00   8.7656279e-01   6.9947312e+03
   1.4298750e+00   5.9650322e+05   2.0097825e+02   0.0000000e+00   8.7858919e-01   6.9936183e+03
   1.4301025e+00   6.0103003e+05   2.0184347e+02   0.0000000e+00   8.7780475e-01   6.9925058e+03
   1.4303298e+00   6.0379855e+05   2.0258374e+02   0.0000000e+00   8.7341492e-01   6.9913946e+03
   1.4305570e+00   6.0926290e+05   2.0480294e+02   0.0000000e+00   8.6974945e-01   6.9902842e+03
   1.4307841e+00   6.1072693e+05   2.0628990e+02   0.0000000e+00   8.7430319e-01   6.9891747e+03
   1.4310111e+00   6.1818361e+05   2.0839299e+02   0.0000000e+00   8.7359527e-01   6.9880660e+03
   1.4312379e+00   6.3102937e+05   2.1098419e+02   0.0000000e+00   8.6973692e-01   6.9869586e+03
   1.4314646e+00   6.3384086e+05   2.1275567e+02   0.0000000e+00   8.6634708e-01   6.9858521e+03
   1.4316912e+00   6.4212440e+05   2.1528425e+02   0.0000000e+00   8.6934311e-01   6.9847464e+03
   1.4319177e+00   6.4048479e+05   2.1531092e+02   0.0000000e+00   8.7241822e-01   6.9836416e+03
   1.4321441e+00   6.4242895e+05   2.1723099e+02   0.0000000e+00   8.7575789e-01   6.9825376e+03
   1.4323703e+00   6.6070832e+05   2.2223803e+02   0.0000000e+00   8.7741467e-01   6.9814349e+03
   1.4325964e+00   6.6442062e+05   2.2622928e+02   0.0000000e+00   8.8180981e-01   6.9803331e+03
   1.4328224e+00   6.6861567e+05   2.2607669e+02   0.0000000e+00   8.9772024e-01   6.9792320e+03
   1.4330483e+00   6.4909724e+05   2.2439585e+02   0.0000000e+00   9.2610769e-01   6.9781319e+03
   1.4332740e+00   6.6620032e+05   2.4788936e+02   0.0000000e+00   9.5672367e-01   6.9770330e+03
