   1.4744400e+00   0.0000000e+00   0.0000000e+00   0.0000000e+00   0.0000000e+00
   1.4747000e+00   0.0000000e+00   0.0000000e+00   0.0000000e+00   0.0000000e+00
   1.4749600e+00   0.0000000e+00   0.0000000e+00   0.0000000e+00   0.0000000e+00
   1.4752200e+00   0.0000000e+00   0.0000000e+00   0.0000000e+00   0.0000000e+00
   1.4754800e+00   0.0000000e+00   0.0000000e+00   0.0000000e+00   0.0000000e+00
   1.4757400e+00   0.0000000e+00   0.0000000e+00   0.0000000e+00   0.0000000e+00
   1.4760000e+00   0.0000000e+00   0.0000000e+00   0.0000000e+00   0.0000000e+00
   1.4762600e+00   0.0000000e+00   0.0000000e+00   0.0000000e+00   0.0000000e+00
   1.4765200e+00   0.0000000e+00   0.0000000e+00   0.0000000e+00   0.0000000e+00
   1.4767800e+00   0.0000000e+00   0.0000000e+00   0.0000000e+00   0.0000000e+00
   1.4770400e+00   0.0000000e+00   0.0000000e+00   0.0000000e+00   0.0000000e+00
   1.4773100e+00   0.0000000e+00   0.0000000e+00   0.0000000e+00   0.0000000e+00
   1.4775700e+00   0.0000000e+00   0.0000000e+00   0.0000000e+00   0.0000000e+00
   1.4778300e+00   0.0000000e+00   0.0000000e+00   0.0000000e+00   0.0000000e+00
   1.4780900e+00   0.0000000e+00   0.0000000e+00   0.0000000e+00   0.0000000e+00
   1.4783500e+00   0.0000000e+00   0.0000000e+00   0.0000000e+00   0.0000000e+00
   1.4786100e+00   0.0000000e+00   0.0000000e+00   0.0000000e+00   0.0000000e+00
   1.4788800e+00   0.0000000e+00   0.0000000e+00   0.0000000e+00   0.0000000e+00
   1.4791400e+00   0.0000000e+00   0.0000000e+00   0.0000000e+00   0.0000000e+00
   1.4794000e+00   0.0000000e+00   0.0000000e+00   0.0000000e+00   0.0000000e+00
   1.4796600e+00   0.0000000e+00   0.0000000e+00   0.0000000e+00   0.0000000e+00
   1.4799300e+00   0.0000000e+00   0.0000000e+00   0.0000000e+00   0.0000000e+00
   1.4801900e+00   0.0000000e+00   0.0000000e+00   0.0000000e+00   0.0000000e+00
   1.4804500e+00   0.0000000e+00   0.0000000e+00   0.0000000e+00   0.0000000e+00
   1.4807200e+00   5.7866822e+04   2.5619629e+01   0.0000000e+00   4.4923538e-01
   1.4809800e+00   5.7282066e+04   2.6007233e+01   0.0000000e+00   4.6008171e-01
   1.4812400e+00   5.5163017e+04   2.5363329e+01   0.0000000e+00   4.7285421e-01
   1.4815100e+00   5.6342977e+04   2.5082191e+01   0.0000000e+00   4.7536128e-01
   1.4817700e+00   5.5980145e+04   2.4923304e+01   0.0000000e+00   4.8153364e-01
   1.4820300e+00   5.5919176e+04   2.4857755e+01   0.0000000e+00   4.8996996e-01
   1.4823000e+00   5.6666949e+04   2.4438095e+01   0.0000000e+00   4.9621909e-01
   1.4825600e+00   5.6689135e+04   2.5068894e+01   0.0000000e+00   5.1130710e-01
   1.4828300e+00   5.8717613e+04   2.5974302e+01   0.0000000e+00   5.1784029e-01
   1.4830900e+00   6.0605474e+04   2.6753996e+01   0.0000000e+00   5.3210037e-01
   1.4833500e+00   6.3109189e+04   2.7302075e+01   0.0000000e+00   5.3897620e-01
   1.4836200e+00   6.2784104e+04   2.6820697e+01   0.0000000e+00   5.4821862e-01
   1.4838800e+00   5.9469852e+04   2.5819830e+01   0.0000000e+00   5.5874818e-01
   1.4841500e+00   5.6917695e+04   2.4757552e+01   0.0000000e+00   5.6743363e-01
   1.4844100e+00   5.7089300e+04   2.4852481e+01   0.0000000e+00   5.7849263e-01
   1.4846800e+00   5.6571955e+04   2.4679643e+01   0.0000000e+00   5.9175713e-01
   1.4849400e+00   5.6982723e+04   2.5631732e+01   0.0000000e+00   5.9767956e-01
   1.4852100e+00   5.8325281e+04   2.6976679e+01   0.0000000e+00   6.0834839e-01
   1.4854700e+00   5.9037887e+04   2.8493384e+01   0.0000000e+00   6.1962407e-01
   1.4857400e+00   5.6721186e+04   2.7696437e+01   0.0000000e+00   6.3257291e-01
   1.4860100e+00   6.0287761e+04   3.1124222e+01   0.0000000e+00   6.4199109e-01
   1.4862700e+00   6.1472803e+04   2.7561608e+01   0.0000000e+00   6.5527991e-01
   1.4865400e+00   6.1898092e+04   2.8874936e+01   0.0000000e+00   6.6331567e-01
   1.4868000e+00   6.1197893e+04   2.7082725e+01   0.0000000e+00   6.7481342e-01
   1.4870700e+00   6.0721492e+04   2.5040600e+01   0.0000000e+00   6.8238678e-01
   1.4873400e+00   6.1915697e+04   3.1243695e+01   0.0000000e+00   6.9700280e-01
   1.4876000e+00   6.1046735e+04   2.9889405e+01   0.0000000e+00   7.0552352e-01
   1.4878700e+00   6.1116064e+04   2.5457140e+01   0.0000000e+00   7.2026489e-01
   1.4881400e+00   6.2923922e+04   2.7853625e+01   0.0000000e+00   7.3108002e-01
   1.4884000e+00   6.8786896e+04   2.8822419e+01   0.0000000e+00   7.4252175e-01
   1.4886700e+00   7.5265426e+04   2.9900719e+01   0.0000000e+00   7.5244646e-01
   1.4889400e+00   7.4444705e+04   3.1178546e+01   0.0000000e+00   7.6192704e-01
   1.4892000e+00   6.9354842e+04   2.8597105e+01   0.0000000e+00   7.7640704e-01
   1.4894700e+00   6.4074127e+04   2.6257566e+01   0.0000000e+00   7.8625805e-01
   1.4897400e+00   6.0294377e+04   2.4195734e+01   0.0000000e+00   7.9912838e-01
   1.4900100e+00   5.8539901e+04   2.2795584e+01   0.0000000e+00   8.1111640e-01
   1.4902700e+00   6.0010720e+04   2.3962099e+01   0.0000000e+00   8.2051235e-01
   1.4905400e+00   6.2194698e+04   2.4479736e+01   0.0000000e+00   8.2967628e-01
   1.4908100e+00   6.2883919e+04   2.6081022e+01   0.0000000e+00   8.3983103e-01
   1.4910800e+00   6.2053284e+04   2.5375418e+01   0.0000000e+00   8.5063694e-01
   1.4913500e+00   6.1027689e+04   2.3328819e+01   0.0000000e+00   8.6186606e-01
   1.4916200e+00   6.0693404e+04   2.6338377e+01   0.0000000e+00   8.7195003e-01
   1.4918800e+00   5.9194611e+04   2.2727024e+01   0.0000000e+00   8.8288107e-01
   1.4921500e+00   5.8368203e+04   2.2454662e+01   0.0000000e+00   8.9200297e-01
   1.4924200e+00   6.0376886e+04   2.3444039e+01   0.0000000e+00   9.0062975e-01
   1.4926900e+00   6.2247551e+04   2.4873139e+01   0.0000000e+00   9.0864461e-01
   1.4929600e+00   6.4028961e+04   2.3696064e+01   0.0000000e+00   9.2096136e-01
   1.4932300e+00   6.4553895e+04   2.4750925e+01   0.0000000e+00   9.3173126e-01
   1.4935000e+00   6.4999564e+04   2.4336890e+01   0.0000000e+00   9.4481303e-01
   1.4937700e+00   6.3295353e+04   2.3090899e+01   0.0000000e+00   9.5009829e-01
   1.4940400e+00   6.1023445e+04   2.5131871e+01   0.0000000e+00   9.5772265e-01
   1.4943100e+00   6.0939315e+04   2.2979683e+01   0.0000000e+00   9.6385055e-01
   1.4945700e+00   5.9068704e+04   2.2025376e+01   0.0000000e+00   9.7350458e-01
   1.4948400e+00   5.9810328e+04   2.1760879e+01   0.0000000e+00   9.8134412e-01
   1.4951100e+00   6.0339926e+04   2.2649684e+01   0.0000000e+00   9.9145880e-01
   1.4953800e+00   6.1253661e+04   2.2324832e+01   0.0000000e+00   9.9895643e-01
   1.4956600e+00   6.0004257e+04   2.2102708e+01   0.0000000e+00   1.0047051e+00
   1.4959300e+00   6.1111742e+04   2.2405890e+01   0.0000000e+00   1.0115920e+00
   1.4962000e+00   6.1150914e+04   2.3324590e+01   0.0000000e+00   1.0152237e+00
   1.4964700e+00   6.1925929e+04   2.2557959e+01   0.0000000e+00   1.0208437e+00
   1.4967400e+00   6.2442660e+04   2.2744747e+01   0.0000000e+00   1.0269686e+00
   1.4970100e+00   6.1512704e+04   2.2452481e+01   0.0000000e+00   1.0356472e+00
   1.4972800e+00   6.2701317e+04   2.2917946e+01   0.0000000e+00   1.0423793e+00
   1.4975500e+00   6.1183860e+04   2.2111213e+01   0.0000000e+00   1.0458158e+00
   1.4978200e+00   6.2568475e+04   2.2782229e+01   0.0000000e+00   1.0476696e+00
   1.4980900e+00   6.3371086e+04   2.4481223e+01   0.0000000e+00   1.0471081e+00
   1.4983600e+00   6.1551021e+04   2.2517761e+01   0.0000000e+00   1.0551119e+00
   1.4986400e+00   6.2276310e+04   2.2931981e+01   0.0000000e+00   1.0615491e+00
   1.4989100e+00   6.3016505e+04   2.2542125e+01   0.0000000e+00   1.0688181e+00
   1.4991800e+00   6.2427222e+04   2.3605217e+01   0.0000000e+00   1.0679013e+00
   1.4994500e+00   6.2038648e+04   2.2554194e+01   0.0000000e+00   1.0712741e+00
   1.4997200e+00   6.2807115e+04   2.3631361e+01   0.0000000e+00   1.0676863e+00
   1.5000000e+00   6.1659053e+04   2.2310528e+01   0.0000000e+00   1.0773358e+00
   1.5002700e+00   6.2471079e+04   2.5236849e+01   0.0000000e+00   1.0769093e+00
   1.5005400e+00   6.3138446e+04   2.2847025e+01   0.0000000e+00   1.0844923e+00
   1.5008100e+00   6.3449707e+04   2.3199264e+01   0.0000000e+00   1.0812200e+00
   1.5010900e+00   6.2968756e+04   2.2756011e+01   0.0000000e+00   1.0843409e+00
   1.5013600e+00   6.2524391e+04   2.2737269e+01   0.0000000e+00   1.0844996e+00
   1.5016300e+00   6.2758145e+04   2.3407827e+01   0.0000000e+00   1.0850528e+00
   1.5019000e+00   6.2107462e+04   2.2367918e+01   0.0000000e+00   1.0864544e+00
   1.5021800e+00   6.1570180e+04   2.2310415e+01   0.0000000e+00   1.0877057e+00
   1.5024500e+00   6.3289901e+04   2.3950128e+01   0.0000000e+00   1.0958994e+00
   1.5027200e+00   6.4018372e+04   2.3277434e+01   0.0000000e+00   1.0947258e+00
   1.5030000e+00   6.3637937e+04   2.3103517e+01   0.0000000e+00   1.0907356e+00
   1.5032700e+00   6.2734747e+04   2.2532164e+01   0.0000000e+00   1.0904186e+00
   1.5035400e+00   6.2403578e+04   2.2480108e+01   0.0000000e+00   1.0870377e+00
   1.5038200e+00   6.1135006e+04   2.2477830e+01   0.0000000e+00   1.0887090e+00
   1.5040900e+00   6.2347264e+04   2.2846612e+01   0.0000000e+00   1.0928164e+00
   1.5043700e+00   6.1711037e+04   2.2716540e+01   0.0000000e+00   1.0897150e+00
   1.5046400e+00   6.3776940e+04   2.2991340e+01   0.0000000e+00   1.0913374e+00
   1.5049200e+00   7.3614080e+04   2.6910631e+01   0.0000000e+00   1.0870065e+00
   1.5051900e+00   1.0852294e+05   4.0370613e+01   0.0000000e+00   1.0859516e+00
   1.5054600e+00   1.3536166e+05   4.8017533e+01   0.0000000e+00   1.0823336e+00
   1.5057400e+00   1.3146412e+05   4.5458190e+01   0.0000000e+00   1.0912888e+00
   1.5060100e+00   1.0706376e+05   3.9505988e+01   0.0000000e+00   1.0879782e+00
   1.5062900e+00   7.5479280e+04   2.7434122e+01   0.0000000e+00   1.0865235e+00
   1.5065600e+00   8.0545315e+04   2.8436228e+01   0.0000000e+00   1.0823939e+00
   1.5068400e+00   8.6506431e+04   3.0487940e+01   0.0000000e+00   1.0787409e+00
   1.5071100e+00   8.4782727e+04   3.0353033e+01   0.0000000e+00   1.0755545e+00
   1.5073900e+00   7.5010890e+04   2.7414244e+01   0.0000000e+00   1.0791125e+00
   1.5076700e+00   6.4991794e+04   2.3691423e+01   0.0000000e+00   1.0799722e+00
   1.5079400e+00   6.4326277e+04   2.3545333e+01   0.0000000e+00   1.0792636e+00
   1.5082200e+00   6.4526496e+04   2.3185402e+01   0.0000000e+00   1.0751396e+00
   1.5084900e+00   6.8554848e+04   2.4300310e+01   0.0000000e+00   1.0721214e+00
   1.5087700e+00   6.9344646e+04   2.4655980e+01   0.0000000e+00   1.0679831e+00
   1.5090500e+00   6.9721385e+04   2.4989024e+01   0.0000000e+00   1.0654306e+00
   1.5093200e+00   6.7918532e+04   2.4497829e+01   0.0000000e+00   1.0653917e+00
   1.5096000e+00   6.4932151e+04   2.3517932e+01   0.0000000e+00   1.0676652e+00
   1.5098700e+00   6.3529123e+04   2.2786530e+01   0.0000000e+00   1.0653381e+00
   1.5101500e+00   6.2502520e+04   2.2685757e+01   0.0000000e+00   1.0615610e+00
   1.5104300e+00   6.3765205e+04   2.3025134e+01   0.0000000e+00   1.0585279e+00
   1.5107000e+00   6.4640202e+04   2.3865317e+01   0.0000000e+00   1.0545461e+00
   1.5109800e+00   6.3603930e+04   2.2939257e+01   0.0000000e+00   1.0561562e+00
   1.5112600e+00   6.4200445e+04   2.3092921e+01   0.0000000e+00   1.0599806e+00
   1.5115400e+00   6.4982675e+04   2.3341895e+01   0.0000000e+00   1.0548761e+00
   1.5118100e+00   6.4226666e+04   2.2813984e+01   0.0000000e+00   1.0510805e+00
   1.5120900e+00   6.2594852e+04   2.2680320e+01   0.0000000e+00   1.0464868e+00
   1.5123700e+00   6.2315243e+04   2.2632372e+01   0.0000000e+00   1.0414862e+00
   1.5126500e+00   6.2386863e+04   2.2801392e+01   0.0000000e+00   1.0419322e+00
   1.5129200e+00   6.2122499e+04   2.2358383e+01   0.0000000e+00   1.0477176e+00
   1.5132000e+00   6.3304478e+04   2.2704822e+01   0.0000000e+00   1.0461535e+00
   1.5134800e+00   6.3017872e+04   2.2943523e+01   0.0000000e+00   1.0432892e+00
   1.5137600e+00   6.2282435e+04   2.2460719e+01   0.0000000e+00   1.0386746e+00
   1.5140400e+00   6.2629649e+04   2.2654389e+01   0.0000000e+00   1.0345186e+00
   1.5143200e+00   6.3476458e+04   2.3041782e+01   0.0000000e+00   1.0361151e+00
   1.5145900e+00   6.3300381e+04   2.2991186e+01   0.0000000e+00   1.0385802e+00
   1.5148700e+00   6.2093959e+04   2.2755266e+01   0.0000000e+00   1.0386114e+00
   1.5151500e+00   6.3862366e+04   2.3048576e+01   0.0000000e+00   1.0405210e+00
   1.5154300e+00   6.2849767e+04   2.2585501e+01   0.0000000e+00   1.0379455e+00
   1.5157100e+00   6.2673166e+04   2.2595164e+01   0.0000000e+00   1.0319060e+00
   1.5159900e+00   6.3503135e+04   2.2613634e+01   0.0000000e+00   1.0305515e+00
   1.5162700e+00   6.2466062e+04   2.2787198e+01   0.0000000e+00   1.0297815e+00
   1.5165500e+00   6.3378469e+04   2.2674828e+01   0.0000000e+00   1.0331403e+00
   1.5168300e+00   6.3485326e+04   2.2924200e+01   0.0000000e+00   1.0357049e+00
   1.5171100e+00   6.4159279e+04   2.3340478e+01   0.0000000e+00   1.0346102e+00
   1.5173900e+00   6.3708198e+04   2.2824462e+01   0.0000000e+00   1.0309433e+00
   1.5176700e+00   6.3694930e+04   2.2872177e+01   0.0000000e+00   1.0274773e+00
   1.5179500e+00   6.5188187e+04   2.3197355e+01   0.0000000e+00   1.0269951e+00
   1.5182300e+00   6.8049583e+04   2.4483036e+01   0.0000000e+00   1.0283776e+00
   1.5185100e+00   7.6482645e+04   2.6967262e+01   0.0000000e+00   1.0314445e+00
   1.5187900e+00   7.8328457e+04   2.7839777e+01   0.0000000e+00   1.0347843e+00
   1.5190700e+00   7.6596829e+04   2.7487764e+01   0.0000000e+00   1.0296057e+00
   1.5193500e+00   6.7776189e+04   2.4218318e+01   0.0000000e+00   1.0260785e+00
   1.5196300e+00   6.3363718e+04   2.2663378e+01   0.0000000e+00   1.0274134e+00
   1.5199100e+00   6.4602204e+04   2.3569333e+01   0.0000000e+00   1.0299102e+00
   1.5201900e+00   6.3910511e+04   2.3038088e+01   0.0000000e+00   1.0322725e+00
   1.5204700e+00   6.3102625e+04   2.2699236e+01   0.0000000e+00   1.0328843e+00
   1.5207500e+00   6.3516143e+04   2.2965794e+01   0.0000000e+00   1.0294205e+00
   1.5210300e+00   6.3425048e+04   2.2785255e+01   0.0000000e+00   1.0290996e+00
   1.5213200e+00   6.3604307e+04   2.3014634e+01   0.0000000e+00   1.0278771e+00
   1.5216000e+00   6.2803256e+04   2.2844119e+01   0.0000000e+00   1.0299216e+00
   1.5218800e+00   6.3169607e+04   2.3034041e+01   0.0000000e+00   1.0312837e+00
   1.5221600e+00   6.2937342e+04   2.2532033e+01   0.0000000e+00   1.0341108e+00
   1.5224400e+00   6.3178131e+04   2.2646893e+01   0.0000000e+00   1.0384594e+00
   1.5227200e+00   6.3657096e+04   2.3144269e+01   0.0000000e+00   1.0343186e+00
   1.5230100e+00   6.2939890e+04   2.3160137e+01   0.0000000e+00   1.0304757e+00
   1.5232900e+00   6.5115884e+04   2.3252839e+01   0.0000000e+00   1.0309540e+00
   1.5235700e+00   7.6686325e+04   2.8655103e+01   0.0000000e+00   1.0371700e+00
   1.5238500e+00   1.0683109e+05   3.7750432e+01   0.0000000e+00   1.0391872e+00
   1.5241400e+00   1.1300567e+05   3.9300088e+01   0.0000000e+00   1.0417145e+00
   1.5244200e+00   1.0495614e+05   3.7300647e+01   0.0000000e+00   1.0433390e+00
   1.5247000e+00   7.6395831e+04   2.8402451e+01   0.0000000e+00   1.0412255e+00
   1.5249800e+00   6.4455593e+04   2.3606147e+01   0.0000000e+00   1.0380329e+00
   1.5252700e+00   6.3307696e+04   2.2608545e+01   0.0000000e+00   1.0388959e+00
   1.5255500e+00   6.3094423e+04   2.2991759e+01   0.0000000e+00   1.0418861e+00
   1.5258300e+00   6.3146368e+04   2.3250060e+01   0.0000000e+00   1.0455138e+00
   1.5261200e+00   6.3571633e+04   2.3005194e+01   0.0000000e+00   1.0483194e+00
   1.5264000e+00   6.3746561e+04   2.3132017e+01   0.0000000e+00   1.0465727e+00
   1.5266800e+00   6.3082339e+04   2.3302807e+01   0.0000000e+00   1.0464324e+00
   1.5269700e+00   6.1590778e+04   2.2545722e+01   0.0000000e+00   1.0461705e+00
   1.5272500e+00   6.2276258e+04   2.2611021e+01   0.0000000e+00   1.0506912e+00
   1.5275400e+00   6.3541426e+04   2.3057143e+01   0.0000000e+00   1.0532390e+00
   1.5278200e+00   6.4763499e+04   2.3484862e+01   0.0000000e+00   1.0557308e+00
   1.5281000e+00   6.5675892e+04   2.4076532e+01   0.0000000e+00   1.0553073e+00
   1.5283900e+00   7.6423865e+04   2.7465777e+01   0.0000000e+00   1.0550064e+00
   1.5286700e+00   8.2884351e+04   2.9415983e+01   0.0000000e+00   1.0551267e+00
   1.5289600e+00   8.3046988e+04   2.9263175e+01   0.0000000e+00   1.0590733e+00
   1.5292400e+00   7.4977598e+04   2.7089282e+01   0.0000000e+00   1.0628597e+00
   1.5295300e+00   6.6749733e+04   2.4255764e+01   0.0000000e+00   1.0637974e+00
   1.5298100e+00   6.4909775e+04   2.3506801e+01   0.0000000e+00   1.0660509e+00
   1.5301000e+00   6.5229467e+04   2.3417896e+01   0.0000000e+00   1.0660422e+00
   1.5303800e+00   6.6257619e+04   2.3847085e+01   0.0000000e+00   1.0662910e+00
   1.5306700e+00   6.6159734e+04   2.4141225e+01   0.0000000e+00   1.0642347e+00
   1.5309500e+00   6.6606148e+04   2.4075659e+01   0.0000000e+00   1.0696852e+00
   1.5312400e+00   6.7819880e+04   2.4512884e+01   0.0000000e+00   1.0736548e+00
   1.5315200e+00   6.7635537e+04   2.4315064e+01   0.0000000e+00   1.0786970e+00
   1.5318100e+00   6.6855428e+04   2.3908800e+01   0.0000000e+00   1.0791529e+00
   1.5320900e+00   6.8407593e+04   2.4665833e+01   0.0000000e+00   1.0756641e+00
   1.5323800e+00   6.9335964e+04   2.4460790e+01   0.0000000e+00   1.0776356e+00
   1.5326700e+00   7.8993533e+04   2.8779038e+01   0.0000000e+00   1.0831425e+00
   1.5329500e+00   1.1362909e+05   4.0002464e+01   0.0000000e+00   1.0851742e+00
   1.5332400e+00   1.2447595e+05   4.3127773e+01   0.0000000e+00   1.0872809e+00
   1.5335300e+00   1.1539685e+05   4.0557396e+01   0.0000000e+00   1.0887059e+00
   1.5338100e+00   8.3242371e+04   3.0704897e+01   0.0000000e+00   1.0845949e+00
   1.5341000e+00   6.9141922e+04   2.4861816e+01   0.0000000e+00   1.0861594e+00
   1.5343800e+00   6.7584603e+04   2.4185950e+01   0.0000000e+00   1.0905332e+00
   1.5346700e+00   6.7076901e+04   2.4599066e+01   0.0000000e+00   1.0929596e+00
   1.5349600e+00   6.6611529e+04   2.4385878e+01   0.0000000e+00   1.0979982e+00
   1.5352500e+00   6.8057042e+04   2.4584092e+01   0.0000000e+00   1.0989830e+00
   1.5355300e+00   6.6001336e+04   2.4112626e+01   0.0000000e+00   1.0958977e+00
   1.5358200e+00   6.5397786e+04   2.3787448e+01   0.0000000e+00   1.0948652e+00
   1.5361100e+00   6.6808849e+04   2.4058973e+01   0.0000000e+00   1.0978156e+00
   1.5363900e+00   6.5827020e+04   2.3889972e+01   0.0000000e+00   1.1010013e+00
   1.5366800e+00   6.6110576e+04   2.3932404e+01   0.0000000e+00   1.1026812e+00
   1.5369700e+00   6.5192961e+04   2.3404566e+01   0.0000000e+00   1.1031340e+00
   1.5372600e+00   6.5862561e+04   2.4128614e+01   0.0000000e+00   1.1011100e+00
   1.5375500e+00   6.6356042e+04   2.4279759e+01   0.0000000e+00   1.1036903e+00
   1.5378300e+00   6.6746999e+04   2.4086083e+01   0.0000000e+00   1.1038244e+00
   1.5381200e+00   6.5739533e+04   2.3781515e+01   0.0000000e+00   1.1056549e+00
   1.5384100e+00   6.5221637e+04   2.3252828e+01   0.0000000e+00   1.1076118e+00
   1.5387000e+00   6.6377613e+04   2.3934919e+01   0.0000000e+00   1.1087546e+00
   1.5389900e+00   7.0362526e+04   2.5162503e+01   0.0000000e+00   1.1093588e+00
   1.5392800e+00   7.7974022e+04   2.7733447e+01   0.0000000e+00   1.1078004e+00
   1.5395600e+00   8.0274862e+04   2.8997656e+01   0.0000000e+00   1.1055016e+00
   1.5398500e+00   7.7976770e+04   2.7833271e+01   0.0000000e+00   1.1106270e+00
   1.5401400e+00   6.9587584e+04   2.5333832e+01   0.0000000e+00   1.1146911e+00
   1.5404300e+00   6.5663563e+04   2.3728553e+01   0.0000000e+00   1.1172670e+00
   1.5407200e+00   6.5777808e+04   2.3505544e+01   0.0000000e+00   1.1170717e+00
   1.5410100e+00   6.6460143e+04   2.4156670e+01   0.0000000e+00   1.1139779e+00
   1.5413000e+00   6.5330734e+04   2.3453802e+01   0.0000000e+00   1.1128261e+00
   1.5415900e+00   6.6308814e+04   2.3598815e+01   0.0000000e+00   1.1151471e+00
   1.5418800e+00   6.6686887e+04   2.3829957e+01   0.0000000e+00   1.1190657e+00
   1.5421700e+00   6.6159196e+04   2.3630100e+01   0.0000000e+00   1.1232387e+00
   1.5424600e+00   6.8230174e+04   2.4360417e+01   0.0000000e+00   1.1213303e+00
   1.5427500e+00   8.2105042e+04   3.0041995e+01   0.0000000e+00   1.1175337e+00
   1.5430400e+00   1.0148475e+05   3.5697027e+01   0.0000000e+00   1.1159272e+00
   1.5433300e+00   1.0322902e+05   3.6122812e+01   0.0000000e+00   1.1164756e+00
   1.5436200e+00   9.1852940e+04   3.2809719e+01   0.0000000e+00   1.1221701e+00
   1.5439100e+00   7.1691365e+04   2.5607328e+01   0.0000000e+00   1.1224497e+00
   1.5442000e+00   6.7654675e+04   2.4065923e+01   0.0000000e+00   1.1232147e+00
   1.5444900e+00   6.7170202e+04   2.3829078e+01   0.0000000e+00   1.1230798e+00
   1.5447800e+00   6.6710212e+04   2.3711146e+01   0.0000000e+00   1.1221799e+00
   1.5450700e+00   6.6671815e+04   2.3922858e+01   0.0000000e+00   1.1237060e+00
   1.5453600e+00   6.7319041e+04   2.4032679e+01   0.0000000e+00   1.1271556e+00
   1.5456500e+00   6.7637675e+04   2.4184904e+01   0.0000000e+00   1.1312095e+00
   1.5459500e+00   6.7500206e+04   2.4093403e+01   0.0000000e+00   1.1313717e+00
   1.5462400e+00   6.7110120e+04   2.3913496e+01   0.0000000e+00   1.1298853e+00
   1.5465300e+00   6.6966743e+04   2.4002523e+01   0.0000000e+00   1.1298970e+00
   1.5468200e+00   6.6314664e+04   2.3660194e+01   0.0000000e+00   1.1291014e+00
   1.5471100e+00   6.5901386e+04   2.3673469e+01   0.0000000e+00   1.1279907e+00
   1.5474000e+00   6.6291794e+04   2.3826911e+01   0.0000000e+00   1.1315228e+00
   1.5477000e+00   6.9074969e+04   2.4890973e+01   0.0000000e+00   1.1352950e+00
   1.5479900e+00   6.6975634e+04   2.4085270e+01   0.0000000e+00   1.1342164e+00
   1.5482800e+00   6.6530882e+04   2.3921587e+01   0.0000000e+00   1.1357980e+00
   1.5485700e+00   6.7646977e+04   2.4235544e+01   0.0000000e+00   1.1326721e+00
   1.5488600e+00   6.7415453e+04   2.4101472e+01   0.0000000e+00   1.1303255e+00
   1.5491600e+00   6.7631740e+04   2.4470288e+01   0.0000000e+00   1.1353230e+00
   1.5494500e+00   6.7758565e+04   2.4450119e+01   0.0000000e+00   1.1416060e+00
   1.5497400e+00   7.0431015e+04   2.5607575e+01   0.0000000e+00   1.1440045e+00
   1.5500300e+00   7.0917128e+04   2.5614665e+01   0.0000000e+00   1.1408224e+00
   1.5503300e+00   7.1692767e+04   2.5885816e+01   0.0000000e+00   1.1359497e+00
   1.5506200e+00   7.5449197e+04   2.6973277e+01   0.0000000e+00   1.1381861e+00
   1.5509100e+00   7.6924408e+04   2.7372915e+01   0.0000000e+00   1.1404533e+00
   1.5512100e+00   7.6196382e+04   2.6837086e+01   0.0000000e+00   1.1425449e+00
   1.5515000e+00   7.3010510e+04   2.6470337e+01   0.0000000e+00   1.1414221e+00
   1.5517900e+00   7.0207069e+04   2.5122337e+01   0.0000000e+00   1.1403473e+00
   1.5520900e+00   6.9981192e+04   2.6130702e+01   0.0000000e+00   1.1360961e+00
   1.5523800e+00   6.8969277e+04   2.4798825e+01   0.0000000e+00   1.1376170e+00
   1.5526700e+00   6.8313066e+04   2.4626222e+01   0.0000000e+00   1.1401920e+00
   1.5529700e+00   6.8612324e+04   2.4794845e+01   0.0000000e+00   1.1423081e+00
   1.5532600e+00   7.0411878e+04   2.5004324e+01   0.0000000e+00   1.1396821e+00
   1.5535600e+00   7.6054779e+04   2.7163410e+01   0.0000000e+00   1.1411645e+00
   1.5538500e+00   8.6365479e+04   3.0572540e+01   0.0000000e+00   1.1387217e+00
   1.5541400e+00   9.2455168e+04   3.2190724e+01   0.0000000e+00   1.1368371e+00
   1.5544400e+00   9.3361095e+04   3.3356240e+01   0.0000000e+00   1.1399786e+00
   1.5547300e+00   8.2750257e+04   2.9444950e+01   0.0000000e+00   1.1439050e+00
   1.5550300e+00   7.7202207e+04   2.7151920e+01   0.0000000e+00   1.1438746e+00
   1.5553200e+00   7.2471919e+04   2.5853813e+01   0.0000000e+00   1.1419175e+00
   1.5556200e+00   7.0140160e+04   2.4917058e+01   0.0000000e+00   1.1396547e+00
   1.5559100e+00   7.1028327e+04   2.5434576e+01   0.0000000e+00   1.1395030e+00
   1.5562100e+00   7.0813350e+04   2.5194687e+01   0.0000000e+00   1.1399613e+00
   1.5565000e+00   7.2748050e+04   2.5874612e+01   0.0000000e+00   1.1465421e+00
   1.5568000e+00   7.5490216e+04   2.7095461e+01   0.0000000e+00   1.1488944e+00
   1.5570900e+00   7.6675389e+04   2.6975995e+01   0.0000000e+00   1.1481237e+00
   1.5573900e+00   7.6125862e+04   2.7135189e+01   0.0000000e+00   1.1429792e+00
   1.5576800e+00   7.2827459e+04   2.5834854e+01   0.0000000e+00   1.1386091e+00
   1.5579800e+00   7.1859512e+04   2.5458397e+01   0.0000000e+00   1.1427447e+00
   1.5582800e+00   7.1923500e+04   2.5585942e+01   0.0000000e+00   1.1456893e+00
   1.5585700e+00   7.2461829e+04   2.5597144e+01   0.0000000e+00   1.1492173e+00
   1.5588700e+00   7.2966847e+04   2.6017673e+01   0.0000000e+00   1.1504203e+00
   1.5591600e+00   7.6227019e+04   2.7129860e+01   0.0000000e+00   1.1464816e+00
   1.5594600e+00   8.9741004e+04   3.1828676e+01   0.0000000e+00   1.1422059e+00
   1.5597600e+00   9.4295759e+04   3.3273988e+01   0.0000000e+00   1.1404134e+00
   1.5600500e+00   9.0866030e+04   3.1988001e+01   0.0000000e+00   1.1429861e+00
   1.5603500e+00   7.7885263e+04   2.7778951e+01   0.0000000e+00   1.1474508e+00
   1.5606500e+00   7.3740978e+04   2.6289468e+01   0.0000000e+00   1.1507327e+00
   1.5609400e+00   7.2307870e+04   2.5730294e+01   0.0000000e+00   1.1455391e+00
   1.5612400e+00   7.3335425e+04   2.6206692e+01   0.0000000e+00   1.1409418e+00
   1.5615400e+00   7.3218292e+04   2.6067145e+01   0.0000000e+00   1.1349630e+00
   1.5618300e+00   7.3785589e+04   2.6142387e+01   0.0000000e+00   1.1378642e+00
   1.5621300e+00   7.3927755e+04   2.6094441e+01   0.0000000e+00   1.1471696e+00
   1.5624300e+00   7.4998601e+04   2.6587732e+01   0.0000000e+00   1.1527890e+00
   1.5627200e+00   8.0468744e+04   2.8578817e+01   0.0000000e+00   1.1496143e+00
   1.5630200e+00   8.6607331e+04   3.0081456e+01   0.0000000e+00   1.1455039e+00
   1.5633200e+00   8.6371441e+04   3.0229791e+01   0.0000000e+00   1.1437927e+00
   1.5636200e+00   8.0658589e+04   2.8320804e+01   0.0000000e+00   1.1416846e+00
   1.5639200e+00   7.4777908e+04   2.6322274e+01   0.0000000e+00   1.1470480e+00
   1.5642100e+00   7.4595272e+04   2.6586895e+01   0.0000000e+00   1.1539549e+00
   1.5645100e+00   7.5450573e+04   2.6610297e+01   0.0000000e+00   1.1555681e+00
   1.5648100e+00   7.6868134e+04   2.7376519e+01   0.0000000e+00   1.1482063e+00
   1.5651100e+00   9.5967185e+04   3.4370900e+01   0.0000000e+00   1.1441563e+00
   1.5654100e+00   1.1096098e+05   3.8361333e+01   0.0000000e+00   1.1411899e+00
   1.5657000e+00   1.0996824e+05   3.8545243e+01   0.0000000e+00   1.1461274e+00
   1.5660000e+00   9.3061406e+04   3.2981477e+01   0.0000000e+00   1.1517929e+00
   1.5663000e+00   7.7956234e+04   2.7278863e+01   0.0000000e+00   1.1536041e+00
   1.5666000e+00   7.7370587e+04   2.7424081e+01   0.0000000e+00   1.1516155e+00
   1.5669000e+00   7.5690301e+04   2.7195375e+01   0.0000000e+00   1.1417915e+00
   1.5672000e+00   7.6131330e+04   2.7317769e+01   0.0000000e+00   1.1370864e+00
   1.5675000e+00   7.8123351e+04   2.7605929e+01   0.0000000e+00   1.1380717e+00
   1.5678000e+00   7.7233200e+04   2.7040474e+01   0.0000000e+00   1.1488809e+00
   1.5681000e+00   7.6923953e+04   2.7403848e+01   0.0000000e+00   1.1550869e+00
   1.5684000e+00   7.8085237e+04   2.7651691e+01   0.0000000e+00   1.1511173e+00
   1.5687000e+00   7.6985989e+04   2.7706208e+01   0.0000000e+00   1.1441956e+00
   1.5689900e+00   7.8323970e+04   2.7997100e+01   0.0000000e+00   1.1372897e+00
   1.5692900e+00   7.9212508e+04   2.7953646e+01   0.0000000e+00   1.1403315e+00
   1.5695900e+00   7.9903469e+04   2.8375714e+01   0.0000000e+00   1.1484078e+00
   1.5698900e+00   8.4667208e+04   3.0233630e+01   0.0000000e+00   1.1544745e+00
   1.5701900e+00   8.8656987e+04   3.1214891e+01   0.0000000e+00   1.1586479e+00
   1.5704900e+00   8.6958996e+04   3.0971709e+01   0.0000000e+00   1.1516906e+00
   1.5707900e+00   8.2612192e+04   2.8983976e+01   0.0000000e+00   1.1416390e+00
   1.5711000e+00   7.9339637e+04   2.7970073e+01   0.0000000e+00   1.1362151e+00
   1.5714000e+00   8.1109187e+04   2.8708416e+01   0.0000000e+00   1.1461959e+00
   1.5717000e+00   8.1576837e+04   2.8649514e+01   0.0000000e+00   1.1583079e+00
   1.5720000e+00   8.1588152e+04   2.8744544e+01   0.0000000e+00   1.1590404e+00
   1.5723000e+00   8.0665610e+04   2.8336376e+01   0.0000000e+00   1.1528991e+00
   1.5726000e+00   8.1462560e+04   2.9093949e+01   0.0000000e+00   1.1484890e+00
   1.5729000e+00   8.1017500e+04   2.8620680e+01   0.0000000e+00   1.1427688e+00
   1.5732000e+00   8.0751443e+04   2.8309305e+01   0.0000000e+00   1.1441810e+00
   1.5735000e+00   8.0837470e+04   2.8371645e+01   0.0000000e+00   1.1531917e+00
   1.5738000e+00   8.0026226e+04   2.8299078e+01   0.0000000e+00   1.1600872e+00
   1.5741000e+00   7.9950094e+04   2.8661759e+01   0.0000000e+00   1.1553827e+00
   1.5744100e+00   8.1707167e+04   2.9212029e+01   0.0000000e+00   1.1452212e+00
   1.5747100e+00   8.1718216e+04   2.9073191e+01   0.0000000e+00   1.1395537e+00
   1.5750100e+00   8.2933509e+04   2.9096283e+01   0.0000000e+00   1.1398055e+00
   1.5753100e+00   8.2144684e+04   2.8778180e+01   0.0000000e+00   1.1496158e+00
   1.5756100e+00   8.1588152e+04   2.8421160e+01   0.0000000e+00   1.1604555e+00
   1.5759200e+00   8.1565280e+04   2.8639049e+01   0.0000000e+00   1.1628705e+00
   1.5762200e+00   8.2870552e+04   3.0288876e+01   0.0000000e+00   1.1555413e+00
   1.5765200e+00   8.2562093e+04   2.9178492e+01   0.0000000e+00   1.1484014e+00
   1.5768200e+00   8.3119343e+04   2.8893936e+01   0.0000000e+00   1.1450856e+00
   1.5771200e+00   8.2183850e+04   2.8888401e+01   0.0000000e+00   1.1514472e+00
   1.5774300e+00   8.3137113e+04   2.9375942e+01   0.0000000e+00   1.1607288e+00
   1.5777300e+00   8.4983906e+04   2.9684007e+01   0.0000000e+00   1.1626499e+00
   1.5780300e+00   8.5089164e+04   2.9814394e+01   0.0000000e+00   1.1601524e+00
   1.5783400e+00   8.5366661e+04   2.9626202e+01   0.0000000e+00   1.1475370e+00
   1.5786400e+00   8.4934695e+04   2.9931331e+01   0.0000000e+00   1.1431776e+00
   1.5789400e+00   8.4584396e+04   2.9702030e+01   0.0000000e+00   1.1470060e+00
   1.5792400e+00   8.4440042e+04   2.9427488e+01   0.0000000e+00   1.1590643e+00
   1.5795500e+00   8.4471288e+04   2.9803464e+01   0.0000000e+00   1.1629746e+00
   1.5798500e+00   8.5374707e+04   2.9720224e+01   0.0000000e+00   1.1610374e+00
   1.5801500e+00   8.4797996e+04   2.9502040e+01   0.0000000e+00   1.1536917e+00
   1.5804600e+00   8.6974664e+04   3.0361026e+01   0.0000000e+00   1.1456191e+00
   1.5807600e+00   8.6080692e+04   2.9892660e+01   0.0000000e+00   1.1460085e+00
   1.5810700e+00   8.6447166e+04   2.9749706e+01   0.0000000e+00   1.1537102e+00
   1.5813700e+00   8.5249101e+04   2.9972215e+01   0.0000000e+00   1.1628979e+00
   1.5816700e+00   8.5385654e+04   2.9859580e+01   0.0000000e+00   1.1630527e+00
   1.5819800e+00   8.4908059e+04   2.9609789e+01   0.0000000e+00   1.1559264e+00
   1.5822800e+00   8.6284440e+04   3.0066191e+01   0.0000000e+00   1.1469490e+00
   1.5825900e+00   9.3875639e+04   3.2854987e+01   0.0000000e+00   1.1448816e+00
   1.5828900e+00   1.3607678e+05   5.0636074e+01   0.0000000e+00   1.1499641e+00
   1.5831900e+00   1.7552791e+05   6.0575346e+01   0.0000000e+00   1.1596789e+00
   1.5835000e+00   1.7031991e+05   5.9529362e+01   0.0000000e+00   1.1625574e+00
   1.5838000e+00   1.2967343e+05   4.7835787e+01   0.0000000e+00   1.1526178e+00
   1.5841100e+00   9.4816071e+04   3.2748522e+01   0.0000000e+00   1.1451691e+00
   1.5844100e+00   1.0759713e+05   3.7572109e+01   0.0000000e+00   1.1382539e+00
   1.5847200e+00   1.1721626e+05   4.0241457e+01   0.0000000e+00   1.1423009e+00
   1.5850200e+00   1.1323127e+05   3.9328215e+01   0.0000000e+00   1.1485504e+00
   1.5853300e+00   9.7600613e+04   3.4648724e+01   0.0000000e+00   1.1556064e+00
   1.5856300e+00   8.5965399e+04   3.0431489e+01   0.0000000e+00   1.1517725e+00
   1.5859400e+00   8.7257197e+04   3.0311534e+01   0.0000000e+00   1.1500623e+00
   1.5862500e+00   8.8052781e+04   3.0557403e+01   0.0000000e+00   1.1425201e+00
   1.5865500e+00   9.3359405e+04   3.2684461e+01   0.0000000e+00   1.1413495e+00
   1.5868600e+00   9.6484544e+04   3.3162278e+01   0.0000000e+00   1.1490988e+00
   1.5871600e+00   9.5601351e+04   3.2824840e+01   0.0000000e+00   1.1584154e+00
   1.5874700e+00   9.0972194e+04   3.1907832e+01   0.0000000e+00   1.1563739e+00
   1.5877700e+00   8.8117120e+04   3.0826237e+01   0.0000000e+00   1.1495950e+00
   1.5880800e+00   8.7682710e+04   3.0551301e+01   0.0000000e+00   1.1415546e+00
   1.5883900e+00   8.7581172e+04   3.0459701e+01   0.0000000e+00   1.1398417e+00
   1.5886900e+00   8.8141988e+04   3.0473880e+01   0.0000000e+00   1.1427537e+00
   1.5890000e+00   8.8757188e+04   3.1308483e+01   0.0000000e+00   1.1500526e+00
   1.5893100e+00   8.8964202e+04   3.0911571e+01   0.0000000e+00   1.1524638e+00
   1.5896100e+00   8.9942658e+04   3.1224896e+01   0.0000000e+00   1.1472615e+00
   1.5899200e+00   9.0147492e+04   3.1313997e+01   0.0000000e+00   1.1388755e+00
   1.5902300e+00   8.9243422e+04   3.1053569e+01   0.0000000e+00   1.1348040e+00
   1.5905300e+00   9.0165836e+04   3.1523095e+01   0.0000000e+00   1.1391834e+00
   1.5908400e+00   8.8608518e+04   3.1050987e+01   0.0000000e+00   1.1481638e+00
   1.5911500e+00   8.8611137e+04   3.1589748e+01   0.0000000e+00   1.1500078e+00
   1.5914500e+00   9.0279594e+04   3.1574581e+01   0.0000000e+00   1.1452451e+00
   1.5917600e+00   8.9870867e+04   3.1069857e+01   0.0000000e+00   1.1358812e+00
   1.5920700e+00   8.9401992e+04   3.1095459e+01   0.0000000e+00   1.1290084e+00
   1.5923800e+00   8.9478951e+04   3.1629200e+01   0.0000000e+00   1.1324747e+00
   1.5926800e+00   9.0377831e+04   3.1547204e+01   0.0000000e+00   1.1400362e+00
   1.5929900e+00   9.1247418e+04   3.1986133e+01   0.0000000e+00   1.1465513e+00
   1.5933000e+00   9.1396895e+04   3.2035605e+01   0.0000000e+00   1.1457925e+00
   1.5936100e+00   9.1052759e+04   3.1841602e+01   0.0000000e+00   1.1395204e+00
   1.5939200e+00   9.2071420e+04   3.2392870e+01   0.0000000e+00   1.1298303e+00
   1.5942200e+00   9.1047555e+04   3.1650797e+01   0.0000000e+00   1.1276794e+00
   1.5945300e+00   9.2280182e+04   3.2025364e+01   0.0000000e+00   1.1328637e+00
   1.5948400e+00   9.1185212e+04   3.2278845e+01   0.0000000e+00   1.1374724e+00
   1.5951500e+00   9.2297260e+04   3.2726431e+01   0.0000000e+00   1.1439989e+00
   1.5954600e+00   9.4480676e+04   3.3070006e+01   0.0000000e+00   1.1382172e+00
   1.5957700e+00   9.3040923e+04   3.2616395e+01   0.0000000e+00   1.1300356e+00
   1.5960700e+00   9.2931395e+04   3.2381054e+01   0.0000000e+00   1.1276929e+00
   1.5963800e+00   9.4043199e+04   3.3040134e+01   0.0000000e+00   1.1309114e+00
   1.5966900e+00   9.9123968e+04   3.4904723e+01   0.0000000e+00   1.1372657e+00
   1.5970000e+00   1.1065580e+05   3.8120523e+01   0.0000000e+00   1.1441830e+00
   1.5973100e+00   1.1132636e+05   3.8826870e+01   0.0000000e+00   1.1334443e+00
   1.5976200e+00   1.0719294e+05   3.7559293e+01   0.0000000e+00   1.1288884e+00
   1.5979300e+00   9.7238464e+04   3.3734021e+01   0.0000000e+00   1.1254203e+00
   1.5982400e+00   9.3675880e+04   3.2374818e+01   0.0000000e+00   1.1279034e+00
   1.5985500e+00   9.4606712e+04   3.2648833e+01   0.0000000e+00   1.1351244e+00
   1.5988600e+00   9.4549798e+04   3.2944049e+01   0.0000000e+00   1.1406481e+00
   1.5991700e+00   9.4063681e+04   3.2771401e+01   0.0000000e+00   1.1384250e+00
   1.5994800e+00   9.4755094e+04   3.2930679e+01   0.0000000e+00   1.1322184e+00
   1.5997900e+00   9.5169734e+04   3.3121977e+01   0.0000000e+00   1.1289613e+00
   1.6001000e+00   9.5557512e+04   3.3022375e+01   0.0000000e+00   1.1261897e+00
   1.6004100e+00   9.6474943e+04   3.3563400e+01   0.0000000e+00   1.1287397e+00
   1.6007200e+00   9.7424630e+04   3.3607722e+01   0.0000000e+00   1.1372668e+00
   1.6010300e+00   9.6958669e+04   3.3540453e+01   0.0000000e+00   1.1364383e+00
   1.6013400e+00   9.6417344e+04   3.3103682e+01   0.0000000e+00   1.1327500e+00
   1.6016500e+00   9.7294574e+04   3.3467057e+01   0.0000000e+00   1.1251517e+00
   1.6019600e+00   9.8584543e+04   3.4123119e+01   0.0000000e+00   1.1230992e+00
   1.6022700e+00   1.0021302e+05   3.4640269e+01   0.0000000e+00   1.1253636e+00
   1.6025800e+00   1.2164349e+05   4.4412954e+01   0.0000000e+00   1.1285951e+00
   1.6028900e+00   1.5833890e+05   5.5176144e+01   0.0000000e+00   1.1320952e+00
   1.6032000e+00   1.6069937e+05   5.4853282e+01   0.0000000e+00   1.1312679e+00
   1.6035100e+00   1.3593406e+05   4.8066156e+01   0.0000000e+00   1.1279616e+00
   1.6038200e+00   1.0558837e+05   3.6662685e+01   0.0000000e+00   1.1235300e+00
   1.6041400e+00   1.0200815e+05   3.5614525e+01   0.0000000e+00   1.1254190e+00
   1.6044500e+00   1.0142275e+05   3.4911758e+01   0.0000000e+00   1.1308435e+00
   1.6047600e+00   1.0095945e+05   3.5096489e+01   0.0000000e+00   1.1291525e+00
   1.6050700e+00   1.0157770e+05   3.5314724e+01   0.0000000e+00   1.1307821e+00
   1.6053800e+00   1.0207802e+05   3.5121861e+01   0.0000000e+00   1.1227603e+00
   1.6056900e+00   1.0241916e+05   3.5423548e+01   0.0000000e+00   1.1239048e+00
   1.6060000e+00   1.0301179e+05   3.5384309e+01   0.0000000e+00   1.1256436e+00
   1.6063200e+00   1.0321934e+05   3.5456520e+01   0.0000000e+00   1.1299347e+00
   1.6066300e+00   1.0342208e+05   3.5635380e+01   0.0000000e+00   1.1301596e+00
   1.6069400e+00   1.0494642e+05   3.5883617e+01   0.0000000e+00   1.1294285e+00
   1.6072500e+00   1.0733454e+05   3.6842649e+01   0.0000000e+00   1.1289324e+00
   1.6075700e+00   1.1754742e+05   4.0274995e+01   0.0000000e+00   1.1282624e+00
   1.6078800e+00   1.2751125e+05   4.3921096e+01   0.0000000e+00   1.1268560e+00
   1.6081900e+00   1.2698170e+05   4.3689401e+01   0.0000000e+00   1.1290825e+00
   1.6085000e+00   1.1354973e+05   3.9541780e+01   0.0000000e+00   1.1294315e+00
   1.6088200e+00   1.0522208e+05   3.6475596e+01   0.0000000e+00   1.1298779e+00
   1.6091300e+00   1.0508128e+05   3.6290063e+01   0.0000000e+00   1.1274344e+00
   1.6094400e+00   1.0582218e+05   3.6833672e+01   0.0000000e+00   1.1276876e+00
   1.6097500e+00   1.0386193e+05   3.6569142e+01   0.0000000e+00   1.1219827e+00
   1.6100700e+00   1.0542849e+05   3.6413483e+01   0.0000000e+00   1.1242552e+00
   1.6103800e+00   1.0629106e+05   3.6848749e+01   0.0000000e+00   1.1270026e+00
   1.6106900e+00   1.0519337e+05   3.6292096e+01   0.0000000e+00   1.1281508e+00
   1.6110100e+00   1.0609831e+05   3.6530245e+01   0.0000000e+00   1.1285823e+00
   1.6113200e+00   1.0660714e+05   3.6449302e+01   0.0000000e+00   1.1258398e+00
   1.6116300e+00   1.0753295e+05   3.6653269e+01   0.0000000e+00   1.1258701e+00
   1.6119500e+00   1.0960052e+05   3.7571514e+01   0.0000000e+00   1.1268601e+00
   1.6122600e+00   1.2239274e+05   4.2714908e+01   0.0000000e+00   1.1281041e+00
   1.6125800e+00   1.6453747e+05   5.6669687e+01   0.0000000e+00   1.1285616e+00
   1.6128900e+00   1.7600440e+05   6.0431369e+01   0.0000000e+00   1.1266679e+00
   1.6132000e+00   1.6101404e+05   5.5564722e+01   0.0000000e+00   1.1248312e+00
   1.6135200e+00   1.2271124e+05   4.3076517e+01   0.0000000e+00   1.1239732e+00
   1.6138300e+00   1.1225180e+05   3.8297134e+01   0.0000000e+00   1.1266420e+00
   1.6141500e+00   1.1058191e+05   3.7884183e+01   0.0000000e+00   1.1295779e+00
   1.6144600e+00   1.1231808e+05   3.8521713e+01   0.0000000e+00   1.1269623e+00
   1.6147700e+00   1.1245433e+05   3.8545063e+01   0.0000000e+00   1.1223161e+00
   1.6150900e+00   1.1136529e+05   3.8405297e+01   0.0000000e+00   1.1216360e+00
   1.6154000e+00   1.1437402e+05   3.9594102e+01   0.0000000e+00   1.1221835e+00
   1.6157200e+00   1.1505684e+05   4.0183102e+01   0.0000000e+00   1.1221510e+00
   1.6160300e+00   1.1616836e+05   3.9872779e+01   0.0000000e+00   1.1250263e+00
   1.6163500e+00   1.1505888e+05   3.9275479e+01   0.0000000e+00   1.1236019e+00
   1.6166600e+00   1.1490527e+05   3.9474670e+01   0.0000000e+00   1.1202807e+00
   1.6169800e+00   1.1719112e+05   3.9880492e+01   0.0000000e+00   1.1184403e+00
   1.6172900e+00   1.1765006e+05   4.0089231e+01   0.0000000e+00   1.1150725e+00
   1.6176100e+00   1.1712830e+05   4.0638277e+01   0.0000000e+00   1.1165151e+00
   1.6179300e+00   1.1727612e+05   4.0563537e+01   0.0000000e+00   1.1213035e+00
   1.6182400e+00   1.1805684e+05   4.0494890e+01   0.0000000e+00   1.1200788e+00
   1.6185600e+00   1.1959726e+05   4.0662707e+01   0.0000000e+00   1.1168435e+00
   1.6188700e+00   1.2281287e+05   4.2119065e+01   0.0000000e+00   1.1108413e+00
   1.6191900e+00   1.3537360e+05   4.6260767e+01   0.0000000e+00   1.1080011e+00
   1.6195000e+00   1.4027571e+05   4.7309074e+01   0.0000000e+00   1.1120264e+00
   1.6198200e+00   1.3575628e+05   4.6615498e+01   0.0000000e+00   1.1140647e+00
   1.6201400e+00   1.2521282e+05   4.3201562e+01   0.0000000e+00   1.1149559e+00
   1.6204500e+00   1.2377259e+05   4.2108946e+01   0.0000000e+00   1.1088008e+00
   1.6207700e+00   1.2330582e+05   4.2153235e+01   0.0000000e+00   1.1065139e+00
   1.6210800e+00   1.2547055e+05   4.2581434e+01   0.0000000e+00   1.1032711e+00
   1.6214000e+00   1.2493990e+05   4.2366706e+01   0.0000000e+00   1.1020148e+00
   1.6217200e+00   1.2625309e+05   4.3362196e+01   0.0000000e+00   1.1045748e+00
   1.6220300e+00   1.2780000e+05   4.4024370e+01   0.0000000e+00   1.1059782e+00
   1.6223500e+00   1.2805365e+05   4.4011700e+01   0.0000000e+00   1.1026451e+00
   1.6226700e+00   1.5475765e+05   4.6503019e+01   0.0000000e+00   1.0839282e+00
   1.6229800e+00   1.2989649e+05   5.0794892e+01   0.0000000e+00   1.0948060e+00
   1.6233000e+00   1.5126029e+05   5.6147710e+01   0.0000000e+00   1.1027730e+00
   1.6236200e+00   1.4830945e+05   5.7074062e+01   0.0000000e+00   1.1140093e+00
   1.6239400e+00   1.2797172e+05   5.1580777e+01   0.0000000e+00   1.1199659e+00
   1.6242500e+00   1.0013143e+05   4.4415070e+01   0.0000000e+00   1.1192113e+00
   1.6245700e+00   8.9440430e+04   4.2566658e+01   0.0000000e+00   1.1119759e+00
   1.6248900e+00   8.5826637e+04   4.0688540e+01   0.0000000e+00   1.1012313e+00
   1.6252100e+00   8.1664521e+04   3.9853654e+01   0.0000000e+00   1.1005788e+00
   1.6255200e+00   7.6823023e+04   3.8566399e+01   0.0000000e+00   1.1043586e+00
   1.6258400e+00   7.1622890e+04   3.6645810e+01   0.0000000e+00   1.1099999e+00
   1.6261600e+00   6.8442846e+04   3.4722797e+01   0.0000000e+00   1.1077277e+00
   1.6264800e+00   6.5145991e+04   3.2500724e+01   0.0000000e+00   1.1023239e+00
   1.6268000e+00   6.4021109e+04   2.9956010e+01   0.0000000e+00   1.1013949e+00
   1.6271100e+00   6.2780127e+04   2.7302878e+01   0.0000000e+00   1.1176752e+00
   1.6274300e+00   6.1911983e+04   2.5400085e+01   0.0000000e+00   1.1241042e+00
   1.6277500e+00   6.1601678e+04   2.3358965e+01   0.0000000e+00   1.1333435e+00
   1.6280700e+00   6.2336340e+04   2.2757486e+01   0.0000000e+00   1.1481567e+00
   1.6283900e+00   6.3278030e+04   2.2651625e+01   0.0000000e+00   1.1494887e+00
   1.6287100e+00   6.1833837e+04   2.2192025e+01   0.0000000e+00   1.1434521e+00
   1.6290200e+00   6.2625548e+04   2.2560978e+01   0.0000000e+00   1.1390710e+00
   1.6293400e+00   6.2017241e+04   2.2529376e+01   0.0000000e+00   1.1425293e+00
   1.6296600e+00   6.2667692e+04   2.2779790e+01   0.0000000e+00   1.1506370e+00
   1.6299800e+00   6.4856463e+04   2.3150987e+01   0.0000000e+00   1.1569878e+00
   1.6303000e+00   6.4812084e+04   2.3313112e+01   0.0000000e+00   1.1488797e+00
   1.6306200e+00   6.5504295e+04   2.3716366e+01   0.0000000e+00   1.1425538e+00
   1.6309400e+00   6.5885800e+04   2.3671570e+01   0.0000000e+00   1.1368672e+00
   1.6312600e+00   6.8124917e+04   2.4596524e+01   0.0000000e+00   1.1322604e+00
   1.6315800e+00   7.3840659e+04   2.6009692e+01   0.0000000e+00   1.1410116e+00
   1.6319000e+00   7.3499284e+04   2.6422094e+01   0.0000000e+00   1.1466714e+00
   1.6322200e+00   6.6879596e+04   2.4299792e+01   0.0000000e+00   1.1505432e+00
   1.6325400e+00   6.4445668e+04   2.3826316e+01   0.0000000e+00   1.1398576e+00
   1.6328600e+00   6.3267609e+04   2.3022268e+01   0.0000000e+00   1.1295698e+00
   1.6331800e+00   6.4011806e+04   2.3212958e+01   0.0000000e+00   1.1296397e+00
   1.6335000e+00   6.3690427e+04   2.2684505e+01   0.0000000e+00   1.1365597e+00
   1.6338200e+00   6.6529513e+04   2.3907652e+01   0.0000000e+00   1.1437466e+00
   1.6341400e+00   6.8972017e+04   2.4636135e+01   0.0000000e+00   1.1446260e+00
   1.6344600e+00   6.8724139e+04   2.4689832e+01   0.0000000e+00   1.1383095e+00
   1.6347800e+00   7.7180818e+04   2.7739091e+01   0.0000000e+00   1.1290134e+00
   1.6351000e+00   8.3204533e+04   2.9437048e+01   0.0000000e+00   1.1234702e+00
   1.6354200e+00   8.0502939e+04   2.8507992e+01   0.0000000e+00   1.1268101e+00
   1.6357400e+00   7.0125851e+04   2.5038100e+01   0.0000000e+00   1.1345493e+00
   1.6360600e+00   6.4674654e+04   2.3755712e+01   0.0000000e+00   1.1389503e+00
   1.6363800e+00   6.4895283e+04   2.3685789e+01   0.0000000e+00   1.1367124e+00
   1.6367000e+00   6.3335884e+04   2.2831874e+01   0.0000000e+00   1.1254270e+00
   1.6370200e+00   6.3221552e+04   2.2675049e+01   5.7320138e+02   1.1169140e+00
   1.6373400e+00   5.9782859e+04   2.2081753e+01  -2.0865097e+03   1.1186707e+00
   1.6376600e+00   6.1779386e+04   2.2452690e+01  -2.7480238e+02   1.1263600e+00
   1.6379800e+00   6.1204342e+04   2.2341934e+01  -1.7615968e+03   1.1352123e+00
   1.6383100e+00   6.3627245e+04   2.3112879e+01  -6.0535112e+02   1.1341971e+00
   1.6386300e+00   7.1130146e+04   2.5418035e+01   5.6737986e+03   1.1256560e+00
   1.6389500e+00   7.2138376e+04   2.5616142e+01   5.8234508e+03   1.1151522e+00
   1.6392700e+00   6.8340434e+04   2.4843542e+01   1.7148196e+03   1.1122151e+00
   1.6395900e+00   6.2464244e+04   2.2712120e+01  -3.8970176e+03   1.1185562e+00
   1.6399100e+00   6.1896650e+04   2.2430641e+01  -3.7275683e+03   1.1273295e+00
   1.6402400e+00   6.0460248e+04   2.1832815e+01  -4.1337159e+03   1.1312812e+00
   1.6405600e+00   6.0649950e+04   2.2205154e+01  -2.8237223e+03   1.1226997e+00
   1.6408800e+00   6.2127147e+04   2.2544593e+01  -3.2933440e+02   1.1139046e+00
   1.6412000e+00   6.6239865e+04   2.3859777e+01   4.5223192e+03   1.1055174e+00
   1.6415200e+00   6.7316383e+04   2.4005512e+01   5.8978312e+03   1.1075929e+00
   1.6418500e+00   6.5226730e+04   2.3565711e+01   3.5210649e+03   1.1212188e+00
   1.6421700e+00   6.3344580e+04   2.2936707e+01   6.5773290e+02   1.1287438e+00
   1.6424900e+00   6.1880264e+04   2.2346815e+01  -2.5075081e+03   1.1230700e+00
   1.6428100e+00   6.2930331e+04   2.2780756e+01  -3.7714287e+03   1.1133146e+00
   1.6431400e+00   6.2800434e+04   2.2694451e+01  -6.5608462e+03   1.1035713e+00
   1.6434600e+00   6.3259416e+04   2.2666215e+01  -8.6988888e+03   1.1050184e+00
   1.6437800e+00   7.5217081e+04   2.7331556e+01   1.1914449e+03   1.1132173e+00
   1.6441000e+00   8.5598960e+04   3.0240920e+01   1.0438796e+04   1.1215970e+00
   1.6444300e+00   8.7272486e+04   3.0563706e+01   1.2127434e+04   1.1242320e+00
   1.6447500e+00   7.6583084e+04   2.7512330e+01   2.5579254e+03   1.1134421e+00
   1.6450700e+00   6.8157457e+04   2.4220488e+01  -3.9500210e+03   1.1016227e+00
   1.6454000e+00   6.4382120e+04   2.3085184e+01  -5.4975386e+03   1.0976937e+00
   1.6457200e+00   6.3396279e+04   2.2827067e+01  -4.4737970e+03   1.1050858e+00
   1.6460400e+00   6.3943106e+04   2.3152484e+01  -2.5544055e+03   1.1146841e+00
   1.6463700e+00   6.4298560e+04   2.3083772e+01  -1.6664860e+03   1.1173846e+00
   1.6466900e+00   6.4537956e+04   2.3576747e+01  -1.6951117e+03   1.1125856e+00
   1.6470100e+00   6.5852121e+04   2.3896595e+01  -1.2235874e+03   1.1001457e+00
   1.6473400e+00   7.2069078e+04   2.6157523e+01   3.8743626e+03   1.0927297e+00
   1.6476600e+00   7.9356041e+04   2.8270868e+01   1.0013235e+04   1.0976094e+00
   1.6479900e+00   7.8275087e+04   2.8254591e+01   7.8698563e+03   1.1070824e+00
   1.6483100e+00   7.1498628e+04   2.5951160e+01   8.9768376e+01   1.1146063e+00
   1.6486300e+00   6.6432593e+04   2.3891144e+01  -6.0281276e+03   1.1139728e+00
   1.6489600e+00   6.5061874e+04   2.3150020e+01  -8.5839881e+03   1.1022628e+00
   1.6492800e+00   6.4422821e+04   2.3390175e+01  -1.0508774e+04   1.0919904e+00
   1.6496100e+00   6.8998604e+04   2.5109943e+01  -7.1285862e+03   1.0897665e+00
   1.6499300e+00   8.5122478e+04   3.0171628e+01   8.1977410e+03   1.0991919e+00
   1.6502600e+00   9.3127018e+04   3.2973523e+01   1.6123781e+04   1.1122831e+00
   1.6505800e+00   8.5527955e+04   3.0374607e+01   9.3786602e+03   1.1132066e+00
   1.6509000e+00   6.9816537e+04   2.5225778e+01  -4.5304532e+03   1.1033233e+00
   1.6512300e+00   6.4170203e+04   2.3155851e+01  -7.6355653e+03   1.0907566e+00
   1.6515500e+00   6.5126052e+04   2.4593075e+01  -3.7882023e+03   1.0892993e+00
   1.6518800e+00   6.3264878e+04   2.2633407e+01  -2.8726096e+03   1.0942109e+00
   1.6522000e+00   6.3659833e+04   2.2770295e+01  -2.3991231e+02   1.1069110e+00
   1.6525300e+00   6.3575600e+04   2.2931423e+01   1.0816616e+03   1.1094706e+00
   1.6528600e+00   6.4730700e+04   2.3674536e+01   2.6933929e+03   1.1035520e+00
   1.6531800e+00   6.4764875e+04   2.3365867e+01   2.2920251e+03   1.0922511e+00
   1.6535100e+00   6.4059598e+04   2.3020631e+01   4.5448534e+02   1.0814803e+00
   1.6538300e+00   6.4638288e+04   2.3489373e+01  -5.1529415e+02   1.0885319e+00
   1.6541600e+00   6.5863577e+04   2.3570488e+01  -9.4579293e+02   1.0979529e+00
   1.6544800e+00   6.6120921e+04   2.3702432e+01  -2.1644694e+03   1.1054855e+00
   1.6548100e+00   6.6961281e+04   2.4243499e+01  -2.3952714e+03   1.1098723e+00
   1.6551300e+00   7.2196600e+04   2.5778324e+01   2.3074775e+03   1.0947936e+00
   1.6554600e+00   7.3982671e+04   2.6262349e+01   4.1279384e+03   1.0850717e+00
   1.6557900e+00   7.0585312e+04   2.5089030e+01   1.2603969e+03   1.0861592e+00
   1.6561100e+00   6.6934580e+04   2.3913211e+01  -1.5130081e+03   1.0946237e+00
   1.6564400e+00   6.4859980e+04   2.3460205e+01  -2.5505810e+03   1.1039036e+00
   1.6567600e+00   6.4974023e+04   2.3257340e+01  -1.4247971e+03   1.1072306e+00
   1.6570900e+00   6.5624459e+04   2.3434286e+01   6.8274225e+01   1.0984319e+00
   1.6574200e+00   6.5442898e+04   2.3326026e+01   4.8087777e+02   1.0897921e+00
   1.6577400e+00   6.4669186e+04   2.3186877e+01   4.0884643e+01   1.0835787e+00
   1.6580700e+00   6.5032408e+04   2.3077819e+01   5.1712910e+02   1.0900515e+00
   1.6584000e+00   6.5679386e+04   2.3723131e+01   1.1221285e+03   1.1021373e+00
   1.6587200e+00   6.5790540e+04   2.3487297e+01   1.1027200e+03   1.1072225e+00
   1.6590500e+00   6.4355911e+04   2.3044444e+01  -5.0034786e+02   1.1027438e+00
   1.6593800e+00   6.4517451e+04   2.3351093e+01  -5.1504168e+02   1.0930438e+00
   1.6597000e+00   6.4991354e+04   2.3120956e+01  -2.1012888e+02   1.0849091e+00
   1.6600300e+00   6.4795008e+04   2.3187489e+01  -5.5668832e+02   1.0880415e+00
   1.6603600e+00   6.4929420e+04   2.3442759e+01  -5.3530320e+02   1.0953547e+00
   1.6606900e+00   6.4666232e+04   2.3373210e+01  -8.4620700e+02   1.1066256e+00
   1.6610100e+00   6.5756328e+04   2.3756316e+01   2.9228312e+02   1.1074595e+00
   1.6613400e+00   6.6438726e+04   2.3754307e+01   1.1381636e+03   1.0982962e+00
   1.6616700e+00   6.5217151e+04   2.3825329e+01   1.8632237e+02   1.0849796e+00
   1.6620000e+00   6.5042757e+04   2.3857530e+01   3.4035346e+02   1.0836947e+00
   1.6623200e+00   6.4282174e+04   2.3217058e+01  -1.1897665e+02   1.0908970e+00
   1.6626500e+00   6.4673869e+04   2.3259854e+01   4.3807515e+02   1.1053939e+00
   1.6629800e+00   6.4727966e+04   2.3518039e+01   4.1966869e+02   1.1070078e+00
   1.6633100e+00   6.4811987e+04   2.3295743e+01   1.3535398e+02   1.1022883e+00
   1.6636400e+00   6.5489679e+04   2.3697677e+01   1.6969485e+02   1.0874155e+00
   1.6639600e+00   6.5523550e+04   2.3694003e+01  -5.9503809e+02   1.0846250e+00
   1.6642900e+00   6.5405989e+04   2.3385963e+01  -1.4533336e+03   1.0882050e+00
   1.6646200e+00   6.5392324e+04   2.3393507e+01  -1.8821371e+03   1.0981527e+00
   1.6649500e+00   6.5414191e+04   2.3379004e+01  -1.6986622e+03   1.1070190e+00
   1.6652800e+00   6.6034127e+04   2.3411314e+01  -1.9794933e+02   1.1058339e+00
   1.6656100e+00   6.5945601e+04   2.3431537e+01   1.2563120e+03   1.0940786e+00
   1.6659300e+00   6.4034906e+04   2.2925342e+01   1.2338449e+03   1.0831463e+00
   1.6662600e+00   6.4621867e+04   2.2887378e+01   3.4785126e+03   1.0801834e+00
   1.6665900e+00   6.5726222e+04   2.3518854e+01   5.2549047e+03   1.0893423e+00
   1.6669200e+00   6.6399785e+04   2.3547998e+01   4.8420683e+03   1.1020854e+00
   1.6672500e+00   6.7139323e+04   2.3680240e+01   2.1621615e+03   1.1063316e+00
   1.6675800e+00   6.6375180e+04   2.3568569e+01  -4.5157273e+03   1.0988411e+00
   1.6679100e+00   6.6062141e+04   2.3606800e+01  -1.2840483e+04   1.0858041e+00
   1.6682400e+00   6.6711457e+04   2.4197326e+01  -2.1338521e+04   1.0802154e+00
   1.6685700e+00   8.2535641e+04   3.0601762e+01  -1.4429800e+04   1.0835124e+00
   1.6689000e+00   1.2628590e+05   4.6408444e+01   2.2103126e+04   1.0930828e+00
   1.6692300e+00   1.4739729e+05   5.1168634e+01   3.8902139e+04   1.1022446e+00
   1.6695500e+00   1.2778084e+05   4.5687152e+01   1.8533602e+04   1.1004212e+00
   1.6698800e+00   8.5120604e+04   3.1427795e+01  -2.1355972e+04   1.0907901e+00
   1.6702100e+00   7.5002203e+04   2.6658632e+01  -2.5875033e+04   1.0812611e+00
   1.6705400e+00   8.6907250e+04   3.0768014e+01  -6.6907980e+03   1.0801387e+00
   1.6708700e+00   9.3354988e+04   3.2778188e+01   7.4160756e+03   1.0884272e+00
   1.6712000e+00   8.7238059e+04   3.1050439e+01   8.1929033e+03   1.0976550e+00
   1.6715300e+00   7.1748716e+04   2.5391984e+01  -1.9429542e+03   1.0989271e+00
   1.6718600e+00   6.6811076e+04   2.3740105e+01  -3.3849812e+03   1.0936373e+00
   1.6721900e+00   6.7401228e+04   2.4055871e+01  -1.0495387e+03   1.0807201e+00
   1.6725200e+00   6.8178810e+04   2.4456289e+01   1.3940374e+02   1.0754678e+00
   1.6728500e+00   7.1184222e+04   2.5458732e+01   2.7875103e+03   1.0848958e+00
   1.6731800e+00   7.3879563e+04   2.6555404e+01   4.9078233e+03   1.0956927e+00
   1.6735200e+00   7.2340035e+04   2.5744515e+01   2.9864648e+03   1.1007954e+00
   1.6738500e+00   6.8306296e+04   2.4686069e+01  -1.0278171e+03   1.0924910e+00
   1.6741800e+00   6.5493582e+04   2.3638632e+01  -3.4104124e+03   1.0829945e+00
   1.6745100e+00   6.5404622e+04   2.3694329e+01  -2.7906010e+03   1.0764010e+00
   1.6748400e+00   6.5619239e+04   2.3455900e+01  -1.7774641e+03   1.0790680e+00
   1.6751700e+00   6.6232105e+04   2.3667917e+01  -4.4169691e+02   1.0859167e+00
   1.6755000e+00   6.6591231e+04   2.3749209e+01   4.7432308e+02   1.0927243e+00
   1.6758300e+00   6.6368034e+04   2.3970686e+01   6.3869934e+02   1.0954966e+00
   1.6761600e+00   6.6916505e+04   2.4010408e+01   1.4666352e+03   1.0871939e+00
   1.6764900e+00   6.6916505e+04   2.3880423e+01   1.7218976e+03   1.0779267e+00
   1.6768200e+00   6.5518082e+04   2.3358156e+01   6.1919719e+02   1.0733793e+00
   1.6771600e+00   6.4466516e+04   2.5180372e+01  -7.7764339e+01   1.0787123e+00
   1.6774900e+00   6.3621516e+04   2.3033074e+01  -5.4177383e+02   1.0864529e+00
   1.6778200e+00   6.3330422e+04   2.2778417e+01  -4.9217972e+02   1.0919717e+00
   1.6781500e+00   6.2490217e+04   2.2819079e+01  -1.1031022e+03   1.0871267e+00
   1.6784800e+00   6.2431925e+04   2.2383557e+01  -1.0888890e+03   1.0792531e+00
   1.6788100e+00   6.4114218e+04   2.3261834e+01   5.0845530e+02   1.0713577e+00
   1.6791500e+00   6.3961089e+04   2.2942113e+01   1.5885618e+02   1.0711947e+00
   1.6794800e+00   6.3505196e+04   2.2619291e+01  -5.2807188e+02   1.0784048e+00
   1.6798100e+00   6.4571660e+04   2.2958149e+01   3.5211066e+02   1.0861568e+00
   1.6801400e+00   6.5497196e+04   2.3428657e+01   1.1859180e+03   1.0828032e+00
   1.6804700e+00   6.4944117e+04   2.3145461e+01   6.3264222e+02   1.0731834e+00
   1.6808100e+00   6.4549338e+04   2.3374832e+01   2.6627067e+02   1.0648435e+00
   1.6811400e+00   6.4360008e+04   2.3761621e+01   2.3520015e+01   1.0635611e+00
   1.6814700e+00   6.4608528e+04   2.3431743e+01   9.1209796e+00   1.0660982e+00
   1.6818000e+00   6.4675237e+04   2.3173124e+01  -5.0072246e+02   1.0767968e+00
   1.6821400e+00   6.5888773e+04   2.3673586e+01  -2.1880052e+02   1.0780911e+00
   1.6824700e+00   6.7042689e+04   2.3953500e+01  -3.0499601e+02   1.0719373e+00
   1.6828000e+00   6.7397682e+04   2.4067955e+01  -1.3621191e+03   1.0602163e+00
   1.6831400e+00   6.6948991e+04   2.3949392e+01  -3.1936748e+03   1.0546233e+00
   1.6834700e+00   6.9096920e+04   2.4790569e+01  -2.1818603e+03   1.0572091e+00
   1.6838000e+00   7.7473164e+04   2.7556104e+01   5.4801228e+03   1.0623359e+00
   1.6841300e+00   7.8178845e+04   2.8194475e+01   5.9797730e+03   1.0651403e+00
   1.6844700e+00   7.5208888e+04   2.6698819e+01   3.2931774e+03   1.0663032e+00
   1.6848000e+00   6.8457687e+04   2.4496862e+01  -2.7901536e+03   1.0567941e+00
   1.6851300e+00   6.6111352e+04   2.3609384e+01  -4.2284089e+03   1.0505036e+00
   1.6854700e+00   6.6039570e+04   2.3600826e+01  -3.2788390e+03   1.0455824e+00
   1.6858000e+00   6.5511372e+04   2.3430499e+01  -2.7410950e+03   1.0503357e+00
   1.6861300e+00   6.5570216e+04   2.3732268e+01  -1.5792497e+03   1.0553367e+00
   1.6864700e+00   6.6740446e+04   2.3872843e+01   7.4200535e+02   1.0580233e+00
   1.6868000e+00   6.7187331e+04   2.3891022e+01   2.3453326e+03   1.0521468e+00
   1.6871400e+00   6.7266380e+04   2.3988558e+01   3.4210942e+03   1.0434975e+00
   1.6874700e+00   6.7718923e+04   2.4472474e+01   4.3937897e+03   1.0364386e+00
   1.6878000e+00   6.7977211e+04   2.4216636e+01   4.2656596e+03   1.0369492e+00
   1.6881400e+00   6.7443651e+04   2.4359555e+01   2.0078056e+03   1.0391786e+00
   1.6884700e+00   6.7599317e+04   2.4233057e+01  -1.1706294e+03   1.0451459e+00
   1.6888100e+00   6.8761043e+04   2.4503272e+01  -4.9066104e+03   1.0424999e+00
   1.6891400e+00   6.7911667e+04   2.4546858e+01  -1.1757851e+04   1.0323110e+00
   1.6894700e+00   6.9232172e+04   2.4844025e+01  -1.6692095e+04   1.0194867e+00
   1.6898100e+00   8.6427670e+04   3.2295664e+01  -4.9197948e+03   1.0226394e+00
   1.6901400e+00   1.1694256e+05   4.2081741e+01   2.2058603e+04   1.0235386e+00
   1.6904800e+00   1.2266750e+05   4.2369575e+01   2.6879849e+04   1.0260672e+00
   1.6908100e+00   1.0119295e+05   3.6660350e+01   7.3672136e+03   1.0284972e+00
   1.6911500e+00   7.5744163e+04   2.7020467e+01  -1.3602734e+04   1.0238866e+00
   1.6914800e+00   6.9378667e+04   2.4626262e+01  -1.3817404e+04   1.0159685e+00
   1.6918200e+00   6.8042898e+04   2.4338627e+01  -8.4563403e+03   1.0085493e+00
   1.6921500e+00   6.8217836e+04   2.4282153e+01  -2.1734410e+03   1.0095432e+00
   1.6924900e+00   6.7709354e+04   2.4544913e+01   1.9330980e+03   1.0143516e+00
   1.6928200e+00   6.8310326e+04   2.4784399e+01   5.1274442e+03   1.0176929e+00
   1.6931600e+00   6.7521229e+04   2.3836863e+01   4.7929759e+03   1.0153232e+00
   1.6934900e+00   6.7865190e+04   2.4520112e+01   3.6954166e+03   1.0078437e+00
   1.6938300e+00   6.6943529e+04   2.3869379e+01  -6.4108307e+01   1.0019465e+00
   1.6941600e+00   6.8237009e+04   2.4206849e+01  -2.3659879e+03   1.0009594e+00
   1.6945000e+00   6.8560984e+04   2.4480781e+01  -5.7267758e+03   1.0039919e+00
   1.6948300e+00   7.2434459e+04   2.5555118e+01  -5.0222355e+03   1.0081918e+00
   1.6951700e+00   8.4789795e+04   3.0058609e+01   5.1501595e+03   1.0078797e+00
   1.6955100e+00   8.8705468e+04   3.1104397e+01   8.1569824e+03   1.0034733e+00
   1.6958400e+00   8.3993135e+04   2.9746577e+01   3.8981985e+03   9.9696163e-01
   1.6961800e+00   7.2673941e+04   2.5600238e+01  -5.7078037e+03   9.8937311e-01
   1.6965100e+00   6.9484039e+04   2.4582598e+01  -6.1923381e+03   9.8972009e-01
   1.6968500e+00   6.8725424e+04   2.4254097e+01  -3.6475701e+03   9.9630714e-01
   1.6971900e+00   6.8251788e+04   2.4060860e+01  -6.9988817e+02   9.9827062e-01
   1.6975200e+00   6.8614296e+04   2.4340139e+01   2.6733559e+03   9.9777613e-01
   1.6978600e+00   6.8546624e+04   2.4369344e+01   4.6663068e+03   9.8852865e-01
   1.6981900e+00   6.9023024e+04   2.4336904e+01   5.7550724e+03   9.8197790e-01
   1.6985300e+00   6.9091458e+04   2.4243705e+01   4.6103719e+03   9.8166804e-01
   1.6988700e+00   6.9041746e+04   2.4716182e+01   1.3690823e+03   9.8117573e-01
   1.6992000e+00   6.8303991e+04   2.4121771e+01  -4.3650240e+03   9.8434499e-01
   1.6995400e+00   6.9152887e+04   2.4462093e+01  -9.7594883e+03   9.8537882e-01
   1.6998800e+00   6.8839130e+04   2.4410189e+01  -1.6653542e+04   9.8323290e-01
   1.7002100e+00   7.9216519e+04   2.9138403e+01  -1.2077514e+04   9.7542159e-01
   1.7005500e+00   1.1077066e+05   3.9934804e+01   1.5530896e+04   9.6621036e-01
   1.7008900e+00   1.2517600e+05   4.3498253e+01   2.8612264e+04   9.6533996e-01
   1.7012200e+00   1.1081471e+05   3.9425409e+01   1.5799155e+04   9.6968662e-01
   1.7015600e+00   8.0854253e+04   2.9478298e+01  -1.0077177e+04   9.7585335e-01
   1.7019000e+00   7.1297261e+04   2.5679960e+01  -1.3851733e+04   9.7684103e-01
   1.7022400e+00   6.9421089e+04   2.4536723e+01  -9.3614875e+03   9.6983574e-01
   1.7025700e+00   6.8378824e+04   2.4328802e+01  -4.5499659e+03   9.6308784e-01
   1.7029100e+00   6.7505232e+04   2.4323436e+01  -8.9692702e+02   9.5931155e-01
   1.7032500e+00   6.7565821e+04   2.4236438e+01   1.9814420e+03   9.6237630e-01
   1.7035900e+00   6.8153887e+04   2.4764039e+01   3.7388216e+03   9.6611570e-01
   1.7039200e+00   6.7911667e+04   2.4981183e+01   3.4078186e+03   9.6873984e-01
   1.7042600e+00   6.7525759e+04   2.4111062e+01   2.2143064e+03   9.6614245e-01
   1.7046000e+00   6.8029228e+04   2.4300677e+01   1.6929837e+03   9.5743544e-01
   1.7049400e+00   6.7908933e+04   2.3885266e+01   6.5807866e+02   9.5416681e-01
   1.7052700e+00   6.8140202e+04   2.4245276e+01   1.8369143e+02   9.5057881e-01
   1.7056100e+00   6.8479582e+04   2.4633126e+01  -7.1690106e+01   9.5378304e-01
   1.7059500e+00   6.8606237e+04   2.4402094e+01  -6.2732637e+02   9.5921178e-01
   1.7062900e+00   6.7594872e+04   2.4052664e+01  -2.5841236e+03   9.6014098e-01
   1.7066300e+00   6.6850889e+04   2.3859576e+01  -4.5838337e+03   9.5629384e-01
   1.7069700e+00   6.8543213e+04   2.4489823e+01  -4.3248268e+03   9.4600224e-01
   1.7073000e+00   7.4160185e+04   2.6449726e+01  -2.6910209e+01   9.4305501e-01
   1.7076400e+00   8.0847418e+04   2.8573667e+01   5.8207748e+03   9.4390397e-01
   1.7079800e+00   8.1474569e+04   2.8647826e+01   6.4047737e+03   9.5061457e-01
   1.7083200e+00   7.4683381e+04   2.6484453e+01   5.1683465e+02   9.5351812e-01
   1.7086600e+00   6.9807672e+04   2.4637690e+01  -2.6058594e+03   9.5185688e-01
   1.7090000e+00   6.7665878e+04   2.3995519e+01  -2.5032757e+03   9.4342171e-01
   1.7093400e+00   6.7638568e+04   2.3941980e+01  -3.5637147e+02   9.3254051e-01
   1.7096700e+00   6.8928440e+04   2.4922251e+01   2.3934338e+03   9.3110729e-01
   1.7100100e+00   6.9506935e+04   2.5023233e+01   3.1452918e+03   9.3796128e-01
   1.7103500e+00   6.8557585e+04   2.4403733e+01   7.3603909e+02   9.4750519e-01
   1.7106900e+00   6.9327008e+04   2.4496340e+01  -1.5932287e+03   9.4684975e-01
   1.7110300e+00   6.9252586e+04   2.4516912e+01  -6.0249238e+03   9.3999538e-01
   1.7113700e+00   7.0250190e+04   2.4723692e+01  -9.9254031e+03   9.3374752e-01
   1.7117100e+00   7.6664508e+04   2.7469302e+01  -8.0375765e+03   9.2863937e-01
   1.7120500e+00   9.8972233e+04   3.5614922e+01   1.1009873e+04   9.2777429e-01
   1.7123900e+00   1.0811329e+05   3.7696619e+01   1.8812756e+04   9.3591422e-01
   1.7127300e+00   9.8638099e+04   3.4539934e+01   1.0176627e+04   9.3902983e-01
   1.7130700e+00   7.7918035e+04   2.8138658e+01  -7.7291632e+03   9.3592600e-01
   1.7134100e+00   7.2063192e+04   2.5514895e+01  -9.3932871e+03   9.2919450e-01
   1.7137500e+00   7.0140904e+04   2.4646495e+01  -6.5811546e+03   9.2320473e-01
   1.7140900e+00   6.9456357e+04   2.4829159e+01  -2.8398781e+03   9.2110280e-01
   1.7144300e+00   6.8850784e+04   2.4361565e+01  -2.5682526e+00   9.2609718e-01
   1.7147700e+00   6.9545620e+04   2.4471577e+01   2.7794856e+03   9.3205499e-01
   1.7151100e+00   6.9098208e+04   2.4818094e+01   3.0235037e+03   9.3519599e-01
   1.7154500e+00   6.7762342e+04   2.3987848e+01   1.2242607e+03   9.2794622e-01
   1.7157900e+00   6.9432037e+04   2.4769532e+01   1.6928293e+03   9.2035691e-01
   1.7161300e+00   6.9344837e+04   2.4526577e+01   1.3788875e+02   9.1594420e-01
   1.7164700e+00   6.9848791e+04   2.4656640e+01  -6.7537170e+02   9.1639913e-01
   1.7168100e+00   6.9365838e+04   2.4511423e+01  -2.0375039e+03   9.2411426e-01
   1.7171500e+00   7.0772761e+04   2.5203682e+01  -9.5103174e+02   9.2924739e-01
   1.7174900e+00   7.2416097e+04   2.5864292e+01   8.8493836e+02   9.2644022e-01
   1.7178300e+00   7.2108302e+04   2.5483907e+01   1.1027333e+03   9.1808577e-01
   1.7181700e+00   7.0637430e+04   2.5286740e+01   2.3017360e+02   9.1009672e-01
   1.7185100e+00   7.0472025e+04   2.4758209e+01   4.6141895e+02   9.0953209e-01
   1.7188500e+00   7.0406320e+04   2.5022563e+01   3.6956101e+02   9.1367443e-01
   1.7191900e+00   7.1026368e+04   2.5836725e+01   4.3011995e+02   9.1968902e-01
   1.7195300e+00   7.0082809e+04   2.5031589e+01  -1.5715351e+03   9.1982039e-01
   1.7198700e+00   7.0224160e+04   2.6243611e+01  -2.8067614e+03   9.1701054e-01
   1.7202200e+00   7.1211562e+04   2.5166540e+01  -3.2282763e+03   9.0625034e-01
   1.7205600e+00   7.5295753e+04   2.6295489e+01  -2.6734879e+02   8.9502709e-01
   1.7209000e+00   8.0040899e+04   2.8102039e+01   3.8983949e+03   8.9823028e-01
   1.7212400e+00   8.1782394e+04   2.8762303e+01   5.7194784e+03   9.0519696e-01
   1.7215800e+00   7.6474181e+04   2.6662869e+01   1.0744220e+03   9.1464903e-01
   1.7219200e+00   7.2804246e+04   2.5875844e+01  -1.6096292e+03   9.1336579e-01
   1.7222600e+00   7.3495625e+04   2.5762986e+01   5.2476080e+00   9.0286282e-01
   1.7226100e+00   7.2319508e+04   2.5432830e+01  -7.1338878e+02   8.9536529e-01
   1.7229500e+00   7.2173917e+04   2.5428489e+01  -1.1683605e+03   8.9209594e-01
   1.7232900e+00   7.1885484e+04   2.5326526e+01  -2.6327563e+03   8.9572656e-01
   1.7236300e+00   7.2905293e+04   2.5898190e+01  -3.5107230e+03   9.0329775e-01
   1.7239700e+00   7.4654117e+04   2.6041344e+01  -4.0193060e+03   9.0484775e-01
   1.7243100e+00   8.1750999e+04   2.8889756e+01   9.4617989e+02   8.9799086e-01
   1.7246600e+00   8.9569066e+04   3.1426933e+01   7.2344377e+03   8.8836865e-01
   1.7250000e+00   9.0306671e+04   3.1716102e+01   7.3784600e+03   8.8182189e-01
   1.7253400e+00   8.5071393e+04   2.9786571e+01   2.5917036e+03   8.8464866e-01
   1.7256800e+00   7.7233118e+04   2.6911748e+01  -3.8988768e+03   8.8912625e-01
   1.7260300e+00   7.4805358e+04   2.6487153e+01  -4.4206226e+03   8.9489017e-01
   1.7263700e+00   7.4523760e+04   2.6423507e+01  -2.6728430e+03   8.9264537e-01
   1.7267100e+00   7.3317673e+04   2.6072119e+01  -2.1333155e+03   8.8496246e-01
   1.7270500e+00   7.4797087e+04   2.6341180e+01   5.2901225e+02   8.7530364e-01
   1.7274000e+00   7.4008615e+04   2.6129236e+01   2.6140300e+02   8.7229503e-01
   1.7277400e+00   7.4590742e+04   2.6226951e+01   7.7764856e+02   8.7430790e-01
   1.7280800e+00   7.6705463e+04   2.7138422e+01   2.4386416e+03   8.8125248e-01
   1.7284200e+00   7.6553728e+04   2.6899680e+01   1.6928623e+03   8.8375383e-01
   1.7287700e+00   7.5849732e+04   2.6480501e+01   4.7685337e+02   8.7749406e-01
   1.7291100e+00   7.4857303e+04   2.6211596e+01  -8.0289758e+02   8.6801261e-01
   1.7294500e+00   7.3701378e+04   2.5803460e+01  -1.9834096e+03   8.5907292e-01
   1.7298000e+00   7.4941495e+04   2.6336012e+01  -5.6643790e+02   8.6172297e-01
   1.7301400e+00   7.5580437e+04   2.6844062e+01   0.0000000e+00   8.6788608e-01
   1.7304800e+00   7.6628630e+04   2.6987906e+01   0.0000000e+00   8.7234091e-01
   1.7308300e+00   7.5963742e+04   2.6660733e+01   0.0000000e+00   8.7139932e-01
   1.7311700e+00   7.4249050e+04   2.6372859e+01   0.0000000e+00   8.6026347e-01
   1.7315100e+00   7.5731102e+04   2.6791780e+01   0.0000000e+00   8.5188351e-01
   1.7318600e+00   7.5627654e+04   2.6582609e+01   0.0000000e+00   8.4737113e-01
   1.7322000e+00   7.6916635e+04   2.7392703e+01   0.0000000e+00   8.4991651e-01
   1.7325400e+00   8.0289474e+04   2.8333614e+01   0.0000000e+00   8.5633973e-01
   1.7328900e+00   8.4253930e+04   2.9799713e+01   0.0000000e+00   8.6024744e-01
   1.7332300e+00   8.5674742e+04   2.9585344e+01   0.0000000e+00   8.5513490e-01
   1.7335700e+00   8.1700415e+04   2.8352610e+01   0.0000000e+00   8.4661850e-01
   1.7339200e+00   7.7964453e+04   2.7609264e+01   0.0000000e+00   8.4025589e-01
   1.7342600e+00   7.8187038e+04   2.8316243e+01   0.0000000e+00   8.4057613e-01
   1.7346100e+00   7.7905600e+04   2.7379114e+01   0.0000000e+00   8.4500653e-01
   1.7349500e+00   8.1930470e+04   2.8550850e+01   0.0000000e+00   8.5044040e-01
   1.7352900e+00   8.3697719e+04   2.9170556e+01   0.0000000e+00   8.4876627e-01
   1.7356400e+00   8.2967569e+04   2.8970553e+01   0.0000000e+00   8.4107318e-01
   1.7359800e+00   8.3936756e+04   2.9605416e+01   0.0000000e+00   8.3235169e-01
   1.7363300e+00   8.3183395e+04   2.9252505e+01   0.0000000e+00   8.2924629e-01
   1.7366700e+00   8.1322669e+04   2.8504242e+01   0.0000000e+00   8.3143009e-01
   1.7370200e+00   8.0149259e+04   2.8019054e+01   0.0000000e+00   8.3702700e-01
   1.7373600e+00   7.9581593e+04   2.8138249e+01   0.0000000e+00   8.4125702e-01
   1.7377100e+00   8.3080034e+04   2.8844440e+01   0.0000000e+00   8.3911611e-01
   1.7380500e+00   8.9792949e+04   3.1528288e+01   0.0000000e+00   8.3054330e-01
   1.7384000e+00   9.9799744e+04   3.4646253e+01   0.0000000e+00   8.2162510e-01
   1.7387400e+00   1.0066319e+05   3.4799041e+01   0.0000000e+00   8.2176679e-01
   1.7390900e+00   9.2827392e+04   3.2250944e+01   0.0000000e+00   8.2669714e-01
   1.7394300e+00   8.3984342e+04   2.9236735e+01   0.0000000e+00   8.3167783e-01
   1.7397800e+00   8.0662686e+04   2.8059257e+01   0.0000000e+00   8.3094357e-01
   1.7401200e+00   8.0628854e+04   2.7834202e+01   0.0000000e+00   8.2709867e-01
   1.7404700e+00   8.1078355e+04   2.8319430e+01   0.0000000e+00   8.1689699e-01
   1.7408100e+00   8.1432146e+04   2.8305863e+01   0.0000000e+00   8.1278893e-01
   1.7411600e+00   8.0838005e+04   2.8435599e+01   0.0000000e+00   8.1318777e-01
   1.7415000e+00   7.9838586e+04   2.8327429e+01   0.0000000e+00   8.2099031e-01
   1.7418500e+00   8.0762666e+04   2.8215271e+01   0.0000000e+00   8.2430384e-01
   1.7421900e+00   8.3311390e+04   2.9265183e+01   0.0000000e+00   8.2170135e-01
   1.7425400e+00   8.7010538e+04   3.0286854e+01   0.0000000e+00   8.1574652e-01
   1.7428800e+00   8.7430093e+04   3.0644869e+01   0.0000000e+00   8.0949554e-01
   1.7432300e+00   8.4876612e+04   2.9692314e+01   0.0000000e+00   8.0660852e-01
   1.7435800e+00   8.2941501e+04   2.8865805e+01   0.0000000e+00   8.1182164e-01
   1.7439200e+00   8.1960609e+04   2.8592438e+01   0.0000000e+00   8.1530766e-01
   1.7442700e+00   8.4210084e+04   2.9322640e+01   0.0000000e+00   8.1692195e-01
   1.7446100e+00   9.2341789e+04   3.2383274e+01   0.0000000e+00   8.1267313e-01
   1.7449600e+00   1.0008359e+05   3.5174841e+01   0.0000000e+00   8.0695792e-01
   1.7453100e+00   9.8197154e+04   3.3929687e+01   0.0000000e+00   8.0066187e-01
   1.7456500e+00   8.8582573e+04   3.1155436e+01   0.0000000e+00   8.0400328e-01
   1.7460000e+00   8.3591679e+04   2.8814097e+01   0.0000000e+00   8.0514536e-01
   1.7463400e+00   8.2915662e+04   2.8977160e+01   0.0000000e+00   8.1068721e-01
   1.7466900e+00   8.2422813e+04   2.8764768e+01   0.0000000e+00   8.1130025e-01
   1.7470400e+00   8.2967646e+04   2.8726822e+01   0.0000000e+00   8.0426829e-01
   1.7473800e+00   8.3381392e+04   2.8880077e+01   0.0000000e+00   7.9935639e-01
   1.7477300e+00   8.3585483e+04   2.8792781e+01   0.0000000e+00   7.9770717e-01
   1.7480800e+00   8.4107337e+04   2.9229310e+01   0.0000000e+00   8.0001263e-01
   1.7484200e+00   8.4103399e+04   2.9328460e+01   0.0000000e+00   8.0591997e-01
   1.7487700e+00   8.3635389e+04   2.9247241e+01   0.0000000e+00   8.0944529e-01
   1.7491200e+00   8.3787797e+04   2.9077567e+01   0.0000000e+00   8.0615679e-01
   1.7494600e+00   8.4040927e+04   2.9040472e+01   0.0000000e+00   7.9985964e-01
   1.7498100e+00   8.6422356e+04   2.9702918e+01   0.0000000e+00   7.9594695e-01
   1.7501600e+00   8.9921445e+04   3.1221974e+01   0.0000000e+00   7.9472984e-01
   1.7505100e+00   9.1100551e+04   3.2014121e+01   0.0000000e+00   7.9879930e-01
   1.7508500e+00   8.9867507e+04   3.1182179e+01   0.0000000e+00   8.0323376e-01
   1.7512000e+00   8.6457166e+04   2.9700943e+01   0.0000000e+00   8.0488312e-01
   1.7515500e+00   8.5162594e+04   2.9615467e+01   0.0000000e+00   7.9986860e-01
   1.7519000e+00   8.4300458e+04   2.9021207e+01   0.0000000e+00   7.9448358e-01
   1.7522400e+00   8.4606619e+04   2.9244860e+01   0.0000000e+00   7.9149600e-01
   1.7525900e+00   8.5905252e+04   2.9740248e+01   0.0000000e+00   7.9483093e-01
   1.7529400e+00   8.7125359e+04   3.0144203e+01   0.0000000e+00   8.0071817e-01
   1.7532900e+00   8.6007472e+04   2.9567021e+01   0.0000000e+00   8.0194041e-01
   1.7536300e+00   8.5279434e+04   3.0008691e+01   0.0000000e+00   7.9983463e-01
   1.7539800e+00   8.5574381e+04   2.9862384e+01   0.0000000e+00   7.9525576e-01
   1.7543300e+00   8.6447944e+04   2.9832151e+01   0.0000000e+00   7.8936770e-01
   1.7546800e+00   8.5404813e+04   2.9917438e+01   0.0000000e+00   7.8916621e-01
   1.7550200e+00   8.6045034e+04   2.9953628e+01   0.0000000e+00   7.9276520e-01
   1.7553700e+00   8.4858861e+04   2.9423071e+01   0.0000000e+00   7.9744315e-01
   1.7557200e+00   8.4521349e+04   2.9431801e+01   0.0000000e+00   7.9791459e-01
   1.7560700e+00   8.4772580e+04   3.0028364e+01   0.0000000e+00   7.9559426e-01
   1.7564200e+00   8.5563703e+04   2.9701958e+01   0.0000000e+00   7.9005100e-01
   1.7567700e+00   8.4927860e+04   2.9652293e+01   0.0000000e+00   7.8702464e-01
   1.7571100e+00   8.5355902e+04   2.9736041e+01   0.0000000e+00   7.8766824e-01
   1.7574600e+00   8.4275826e+04   2.9267265e+01   0.0000000e+00   7.9309176e-01
   1.7578100e+00   8.4600153e+04   2.9505030e+01   0.0000000e+00   7.9774607e-01
   1.7581600e+00   8.5411771e+04   2.9662235e+01   0.0000000e+00   7.9774307e-01
   1.7585100e+00   8.5238165e+04   2.9525215e+01   0.0000000e+00   7.9355646e-01
   1.7588600e+00   8.6005042e+04   2.9914393e+01   0.0000000e+00   7.8674422e-01
   1.7592100e+00   8.6426072e+04   2.9938275e+01   0.0000000e+00   7.8411199e-01
   1.7595500e+00   8.7124600e+04   3.0104803e+01   0.0000000e+00   7.8838955e-01
   1.7599000e+00   8.7469692e+04   3.0477448e+01   0.0000000e+00   7.9436010e-01
   1.7602500e+00   8.7791950e+04   3.0371785e+01   0.0000000e+00   7.9578796e-01
   1.7606000e+00   8.8210176e+04   3.0543495e+01   0.0000000e+00   7.9400973e-01
   1.7609500e+00   9.0254669e+04   3.1218026e+01   0.0000000e+00   7.8853302e-01
   1.7613000e+00   8.9403359e+04   3.0951056e+01   0.0000000e+00   7.8453885e-01
   1.7616500e+00   9.1658235e+04   3.1542039e+01   0.0000000e+00   7.8121738e-01
   1.7620000e+00   9.0181741e+04   3.1383920e+01   0.0000000e+00   7.8539838e-01
   1.7623500e+00   9.1390951e+04   3.1676786e+01   0.0000000e+00   7.9182316e-01
   1.7627000e+00   9.1511245e+04   3.1535565e+01   0.0000000e+00   7.9348424e-01
   1.7630500e+00   9.2394316e+04   3.1679055e+01   0.0000000e+00   7.8967371e-01
   1.7633900e+00   9.1291721e+04   3.1850254e+01   0.0000000e+00   7.8426294e-01
   1.7637400e+00   9.2702861e+04   3.1993421e+01   0.0000000e+00   7.7971422e-01
   1.7640900e+00   9.2822444e+04   3.1949668e+01   0.0000000e+00   7.8059083e-01
   1.7644400e+00   9.7145248e+04   3.3373679e+01   0.0000000e+00   7.8422820e-01
   1.7647900e+00   1.1256277e+05   3.9566959e+01   0.0000000e+00   7.8855314e-01
   1.7651400e+00   1.3978409e+05   4.8161954e+01   0.0000000e+00   7.8802873e-01
   1.7654900e+00   1.4518928e+05   4.9655427e+01   0.0000000e+00   7.8344668e-01
   1.7658400e+00   1.2571587e+05   4.3493366e+01   0.0000000e+00   7.7683339e-01
   1.7661900e+00   1.0638184e+05   3.6713592e+01   0.0000000e+00   7.7335597e-01
   1.7665400e+00   1.0276248e+05   3.5516515e+01   0.0000000e+00   7.7656779e-01
   1.7668900e+00   1.0859627e+05   3.7786890e+01   0.0000000e+00   7.8275205e-01
   1.7672400e+00   1.1330927e+05   3.9139903e+01   0.0000000e+00   7.8674115e-01
   1.7675900e+00   1.0850283e+05   3.7180730e+01   0.0000000e+00   7.8308598e-01
   1.7679400e+00   1.0130841e+05   3.4649673e+01   0.0000000e+00   7.7852033e-01
   1.7682900e+00   9.7925125e+04   3.3433061e+01   0.0000000e+00   7.7412397e-01
   1.7686400e+00   9.6711245e+04   3.3072656e+01   0.0000000e+00   7.7338199e-01
   1.7690000e+00   9.7046156e+04   3.3532317e+01   0.0000000e+00   7.7435889e-01
   1.7693500e+00   9.7793567e+04   3.3524566e+01   0.0000000e+00   7.7981015e-01
   1.7697000e+00   1.0083044e+05   3.4629870e+01   0.0000000e+00   7.8447203e-01
   1.7700500e+00   1.0076691e+05   3.4890934e+01   0.0000000e+00   7.7895439e-01
   1.7704000e+00   1.0030164e+05   3.4330725e+01   0.0000000e+00   7.7275187e-01
   1.7707500e+00   9.7735114e+04   3.3969355e+01   0.0000000e+00   7.6986164e-01
   1.7711000e+00   9.7469920e+04   3.3630889e+01   0.0000000e+00   7.6904756e-01
   1.7714500e+00   9.7544506e+04   3.3545586e+01   0.0000000e+00   7.7213048e-01
   1.7718000e+00   9.7381066e+04   3.3485657e+01   0.0000000e+00   7.7719566e-01
   1.7721500e+00   9.9710793e+04   3.4091321e+01   0.0000000e+00   7.7590051e-01
   1.7725000e+00   9.8793159e+04   3.3877203e+01   0.0000000e+00   7.6891915e-01
   1.7728500e+00   9.8741877e+04   3.4050245e+01   0.0000000e+00   7.6268417e-01
   1.7732100e+00   1.0107379e+05   3.4313848e+01   0.0000000e+00   7.6075864e-01
   1.7735600e+00   1.0140820e+05   3.4518601e+01   0.0000000e+00   7.6032747e-01
   1.7739100e+00   9.9641001e+04   3.4303928e+01   0.0000000e+00   7.6405696e-01
   1.7742600e+00   1.0026677e+05   3.4341476e+01   0.0000000e+00   7.6366462e-01
   1.7746100e+00   1.0172107e+05   3.4754746e+01   0.0000000e+00   7.5958705e-01
   1.7749600e+00   9.9736794e+04   3.4603671e+01   0.0000000e+00   7.5549665e-01
   1.7753100e+00   9.9667345e+04   3.4330119e+01   0.0000000e+00   7.4725882e-01
   1.7756700e+00   1.0042417e+05   3.4479709e+01   0.0000000e+00   7.4164388e-01
   1.7760200e+00   1.0164444e+05   3.4790979e+01   0.0000000e+00   7.4261705e-01
   1.7763700e+00   1.0128052e+05   3.4386699e+01   0.0000000e+00   7.4354772e-01
   1.7767200e+00   1.0173750e+05   3.4579085e+01   0.0000000e+00   7.4403042e-01
   1.7770700e+00   1.0161871e+05   3.5017859e+01   0.0000000e+00   7.4009017e-01
   1.7774200e+00   1.0202060e+05   3.4948428e+01   0.0000000e+00   7.3128473e-01
   1.7777800e+00   1.0236318e+05   3.4992786e+01   0.0000000e+00   7.2323420e-01
   1.7781300e+00   1.0221061e+05   3.4934307e+01   0.0000000e+00   7.2042782e-01
   1.7784800e+00   1.0269316e+05   3.5290319e+01   0.0000000e+00   7.2023215e-01
   1.7788300e+00   1.0276287e+05   3.4978587e+01   0.0000000e+00   7.1869294e-01
   1.7791900e+00   1.0245940e+05   3.5304411e+01   0.0000000e+00   7.1639413e-01
   1.7795400e+00   1.0344602e+05   3.5577969e+01   0.0000000e+00   7.0946697e-01
   1.7798900e+00   1.0457392e+05   3.5633507e+01   0.0000000e+00   6.9939667e-01
   1.7802400e+00   1.0500677e+05   3.6150733e+01   0.0000000e+00   6.9320066e-01
   1.7805900e+00   1.0461215e+05   3.5646396e+01   0.0000000e+00   6.9162773e-01
   1.7809500e+00   1.0547907e+05   3.5909155e+01   0.0000000e+00   6.8841099e-01
   1.7813000e+00   1.0789698e+05   3.6824083e+01   0.0000000e+00   6.8396849e-01
   1.7816500e+00   1.0633678e+05   3.6194855e+01   0.0000000e+00   6.7481072e-01
   1.7820000e+00   1.0600632e+05   3.5923769e+01   0.0000000e+00   6.6539550e-01
   1.7823600e+00   1.0568275e+05   3.6315527e+01   0.0000000e+00   6.5801958e-01
   1.7827100e+00   1.0675811e+05   3.6261135e+01   0.0000000e+00   6.4772523e-01
   1.7830600e+00   1.0724559e+05   3.6809064e+01   0.0000000e+00   6.4277016e-01
   1.7834200e+00   1.0810510e+05   3.6703312e+01   0.0000000e+00   6.3809751e-01
   1.7837700e+00   1.0880087e+05   3.7175074e+01   0.0000000e+00   6.3177794e-01
   1.7841200e+00   1.0862277e+05   3.7043968e+01   0.0000000e+00   6.2259029e-01
   1.7844800e+00   1.0692263e+05   3.6789928e+01   0.0000000e+00   6.0929114e-01
   1.7848300e+00   1.0870455e+05   3.7549174e+01   0.0000000e+00   5.9708360e-01
   1.7851800e+00   1.1050956e+05   3.7920980e+01   0.0000000e+00   5.8461841e-01
   1.7855400e+00   1.1141694e+05   3.7952253e+01   0.0000000e+00   5.8050924e-01
   1.7858900e+00   1.0942828e+05   3.8348459e+01   0.0000000e+00   5.7583574e-01
   1.7862400e+00   1.1069139e+05   3.7519103e+01   0.0000000e+00   5.6405562e-01
   1.7866000e+00   1.1230578e+05   3.8077941e+01   0.0000000e+00   5.5014536e-01
   1.7869500e+00   1.1149290e+05   3.7956301e+01   0.0000000e+00   5.3834903e-01
   1.7873000e+00   1.1460641e+05   3.9065602e+01   0.0000000e+00   5.2535181e-01
   1.7876600e+00   1.2410974e+05   4.3083316e+01   0.0000000e+00   5.1554243e-01
   1.7880100e+00   1.3269771e+05   4.5239497e+01   0.0000000e+00   5.0561309e-01
   1.7883600e+00   1.3345178e+05   4.5539911e+01   0.0000000e+00   4.9491837e-01
   1.7887200e+00   1.2434769e+05   4.2604914e+01   0.0000000e+00   4.8319091e-01
   1.7890700e+00   1.1816881e+05   4.0050222e+01   0.0000000e+00   4.6919727e-01
   1.7894200e+00   1.1711072e+05   3.9689673e+01   0.0000000e+00   4.5547428e-01
   1.7897800e+00   1.1694119e+05   3.9748599e+01   0.0000000e+00   4.4442573e-01
   1.7901300e+00   1.1872239e+05   4.0485634e+01   0.0000000e+00   4.3355152e-01
   1.7904900e+00   1.1920659e+05   4.0356776e+01   0.0000000e+00   4.2342986e-01
   1.7908400e+00   1.1901579e+05   4.0286306e+01   0.0000000e+00   4.1321297e-01
   1.7912000e+00   1.2002512e+05   4.0683011e+01   0.0000000e+00   4.0042369e-01
   1.7915500e+00   1.1931839e+05   4.0755330e+01   0.0000000e+00   3.8878061e-01
   1.7919000e+00   1.2144756e+05   4.1309541e+01   0.0000000e+00   3.7442432e-01
   1.7922600e+00   1.2343869e+05   4.1644417e+01   0.0000000e+00   3.6235732e-01
   1.7926100e+00   1.2214565e+05   4.1331263e+01   0.0000000e+00   3.5348302e-01
   1.7929700e+00   1.2272845e+05   4.1511278e+01   0.0000000e+00   3.4515800e-01
   1.7933200e+00   1.2504038e+05   4.2581127e+01   0.0000000e+00   3.3688881e-01
   1.7936800e+00   1.2584155e+05   4.2833453e+01   0.0000000e+00   3.2794750e-01
   1.7940300e+00   1.2805888e+05   4.3496662e+01   0.0000000e+00   3.1616223e-01
   1.7943900e+00   1.2648158e+05   4.3546441e+01   0.0000000e+00   3.0790277e-01
   1.7947400e+00   1.2797554e+05   4.3493976e+01   0.0000000e+00   3.0059534e-01
   1.7951000e+00   1.3082709e+05   4.4557646e+01   0.0000000e+00   2.9680039e-01
   1.7954500e+00   1.3782998e+05   4.8630475e+01   0.0000000e+00   3.3883136e-01
