   1.4744400e+00   0.0000000e+00   0.0000000e+00   0.0000000e+00   0.0000000e+00
   1.4747000e+00   0.0000000e+00   0.0000000e+00   0.0000000e+00   0.0000000e+00
   1.4749600e+00   0.0000000e+00   0.0000000e+00   0.0000000e+00   0.0000000e+00
   1.4752200e+00   0.0000000e+00   0.0000000e+00   0.0000000e+00   0.0000000e+00
   1.4754800e+00   0.0000000e+00   0.0000000e+00   0.0000000e+00   0.0000000e+00
   1.4757400e+00   0.0000000e+00   0.0000000e+00   0.0000000e+00   0.0000000e+00
   1.4760000e+00   0.0000000e+00   0.0000000e+00   0.0000000e+00   0.0000000e+00
   1.4762600e+00   0.0000000e+00   0.0000000e+00   0.0000000e+00   0.0000000e+00
   1.4765200e+00   0.0000000e+00   0.0000000e+00   0.0000000e+00   0.0000000e+00
   1.4767800e+00   0.0000000e+00   0.0000000e+00   0.0000000e+00   0.0000000e+00
   1.4770400e+00   0.0000000e+00   0.0000000e+00   0.0000000e+00   0.0000000e+00
   1.4773100e+00   0.0000000e+00   0.0000000e+00   0.0000000e+00   0.0000000e+00
   1.4775700e+00   0.0000000e+00   0.0000000e+00   0.0000000e+00   0.0000000e+00
   1.4778300e+00   0.0000000e+00   0.0000000e+00   0.0000000e+00   0.0000000e+00
   1.4780900e+00   0.0000000e+00   0.0000000e+00   0.0000000e+00   0.0000000e+00
   1.4783500e+00   0.0000000e+00   0.0000000e+00   0.0000000e+00   0.0000000e+00
   1.4786100e+00   0.0000000e+00   0.0000000e+00   0.0000000e+00   0.0000000e+00
   1.4788800e+00   0.0000000e+00   0.0000000e+00   0.0000000e+00   0.0000000e+00
   1.4791400e+00   0.0000000e+00   0.0000000e+00   0.0000000e+00   0.0000000e+00
   1.4794000e+00   0.0000000e+00   0.0000000e+00   0.0000000e+00   0.0000000e+00
   1.4796600e+00   0.0000000e+00   0.0000000e+00   0.0000000e+00   0.0000000e+00
   1.4799300e+00   0.0000000e+00   0.0000000e+00   0.0000000e+00   0.0000000e+00
   1.4801900e+00   0.0000000e+00   0.0000000e+00   0.0000000e+00   0.0000000e+00
   1.4804500e+00   0.0000000e+00   0.0000000e+00   0.0000000e+00   0.0000000e+00
   1.4807200e+00   4.4780128e+04   1.9408260e+01   0.0000000e+00   4.4923538e-01
   1.4809800e+00   4.4652394e+04   1.9790875e+01   0.0000000e+00   4.6008171e-01
   1.4812400e+00   4.3244629e+04   1.9398647e+01   0.0000000e+00   4.7285421e-01
   1.4815100e+00   4.4036792e+04   1.9189259e+01   0.0000000e+00   4.7536128e-01
   1.4817700e+00   4.4125264e+04   1.8982937e+01   0.0000000e+00   4.8153364e-01
   1.4820300e+00   4.3168766e+04   1.8569900e+01   0.0000000e+00   4.8996996e-01
   1.4823000e+00   4.5218621e+04   1.8811925e+01   0.0000000e+00   4.9621909e-01
   1.4825600e+00   4.4498408e+04   1.9145752e+01   0.0000000e+00   5.1130710e-01
   1.4828300e+00   4.5161670e+04   1.9839349e+01   0.0000000e+00   5.1784029e-01
   1.4830900e+00   4.7152573e+04   2.0917854e+01   0.0000000e+00   5.3210037e-01
   1.4833500e+00   4.8545072e+04   2.0601115e+01   0.0000000e+00   5.3897620e-01
   1.4836200e+00   4.8955150e+04   2.1191224e+01   0.0000000e+00   5.4821862e-01
   1.4838800e+00   4.6520708e+04   2.0162873e+01   0.0000000e+00   5.5874818e-01
   1.4841500e+00   4.4160420e+04   1.8961497e+01   0.0000000e+00   5.6743363e-01
   1.4844100e+00   4.4556453e+04   2.1194712e+01   0.0000000e+00   5.7849263e-01
   1.4846800e+00   4.3765815e+04   1.8950795e+01   0.0000000e+00   5.9175713e-01
   1.4849400e+00   4.3638889e+04   1.8998236e+01   0.0000000e+00   5.9767956e-01
   1.4852100e+00   4.4013013e+04   1.9824336e+01   0.0000000e+00   6.0834839e-01
   1.4854700e+00   4.4630056e+04   2.1100176e+01   0.0000000e+00   6.1962407e-01
   1.4857400e+00   4.3266692e+04   1.8303957e+01   0.0000000e+00   6.3257291e-01
   1.4860100e+00   4.5912106e+04   2.1757315e+01   0.0000000e+00   6.4199109e-01
   1.4862700e+00   4.5889899e+04   2.2347689e+01   0.0000000e+00   6.5527991e-01
   1.4865400e+00   4.6365387e+04   2.2524197e+01   0.0000000e+00   6.6331567e-01
   1.4868000e+00   4.6004164e+04   2.0896769e+01   0.0000000e+00   6.7481342e-01
   1.4870700e+00   4.5045570e+04   1.9238505e+01   0.0000000e+00   6.8238678e-01
   1.4873400e+00   4.4797403e+04   2.1315121e+01   0.0000000e+00   6.9700280e-01
   1.4876000e+00   4.4787420e+04   2.0457450e+01   0.0000000e+00   7.0552352e-01
   1.4878700e+00   4.4341040e+04   1.9532533e+01   0.0000000e+00   7.2026489e-01
   1.4881400e+00   4.5177479e+04   2.1424722e+01   0.0000000e+00   7.3108002e-01
   1.4884000e+00   4.9881747e+04   2.0519574e+01   0.0000000e+00   7.4252175e-01
   1.4886700e+00   5.5654966e+04   2.2653435e+01   0.0000000e+00   7.5244646e-01
   1.4889400e+00   5.5916046e+04   2.2841034e+01   0.0000000e+00   7.6192704e-01
   1.4892000e+00   5.1742022e+04   2.0757621e+01   0.0000000e+00   7.7640704e-01
   1.4894700e+00   4.7774086e+04   2.0410201e+01   0.0000000e+00   7.8625805e-01
   1.4897400e+00   4.5321686e+04   1.8179676e+01   0.0000000e+00   7.9912838e-01
   1.4900100e+00   4.4822439e+04   1.7376852e+01   0.0000000e+00   8.1111640e-01
   1.4902700e+00   4.5591886e+04   1.8938135e+01   0.0000000e+00   8.2051235e-01
   1.4905400e+00   4.6012219e+04   1.7873817e+01   0.0000000e+00   8.2967628e-01
   1.4908100e+00   4.6913938e+04   2.0379933e+01   0.0000000e+00   8.3983103e-01
   1.4910800e+00   4.8699624e+04   2.1264833e+01   0.0000000e+00   8.5063694e-01
   1.4913500e+00   4.7478350e+04   1.8174541e+01   0.0000000e+00   8.6186606e-01
   1.4916200e+00   4.6420495e+04   1.9744153e+01   0.0000000e+00   8.7195003e-01
   1.4918800e+00   4.6334455e+04   1.8102710e+01   0.0000000e+00   8.8288107e-01
   1.4921500e+00   4.6164220e+04   1.7788027e+01   0.0000000e+00   8.9200297e-01
   1.4924200e+00   4.7329774e+04   1.8945673e+01   0.0000000e+00   9.0062975e-01
   1.4926900e+00   4.8441890e+04   1.9829294e+01   0.0000000e+00   9.0864461e-01
   1.4929600e+00   5.0685364e+04   1.9706150e+01   0.0000000e+00   9.2096136e-01
   1.4932300e+00   5.1257548e+04   1.9446923e+01   0.0000000e+00   9.3173126e-01
   1.4935000e+00   5.1542707e+04   1.8727888e+01   0.0000000e+00   9.4481303e-01
   1.4937700e+00   5.0830480e+04   1.8330099e+01   0.0000000e+00   9.5009829e-01
   1.4940400e+00   4.8160210e+04   1.8076070e+01   0.0000000e+00   9.5772265e-01
   1.4943100e+00   4.7750051e+04   1.7572254e+01   0.0000000e+00   9.6385055e-01
   1.4945700e+00   4.7740142e+04   1.7735799e+01   0.0000000e+00   9.7350458e-01
   1.4948400e+00   4.8482597e+04   1.7729455e+01   0.0000000e+00   9.8134412e-01
   1.4951100e+00   4.8088220e+04   1.7267836e+01   0.0000000e+00   9.9145880e-01
   1.4953800e+00   4.7217013e+04   1.7020777e+01   0.0000000e+00   9.9895643e-01
   1.4956600e+00   4.7753177e+04   1.7758407e+01   0.0000000e+00   1.0047051e+00
   1.4959300e+00   4.8096513e+04   1.7458940e+01   0.0000000e+00   1.0115920e+00
   1.4962000e+00   4.6411018e+04   1.6932027e+01   0.0000000e+00   1.0152237e+00
   1.4964700e+00   4.7745936e+04   1.7442840e+01   0.0000000e+00   1.0208437e+00
   1.4967400e+00   4.8256759e+04   1.8095560e+01   0.0000000e+00   1.0269686e+00
   1.4970100e+00   4.7269980e+04   1.7761744e+01   0.0000000e+00   1.0356472e+00
   1.4972800e+00   4.6704640e+04   1.6809115e+01   0.0000000e+00   1.0423793e+00
   1.4975500e+00   4.7157216e+04   1.7135289e+01   0.0000000e+00   1.0458158e+00
   1.4978200e+00   4.7598548e+04   1.7096184e+01   0.0000000e+00   1.0476696e+00
   1.4980900e+00   4.7675138e+04   1.8934338e+01   0.0000000e+00   1.0471081e+00
   1.4983600e+00   4.6886660e+04   1.6940549e+01   0.0000000e+00   1.0551119e+00
   1.4986400e+00   4.7160328e+04   1.7186812e+01   0.0000000e+00   1.0615491e+00
   1.4989100e+00   4.7341018e+04   1.7032509e+01   0.0000000e+00   1.0688181e+00
   1.4991800e+00   4.7503283e+04   1.7374230e+01   0.0000000e+00   1.0679013e+00
   1.4994500e+00   4.7855568e+04   1.7521134e+01   0.0000000e+00   1.0712741e+00
   1.4997200e+00   4.7246564e+04   1.7860929e+01   0.0000000e+00   1.0676863e+00
   1.5000000e+00   4.6383047e+04   1.6655189e+01   0.0000000e+00   1.0773358e+00
   1.5002700e+00   4.7623373e+04   1.9885546e+01   0.0000000e+00   1.0769093e+00
   1.5005400e+00   4.7985019e+04   1.7324648e+01   0.0000000e+00   1.0844923e+00
   1.5008100e+00   4.6934967e+04   1.7384026e+01   0.0000000e+00   1.0812200e+00
   1.5010900e+00   4.8016996e+04   1.7410619e+01   0.0000000e+00   1.0843409e+00
   1.5013600e+00   4.7407289e+04   1.7148214e+01   0.0000000e+00   1.0844996e+00
   1.5016300e+00   4.6399407e+04   1.6808593e+01   0.0000000e+00   1.0850528e+00
   1.5019000e+00   4.6990330e+04   1.6785074e+01   0.0000000e+00   1.0864544e+00
   1.5021800e+00   4.7310523e+04   1.7432567e+01   0.0000000e+00   1.0877057e+00
   1.5024500e+00   4.7449630e+04   1.7629610e+01   0.0000000e+00   1.0958994e+00
   1.5027200e+00   4.8479833e+04   1.8028186e+01   0.0000000e+00   1.0947258e+00
   1.5030000e+00   4.8363731e+04   1.7332418e+01   0.0000000e+00   1.0907356e+00
   1.5032700e+00   4.8503791e+04   1.7399078e+01   0.0000000e+00   1.0904186e+00
   1.5035400e+00   4.8461404e+04   1.7292619e+01   0.0000000e+00   1.0870377e+00
   1.5038200e+00   4.8029248e+04   1.7463724e+01   0.0000000e+00   1.0887090e+00
   1.5040900e+00   4.8431562e+04   1.7184006e+01   0.0000000e+00   1.0928164e+00
   1.5043700e+00   4.8474080e+04   1.7509650e+01   0.0000000e+00   1.0897150e+00
   1.5046400e+00   4.9664532e+04   1.7655097e+01   0.0000000e+00   1.0913374e+00
   1.5049200e+00   5.5558351e+04   1.9745910e+01   0.0000000e+00   1.0870065e+00
   1.5051900e+00   7.7042731e+04   2.8231362e+01   0.0000000e+00   1.0859516e+00
   1.5054600e+00   9.7528354e+04   3.4062547e+01   0.0000000e+00   1.0823336e+00
   1.5057400e+00   9.8546045e+04   3.3954387e+01   0.0000000e+00   1.0912888e+00
   1.5060100e+00   8.2394431e+04   2.9773575e+01   0.0000000e+00   1.0879782e+00
   1.5062900e+00   5.8815649e+04   2.1267614e+01   0.0000000e+00   1.0865235e+00
   1.5065600e+00   6.0617990e+04   2.1178967e+01   0.0000000e+00   1.0823939e+00
   1.5068400e+00   6.6117156e+04   2.3138206e+01   0.0000000e+00   1.0787409e+00
   1.5071100e+00   6.4472508e+04   2.3434604e+01   0.0000000e+00   1.0755545e+00
   1.5073900e+00   5.8332104e+04   2.0891300e+01   0.0000000e+00   1.0791125e+00
   1.5076700e+00   5.1255651e+04   1.8159715e+01   0.0000000e+00   1.0799722e+00
   1.5079400e+00   4.9518298e+04   1.7701374e+01   0.0000000e+00   1.0792636e+00
   1.5082200e+00   4.9624819e+04   1.7405490e+01   0.0000000e+00   1.0751396e+00
   1.5084900e+00   5.2660416e+04   1.8565910e+01   0.0000000e+00   1.0721214e+00
   1.5087700e+00   5.3907735e+04   1.8973026e+01   0.0000000e+00   1.0679831e+00
   1.5090500e+00   5.3226048e+04   1.8741104e+01   0.0000000e+00   1.0654306e+00
   1.5093200e+00   5.2275682e+04   1.8494448e+01   0.0000000e+00   1.0653917e+00
   1.5096000e+00   5.0326530e+04   1.7829651e+01   0.0000000e+00   1.0676652e+00
   1.5098700e+00   4.9630153e+04   1.7616984e+01   0.0000000e+00   1.0653381e+00
   1.5101500e+00   4.9256609e+04   1.7476725e+01   0.0000000e+00   1.0615610e+00
   1.5104300e+00   4.9461169e+04   1.7674991e+01   0.0000000e+00   1.0585279e+00
   1.5107000e+00   5.0286213e+04   1.8725051e+01   0.0000000e+00   1.0545461e+00
   1.5109800e+00   5.0295801e+04   1.8105764e+01   0.0000000e+00   1.0561562e+00
   1.5112600e+00   5.0191201e+04   1.8042213e+01   0.0000000e+00   1.0599806e+00
   1.5115400e+00   5.0200567e+04   1.7839075e+01   0.0000000e+00   1.0548761e+00
   1.5118100e+00   5.0139008e+04   1.7752907e+01   0.0000000e+00   1.0510805e+00
   1.5120900e+00   4.9850698e+04   1.7886544e+01   0.0000000e+00   1.0464868e+00
   1.5123700e+00   4.9151524e+04   1.7513629e+01   0.0000000e+00   1.0414862e+00
   1.5126500e+00   4.9103673e+04   1.7589464e+01   0.0000000e+00   1.0419322e+00
   1.5129200e+00   4.9001492e+04   1.7418932e+01   0.0000000e+00   1.0477176e+00
   1.5132000e+00   4.8916107e+04   1.7292656e+01   0.0000000e+00   1.0461535e+00
   1.5134800e+00   4.9904445e+04   1.7744026e+01   0.0000000e+00   1.0432892e+00
   1.5137600e+00   4.8936141e+04   1.7346066e+01   0.0000000e+00   1.0386746e+00
   1.5140400e+00   4.9687221e+04   1.7717309e+01   0.0000000e+00   1.0345186e+00
   1.5143200e+00   5.0337460e+04   1.7978715e+01   0.0000000e+00   1.0361151e+00
   1.5145900e+00   4.9262459e+04   1.7458372e+01   0.0000000e+00   1.0385802e+00
   1.5148700e+00   4.9085156e+04   1.7792826e+01   0.0000000e+00   1.0386114e+00
   1.5151500e+00   5.0254531e+04   1.7698273e+01   0.0000000e+00   1.0405210e+00
   1.5154300e+00   4.9750731e+04   1.7621581e+01   0.0000000e+00   1.0379455e+00
   1.5157100e+00   5.0037992e+04   1.7834436e+01   0.0000000e+00   1.0319060e+00
   1.5159900e+00   5.0042687e+04   1.7628109e+01   0.0000000e+00   1.0305515e+00
   1.5162700e+00   5.0370663e+04   1.7942937e+01   0.0000000e+00   1.0297815e+00
   1.5165500e+00   5.0923623e+04   1.7925734e+01   0.0000000e+00   1.0331403e+00
   1.5168300e+00   5.0665338e+04   1.7678946e+01   0.0000000e+00   1.0357049e+00
   1.5171100e+00   5.1032661e+04   1.7940771e+01   0.0000000e+00   1.0346102e+00
   1.5173900e+00   5.1128631e+04   1.8076931e+01   0.0000000e+00   1.0309433e+00
   1.5176700e+00   5.1187442e+04   1.8225863e+01   0.0000000e+00   1.0274773e+00
   1.5179500e+00   5.1171761e+04   1.8126584e+01   0.0000000e+00   1.0269951e+00
   1.5182300e+00   5.2869184e+04   1.8661421e+01   0.0000000e+00   1.0283776e+00
   1.5185100e+00   5.8516086e+04   2.0574512e+01   0.0000000e+00   1.0314445e+00
   1.5187900e+00   6.0621676e+04   2.1274767e+01   0.0000000e+00   1.0347843e+00
   1.5190700e+00   5.8413832e+04   2.0688524e+01   0.0000000e+00   1.0296057e+00
   1.5193500e+00   5.4104316e+04   1.9117341e+01   0.0000000e+00   1.0260785e+00
   1.5196300e+00   5.1595294e+04   1.8155499e+01   0.0000000e+00   1.0274134e+00
   1.5199100e+00   5.0914168e+04   1.8061405e+01   0.0000000e+00   1.0299102e+00
   1.5201900e+00   5.1551113e+04   1.8446419e+01   0.0000000e+00   1.0322725e+00
   1.5204700e+00   5.1115744e+04   1.8035627e+01   0.0000000e+00   1.0328843e+00
   1.5207500e+00   5.1198584e+04   1.8296022e+01   0.0000000e+00   1.0294205e+00
   1.5210300e+00   5.1259393e+04   1.7956162e+01   0.0000000e+00   1.0290996e+00
   1.5213200e+00   5.1070643e+04   1.7799676e+01   0.0000000e+00   1.0278771e+00
   1.5216000e+00   5.0812919e+04   1.8062817e+01   0.0000000e+00   1.0299216e+00
   1.5218800e+00   5.0748489e+04   1.7853742e+01   0.0000000e+00   1.0312837e+00
   1.5221600e+00   5.1124716e+04   1.7873530e+01   0.0000000e+00   1.0341108e+00
   1.5224400e+00   5.0661808e+04   1.7751087e+01   0.0000000e+00   1.0384594e+00
   1.5227200e+00   5.0934555e+04   1.8084005e+01   0.0000000e+00   1.0343186e+00
   1.5230100e+00   5.0928764e+04   1.8252587e+01   0.0000000e+00   1.0304757e+00
   1.5232900e+00   5.1664337e+04   1.8136583e+01   0.0000000e+00   1.0309540e+00
   1.5235700e+00   5.8631141e+04   2.1070720e+01   0.0000000e+00   1.0371700e+00
   1.5238500e+00   7.9367998e+04   2.7667908e+01   0.0000000e+00   1.0391872e+00
   1.5241400e+00   8.4739437e+04   2.9079120e+01   0.0000000e+00   1.0417145e+00
   1.5244200e+00   7.9329714e+04   2.7752351e+01   0.0000000e+00   1.0433390e+00
   1.5247000e+00   6.0694169e+04   2.1770839e+01   0.0000000e+00   1.0412255e+00
   1.5249800e+00   5.1342513e+04   1.8331757e+01   0.0000000e+00   1.0380329e+00
   1.5252700e+00   5.0506348e+04   1.7885843e+01   0.0000000e+00   1.0388959e+00
   1.5255500e+00   4.9580450e+04   1.7366394e+01   0.0000000e+00   1.0418861e+00
   1.5258300e+00   4.9979921e+04   1.8067744e+01   0.0000000e+00   1.0455138e+00
   1.5261200e+00   5.0406568e+04   1.7815624e+01   0.0000000e+00   1.0483194e+00
   1.5264000e+00   5.0009531e+04   1.7556407e+01   0.0000000e+00   1.0465727e+00
   1.5266800e+00   5.0407005e+04   1.8064051e+01   0.0000000e+00   1.0464324e+00
   1.5269700e+00   5.1392162e+04   1.8198090e+01   0.0000000e+00   1.0461705e+00
   1.5272500e+00   5.0542599e+04   1.7798545e+01   0.0000000e+00   1.0506912e+00
   1.5275400e+00   5.0568082e+04   1.7733915e+01   0.0000000e+00   1.0532390e+00
   1.5278200e+00   5.1258471e+04   1.8341141e+01   0.0000000e+00   1.0557308e+00
   1.5281000e+00   5.2326472e+04   1.8791222e+01   0.0000000e+00   1.0553073e+00
   1.5283900e+00   5.7721746e+04   2.0468654e+01   0.0000000e+00   1.0550064e+00
   1.5286700e+00   6.3416614e+04   2.2021799e+01   0.0000000e+00   1.0551267e+00
   1.5289600e+00   6.4202231e+04   2.2404746e+01   0.0000000e+00   1.0590733e+00
   1.5292400e+00   5.7710701e+04   2.0376900e+01   0.0000000e+00   1.0628597e+00
   1.5295300e+00   5.1264856e+04   1.8256790e+01   0.0000000e+00   1.0637974e+00
   1.5298100e+00   5.1417649e+04   1.8280381e+01   0.0000000e+00   1.0660509e+00
   1.5301000e+00   5.1447798e+04   1.8064453e+01   0.0000000e+00   1.0660422e+00
   1.5303800e+00   5.1353218e+04   1.8098510e+01   0.0000000e+00   1.0662910e+00
   1.5306700e+00   5.1824300e+04   1.8615169e+01   0.0000000e+00   1.0642347e+00
   1.5309500e+00   5.2518514e+04   1.8647007e+01   0.0000000e+00   1.0696852e+00
   1.5312400e+00   5.2635682e+04   1.8727228e+01   0.0000000e+00   1.0736548e+00
   1.5315200e+00   5.2796469e+04   1.8590819e+01   0.0000000e+00   1.0786970e+00
   1.5318100e+00   5.2827551e+04   1.8636353e+01   0.0000000e+00   1.0791529e+00
   1.5320900e+00   5.2086827e+04   1.8261649e+01   0.0000000e+00   1.0756641e+00
   1.5323800e+00   5.3201261e+04   1.8502982e+01   0.0000000e+00   1.0776356e+00
   1.5326700e+00   6.0007995e+04   2.1425796e+01   0.0000000e+00   1.0831425e+00
   1.5329500e+00   8.2417148e+04   2.8692769e+01   0.0000000e+00   1.0851742e+00
   1.5332400e+00   9.0380322e+04   3.1100848e+01   0.0000000e+00   1.0872809e+00
   1.5335300e+00   8.7059123e+04   3.0144588e+01   0.0000000e+00   1.0887059e+00
   1.5338100e+00   6.5898940e+04   2.3744419e+01   0.0000000e+00   1.0845949e+00
   1.5341000e+00   5.3533022e+04   1.9185254e+01   0.0000000e+00   1.0861594e+00
   1.5343800e+00   5.3518278e+04   1.8958357e+01   0.0000000e+00   1.0905332e+00
   1.5346700e+00   5.4411156e+04   1.9271585e+01   0.0000000e+00   1.0929596e+00
   1.5349600e+00   5.4254639e+04   1.9387858e+01   0.0000000e+00   1.0979982e+00
   1.5352500e+00   5.3984991e+04   1.8833957e+01   0.0000000e+00   1.0989830e+00
   1.5355300e+00   5.3760643e+04   1.8975240e+01   0.0000000e+00   1.0958977e+00
   1.5358200e+00   5.3528944e+04   1.8927845e+01   0.0000000e+00   1.0948652e+00
   1.5361100e+00   5.3508316e+04   1.8767004e+01   0.0000000e+00   1.0978156e+00
   1.5363900e+00   5.3603695e+04   1.9131361e+01   0.0000000e+00   1.1010013e+00
   1.5366800e+00   5.3747771e+04   1.9110263e+01   0.0000000e+00   1.1026812e+00
   1.5369700e+00   5.3293567e+04   1.8794324e+01   0.0000000e+00   1.1031340e+00
   1.5372600e+00   5.4321639e+04   1.9202152e+01   0.0000000e+00   1.1011100e+00
   1.5375500e+00   5.4304150e+04   1.9468483e+01   0.0000000e+00   1.1036903e+00
   1.5378300e+00   5.4771734e+04   1.9189261e+01   0.0000000e+00   1.1038244e+00
   1.5381200e+00   5.4435773e+04   1.9091473e+01   0.0000000e+00   1.1056549e+00
   1.5384100e+00   5.4679164e+04   1.9188368e+01   0.0000000e+00   1.1076118e+00
   1.5387000e+00   5.4869113e+04   1.9316553e+01   0.0000000e+00   1.1087546e+00
   1.5389900e+00   5.6668616e+04   1.9726133e+01   0.0000000e+00   1.1093588e+00
   1.5392800e+00   6.3774563e+04   2.2106417e+01   0.0000000e+00   1.1078004e+00
   1.5395600e+00   6.5800010e+04   2.3416667e+01   0.0000000e+00   1.1055016e+00
   1.5398500e+00   6.3286921e+04   2.1907587e+01   0.0000000e+00   1.1106270e+00
   1.5401400e+00   5.7998313e+04   2.0575698e+01   0.0000000e+00   1.1146911e+00
   1.5404300e+00   5.4790241e+04   1.9149701e+01   0.0000000e+00   1.1172670e+00
   1.5407200e+00   5.4757928e+04   1.9051022e+01   0.0000000e+00   1.1170717e+00
   1.5410100e+00   5.4393218e+04   1.9073756e+01   0.0000000e+00   1.1139779e+00
   1.5413000e+00   5.5198067e+04   1.9184570e+01   0.0000000e+00   1.1128261e+00
   1.5415900e+00   5.5483273e+04   1.9482341e+01   0.0000000e+00   1.1151471e+00
   1.5418800e+00   5.5571251e+04   1.9355175e+01   0.0000000e+00   1.1190657e+00
   1.5421700e+00   5.5763969e+04   1.9490138e+01   0.0000000e+00   1.1232387e+00
   1.5424600e+00   5.6438652e+04   1.9735167e+01   0.0000000e+00   1.1213303e+00
   1.5427500e+00   6.4452007e+04   2.3115531e+01   0.0000000e+00   1.1175337e+00
   1.5430400e+00   7.8314762e+04   2.7109187e+01   0.0000000e+00   1.1159272e+00
   1.5433300e+00   8.0752089e+04   2.7852076e+01   0.0000000e+00   1.1164756e+00
   1.5436200e+00   7.3649993e+04   2.5843345e+01   0.0000000e+00   1.1221701e+00
   1.5439100e+00   5.8827683e+04   2.0641705e+01   0.0000000e+00   1.1224497e+00
   1.5442000e+00   5.6454299e+04   1.9897744e+01   0.0000000e+00   1.1232147e+00
   1.5444900e+00   5.5351276e+04   1.9282337e+01   0.0000000e+00   1.1230798e+00
   1.5447800e+00   5.4891985e+04   1.9047208e+01   0.0000000e+00   1.1221799e+00
   1.5450700e+00   5.4947538e+04   1.9474487e+01   0.0000000e+00   1.1237060e+00
   1.5453600e+00   5.5541600e+04   1.9422375e+01   0.0000000e+00   1.1271556e+00
   1.5456500e+00   5.5429771e+04   1.9328743e+01   0.0000000e+00   1.1312095e+00
   1.5459500e+00   5.5678368e+04   1.9461084e+01   0.0000000e+00   1.1313717e+00
   1.5462400e+00   5.6833415e+04   1.9725628e+01   0.0000000e+00   1.1298853e+00
   1.5465300e+00   5.6907890e+04   2.0007196e+01   0.0000000e+00   1.1298970e+00
   1.5468200e+00   5.6028287e+04   1.9607170e+01   0.0000000e+00   1.1291014e+00
   1.5471100e+00   5.6179403e+04   1.9508478e+01   0.0000000e+00   1.1279907e+00
   1.5474000e+00   5.6133066e+04   1.9639900e+01   0.0000000e+00   1.1315228e+00
   1.5477000e+00   5.6591445e+04   1.9622846e+01   0.0000000e+00   1.1352950e+00
   1.5479900e+00   5.6226397e+04   1.9845613e+01   0.0000000e+00   1.1342164e+00
   1.5482800e+00   5.6247590e+04   1.9655895e+01   0.0000000e+00   1.1357980e+00
   1.5485700e+00   5.6178189e+04   1.9510828e+01   0.0000000e+00   1.1326721e+00
   1.5488600e+00   5.7094006e+04   1.9814979e+01   0.0000000e+00   1.1303255e+00
   1.5491600e+00   5.6914326e+04   1.9827681e+01   0.0000000e+00   1.1353230e+00
   1.5494500e+00   5.6299665e+04   1.9532010e+01   0.0000000e+00   1.1416060e+00
   1.5497400e+00   5.8073354e+04   2.0250427e+01   0.0000000e+00   1.1440045e+00
   1.5500300e+00   5.9404172e+04   2.0650547e+01   0.0000000e+00   1.1408224e+00
   1.5503300e+00   5.9751948e+04   2.1096039e+01   0.0000000e+00   1.1359497e+00
   1.5506200e+00   6.2127312e+04   2.1598646e+01   0.0000000e+00   1.1381861e+00
   1.5509100e+00   6.3170384e+04   2.2088457e+01   0.0000000e+00   1.1404533e+00
   1.5512100e+00   6.4281644e+04   2.2216197e+01   0.0000000e+00   1.1425449e+00
   1.5515000e+00   6.1853604e+04   2.1461954e+01   0.0000000e+00   1.1414221e+00
   1.5517900e+00   6.0145242e+04   2.1141685e+01   0.0000000e+00   1.1403473e+00
   1.5520900e+00   5.8974401e+04   2.0440847e+01   0.0000000e+00   1.1360961e+00
   1.5523800e+00   5.8112243e+04   2.0088869e+01   0.0000000e+00   1.1376170e+00
   1.5526700e+00   5.8600217e+04   2.0346769e+01   0.0000000e+00   1.1401920e+00
   1.5529700e+00   5.8507887e+04   2.0259887e+01   0.0000000e+00   1.1423081e+00
   1.5532600e+00   5.8472826e+04   2.0197985e+01   0.0000000e+00   1.1396821e+00
   1.5535600e+00   6.2986666e+04   2.1996855e+01   0.0000000e+00   1.1411645e+00
   1.5538500e+00   7.0297739e+04   2.4390148e+01   0.0000000e+00   1.1387217e+00
   1.5541400e+00   7.4602716e+04   2.5540267e+01   0.0000000e+00   1.1368371e+00
   1.5544400e+00   7.4739090e+04   2.5804243e+01   0.0000000e+00   1.1399786e+00
   1.5547300e+00   6.8091429e+04   2.3740090e+01   0.0000000e+00   1.1439050e+00
   1.5550300e+00   6.3714957e+04   2.2215081e+01   0.0000000e+00   1.1438746e+00
   1.5553200e+00   5.9176963e+04   2.0560373e+01   0.0000000e+00   1.1419175e+00
   1.5556200e+00   5.8754128e+04   2.0516789e+01   0.0000000e+00   1.1396547e+00
   1.5559100e+00   5.9181358e+04   2.0779116e+01   0.0000000e+00   1.1395030e+00
   1.5562100e+00   5.8216254e+04   2.0528838e+01   0.0000000e+00   1.1399613e+00
   1.5565000e+00   5.9197126e+04   2.0750012e+01   0.0000000e+00   1.1465421e+00
   1.5568000e+00   6.1673197e+04   2.1855132e+01   0.0000000e+00   1.1488944e+00
   1.5570900e+00   6.2292654e+04   2.1589228e+01   0.0000000e+00   1.1481237e+00
   1.5573900e+00   6.1886739e+04   2.1844673e+01   0.0000000e+00   1.1429792e+00
   1.5576800e+00   5.9524619e+04   2.1005895e+01   0.0000000e+00   1.1386091e+00
   1.5579800e+00   5.9130940e+04   2.0730140e+01   0.0000000e+00   1.1427447e+00
   1.5582800e+00   5.9440031e+04   2.0710930e+01   0.0000000e+00   1.1456893e+00
   1.5585700e+00   5.9695626e+04   2.0627849e+01   0.0000000e+00   1.1492173e+00
   1.5588700e+00   6.0216444e+04   2.0979173e+01   0.0000000e+00   1.1504203e+00
   1.5591600e+00   6.1758798e+04   2.1479567e+01   0.0000000e+00   1.1464816e+00
   1.5594600e+00   7.1614875e+04   2.5117438e+01   0.0000000e+00   1.1422059e+00
   1.5597600e+00   7.5515866e+04   2.6416002e+01   0.0000000e+00   1.1404134e+00
   1.5600500e+00   7.2578577e+04   2.5278409e+01   0.0000000e+00   1.1429861e+00
   1.5603500e+00   6.3689688e+04   2.2290763e+01   0.0000000e+00   1.1474508e+00
   1.5606500e+00   6.0281319e+04   2.1093911e+01   0.0000000e+00   1.1507327e+00
   1.5609400e+00   5.9758809e+04   2.0754029e+01   0.0000000e+00   1.1455391e+00
   1.5612400e+00   5.9636791e+04   2.0692273e+01   0.0000000e+00   1.1409418e+00
   1.5615400e+00   6.0252037e+04   2.1132476e+01   0.0000000e+00   1.1349630e+00
   1.5618300e+00   6.0597202e+04   2.1028040e+01   0.0000000e+00   1.1378642e+00
   1.5621300e+00   6.0249276e+04   2.0738105e+01   0.0000000e+00   1.1471696e+00
   1.5624300e+00   6.1214552e+04   2.1277606e+01   0.0000000e+00   1.1527890e+00
   1.5627200e+00   6.4406960e+04   2.2354622e+01   0.0000000e+00   1.1496143e+00
   1.5630200e+00   6.9487846e+04   2.3774127e+01   0.0000000e+00   1.1455039e+00
   1.5633200e+00   7.0200805e+04   2.4275889e+01   0.0000000e+00   1.1437927e+00
   1.5636200e+00   6.7493416e+04   2.3447693e+01   0.0000000e+00   1.1416846e+00
   1.5639200e+00   6.1923790e+04   2.1308702e+01   0.0000000e+00   1.1470480e+00
   1.5642100e+00   6.1926438e+04   2.1461962e+01   0.0000000e+00   1.1539549e+00
   1.5645100e+00   6.2966416e+04   2.1938428e+01   0.0000000e+00   1.1555681e+00
   1.5648100e+00   6.3604281e+04   2.2160102e+01   0.0000000e+00   1.1482063e+00
   1.5651100e+00   7.4980425e+04   2.6282701e+01   0.0000000e+00   1.1441563e+00
   1.5654100e+00   8.7208966e+04   2.9991979e+01   0.0000000e+00   1.1411899e+00
   1.5657000e+00   8.7494315e+04   3.0276006e+01   0.0000000e+00   1.1461274e+00
   1.5660000e+00   7.6282353e+04   2.6668171e+01   0.0000000e+00   1.1517929e+00
   1.5663000e+00   6.5321030e+04   2.2368428e+01   0.0000000e+00   1.1536041e+00
   1.5666000e+00   6.4286096e+04   2.2139715e+01   0.0000000e+00   1.1516155e+00
   1.5669000e+00   6.3269376e+04   2.2066565e+01   0.0000000e+00   1.1417915e+00
   1.5672000e+00   6.2462015e+04   2.1798451e+01   0.0000000e+00   1.1370864e+00
   1.5675000e+00   6.4252157e+04   2.2194448e+01   0.0000000e+00   1.1380717e+00
   1.5678000e+00   6.4636694e+04   2.2362157e+01   0.0000000e+00   1.1488809e+00
   1.5681000e+00   6.3272261e+04   2.1968686e+01   0.0000000e+00   1.1550869e+00
   1.5684000e+00   6.4381238e+04   2.2094184e+01   0.0000000e+00   1.1511173e+00
   1.5687000e+00   6.3668885e+04   2.2299121e+01   0.0000000e+00   1.1441956e+00
   1.5689900e+00   6.4116967e+04   2.2355719e+01   0.0000000e+00   1.1372897e+00
   1.5692900e+00   6.4453848e+04   2.2258474e+01   0.0000000e+00   1.1403315e+00
   1.5695900e+00   6.4009653e+04   2.2267686e+01   0.0000000e+00   1.1484078e+00
   1.5698900e+00   6.7563820e+04   2.3825372e+01   0.0000000e+00   1.1544745e+00
   1.5701900e+00   6.9749142e+04   2.4031120e+01   0.0000000e+00   1.1586479e+00
   1.5704900e+00   6.9757080e+04   2.4543024e+01   0.0000000e+00   1.1516906e+00
   1.5707900e+00   6.6372967e+04   2.3063616e+01   0.0000000e+00   1.1416390e+00
   1.5711000e+00   6.4382974e+04   2.2341484e+01   0.0000000e+00   1.1362151e+00
   1.5714000e+00   6.5075927e+04   2.2641680e+01   0.0000000e+00   1.1461959e+00
   1.5717000e+00   6.5481345e+04   2.2923491e+01   0.0000000e+00   1.1583079e+00
   1.5720000e+00   6.4762636e+04   2.2753682e+01   0.0000000e+00   1.1590404e+00
   1.5723000e+00   6.5494866e+04   2.2679305e+01   0.0000000e+00   1.1528991e+00
   1.5726000e+00   6.6488022e+04   2.3612184e+01   0.0000000e+00   1.1484890e+00
   1.5729000e+00   6.5859152e+04   2.2902818e+01   0.0000000e+00   1.1427688e+00
   1.5732000e+00   6.4917141e+04   2.2415208e+01   0.0000000e+00   1.1441810e+00
   1.5735000e+00   6.5820952e+04   2.2953740e+01   0.0000000e+00   1.1531917e+00
   1.5738000e+00   6.5212309e+04   2.2652845e+01   0.0000000e+00   1.1600872e+00
   1.5741000e+00   6.4531544e+04   2.2691828e+01   0.0000000e+00   1.1553827e+00
   1.5744100e+00   6.5176334e+04   2.2832300e+01   0.0000000e+00   1.1452212e+00
   1.5747100e+00   6.5110224e+04   2.3043592e+01   0.0000000e+00   1.1395537e+00
   1.5750100e+00   6.5902782e+04   2.2694791e+01   0.0000000e+00   1.1398055e+00
   1.5753100e+00   6.5673432e+04   2.2542239e+01   0.0000000e+00   1.1496158e+00
   1.5756100e+00   6.6380689e+04   2.2996333e+01   0.0000000e+00   1.1604555e+00
   1.5759200e+00   6.6619946e+04   2.3167033e+01   0.0000000e+00   1.1628705e+00
   1.5762200e+00   6.6916026e+04   2.3060842e+01   0.0000000e+00   1.1555413e+00
   1.5765200e+00   6.7256200e+04   2.3753084e+01   0.0000000e+00   1.1484014e+00
   1.5768200e+00   6.6795449e+04   2.2984233e+01   0.0000000e+00   1.1450856e+00
   1.5771200e+00   6.6207117e+04   2.2782428e+01   0.0000000e+00   1.1514472e+00
   1.5774300e+00   6.6974935e+04   2.3434947e+01   0.0000000e+00   1.1607288e+00
   1.5777300e+00   6.8443037e+04   2.3775061e+01   0.0000000e+00   1.1626499e+00
   1.5780300e+00   6.8852633e+04   2.3619164e+01   0.0000000e+00   1.1601524e+00
   1.5783400e+00   6.8437515e+04   2.3416128e+01   0.0000000e+00   1.1475370e+00
   1.5786400e+00   6.7811615e+04   2.3428094e+01   0.0000000e+00   1.1431776e+00
   1.5789400e+00   6.7882339e+04   2.3268530e+01   0.0000000e+00   1.1470060e+00
   1.5792400e+00   6.7799709e+04   2.3109615e+01   0.0000000e+00   1.1590643e+00
   1.5795500e+00   6.8204643e+04   2.3661940e+01   0.0000000e+00   1.1629746e+00
   1.5798500e+00   6.9680373e+04   2.4037761e+01   0.0000000e+00   1.1610374e+00
   1.5801500e+00   6.9932310e+04   2.3883142e+01   0.0000000e+00   1.1536917e+00
   1.5804600e+00   7.1864989e+04   2.4804602e+01   0.0000000e+00   1.1456191e+00
   1.5807600e+00   7.1541657e+04   2.4624878e+01   0.0000000e+00   1.1460085e+00
   1.5810700e+00   7.0884273e+04   2.4096850e+01   0.0000000e+00   1.1537102e+00
   1.5813700e+00   6.9967287e+04   2.4007229e+01   0.0000000e+00   1.1628979e+00
   1.5816700e+00   7.0157680e+04   2.3988275e+01   0.0000000e+00   1.1630527e+00
   1.5819800e+00   7.0462677e+04   2.4045770e+01   0.0000000e+00   1.1559264e+00
   1.5822800e+00   7.1180374e+04   2.4416791e+01   0.0000000e+00   1.1469490e+00
   1.5825900e+00   7.5317756e+04   2.5880051e+01   0.0000000e+00   1.1448816e+00
   1.5828900e+00   1.0241455e+05   3.7116559e+01   0.0000000e+00   1.1499641e+00
   1.5831900e+00   1.3017356e+05   4.4672192e+01   0.0000000e+00   1.1596789e+00
   1.5835000e+00   1.2841559e+05   4.4622520e+01   0.0000000e+00   1.1625574e+00
   1.5838000e+00   1.0409347e+05   3.7292240e+01   0.0000000e+00   1.1526178e+00
   1.5841100e+00   7.8471543e+04   2.6918621e+01   0.0000000e+00   1.1451691e+00
   1.5844100e+00   8.5334251e+04   2.9375747e+01   0.0000000e+00   1.1382539e+00
   1.5847200e+00   9.2511865e+04   3.1287362e+01   0.0000000e+00   1.1423009e+00
   1.5850200e+00   9.0455206e+04   3.1051984e+01   0.0000000e+00   1.1485504e+00
   1.5853300e+00   8.0378316e+04   2.8019808e+01   0.0000000e+00   1.1556064e+00
   1.5856300e+00   7.2612633e+04   2.5435892e+01   0.0000000e+00   1.1517725e+00
   1.5859400e+00   7.2935708e+04   2.5200727e+01   0.0000000e+00   1.1500623e+00
   1.5862500e+00   7.3233930e+04   2.5191459e+01   0.0000000e+00   1.1425201e+00
   1.5865500e+00   7.6507017e+04   2.6344173e+01   0.0000000e+00   1.1413495e+00
   1.5868600e+00   7.8502636e+04   2.6748991e+01   0.0000000e+00   1.1490988e+00
   1.5871600e+00   7.8555057e+04   2.6667898e+01   0.0000000e+00   1.1584154e+00
   1.5874700e+00   7.4987780e+04   2.5866345e+01   0.0000000e+00   1.1563739e+00
   1.5877700e+00   7.2828019e+04   2.5240487e+01   0.0000000e+00   1.1495950e+00
   1.5880800e+00   7.2026260e+04   2.4603925e+01   0.0000000e+00   1.1415546e+00
   1.5883900e+00   7.2353069e+04   2.4695538e+01   0.0000000e+00   1.1398417e+00
   1.5886900e+00   7.4288926e+04   2.5493734e+01   0.0000000e+00   1.1427537e+00
   1.5890000e+00   7.3282862e+04   2.5296072e+01   0.0000000e+00   1.1500526e+00
   1.5893100e+00   7.4542823e+04   2.5527640e+01   0.0000000e+00   1.1524638e+00
   1.5896100e+00   7.5122410e+04   2.5720720e+01   0.0000000e+00   1.1472615e+00
   1.5899200e+00   7.5881318e+04   2.6105860e+01   0.0000000e+00   1.1388755e+00
   1.5902300e+00   7.4812486e+04   2.5509483e+01   0.0000000e+00   1.1348040e+00
   1.5905300e+00   7.5074466e+04   2.5689554e+01   0.0000000e+00   1.1391834e+00
   1.5908400e+00   7.4648506e+04   2.5812238e+01   0.0000000e+00   1.1481638e+00
   1.5911500e+00   7.4480165e+04   2.5901181e+01   0.0000000e+00   1.1500078e+00
   1.5914500e+00   7.4311766e+04   2.5359857e+01   0.0000000e+00   1.1452451e+00
   1.5917600e+00   7.4758180e+04   2.5436078e+01   0.0000000e+00   1.1358812e+00
   1.5920700e+00   7.4915575e+04   2.5683860e+01   0.0000000e+00   1.1290084e+00
   1.5923800e+00   7.5217157e+04   2.5999057e+01   0.0000000e+00   1.1324747e+00
   1.5926800e+00   7.5116881e+04   2.5695203e+01   0.0000000e+00   1.1400362e+00
   1.5929900e+00   7.6292554e+04   2.6066144e+01   0.0000000e+00   1.1465513e+00
   1.5933000e+00   7.6741037e+04   2.6291858e+01   0.0000000e+00   1.1457925e+00
   1.5936100e+00   7.6643694e+04   2.6197950e+01   0.0000000e+00   1.1395204e+00
   1.5939200e+00   7.6974693e+04   2.6232702e+01   0.0000000e+00   1.1298303e+00
   1.5942200e+00   7.7492831e+04   2.6256390e+01   0.0000000e+00   1.1276794e+00
   1.5945300e+00   7.8247212e+04   2.6716796e+01   0.0000000e+00   1.1328637e+00
   1.5948400e+00   7.7937347e+04   2.7093603e+01   0.0000000e+00   1.1374724e+00
   1.5951500e+00   7.7945665e+04   2.6885818e+01   0.0000000e+00   1.1439989e+00
   1.5954600e+00   7.8234477e+04   2.6659156e+01   0.0000000e+00   1.1382172e+00
   1.5957700e+00   7.9126185e+04   2.7278772e+01   0.0000000e+00   1.1300356e+00
   1.5960700e+00   7.8909537e+04   2.6923920e+01   0.0000000e+00   1.1276929e+00
   1.5963800e+00   8.0005171e+04   2.7495755e+01   0.0000000e+00   1.1309114e+00
   1.5966900e+00   8.2248607e+04   2.8296291e+01   0.0000000e+00   1.1372657e+00
   1.5970000e+00   9.1216058e+04   3.0853797e+01   0.0000000e+00   1.1441830e+00
   1.5973100e+00   9.2416831e+04   3.1681954e+01   0.0000000e+00   1.1334443e+00
   1.5976200e+00   8.9554486e+04   3.0713224e+01   0.0000000e+00   1.1288884e+00
   1.5979300e+00   8.2862794e+04   2.8237776e+01   0.0000000e+00   1.1254203e+00
   1.5982400e+00   8.0451099e+04   2.7300477e+01   0.0000000e+00   1.1279034e+00
   1.5985500e+00   8.0473224e+04   2.7269316e+01   0.0000000e+00   1.1351244e+00
   1.5988600e+00   8.0459374e+04   2.7336214e+01   0.0000000e+00   1.1406481e+00
   1.5991700e+00   8.0657054e+04   2.7566567e+01   0.0000000e+00   1.1384250e+00
   1.5994800e+00   8.1250047e+04   2.7610342e+01   0.0000000e+00   1.1322184e+00
   1.5997900e+00   8.0756354e+04   2.7506997e+01   0.0000000e+00   1.1289613e+00
   1.6001000e+00   8.1740642e+04   2.7789819e+01   0.0000000e+00   1.1261897e+00
   1.6004100e+00   8.1857537e+04   2.7982688e+01   0.0000000e+00   1.1287397e+00
   1.6007200e+00   8.3310479e+04   2.8163095e+01   0.0000000e+00   1.1372668e+00
   1.6010300e+00   8.3597170e+04   2.8480457e+01   0.0000000e+00   1.1364383e+00
   1.6013400e+00   8.3180421e+04   2.8440476e+01   0.0000000e+00   1.1327500e+00
   1.6016500e+00   8.4116300e+04   2.8748643e+01   0.0000000e+00   1.1251517e+00
   1.6019600e+00   8.4542312e+04   2.8822921e+01   0.0000000e+00   1.1230992e+00
   1.6022700e+00   8.5542999e+04   2.9001231e+01   0.0000000e+00   1.1253636e+00
   1.6025800e+00   9.7872572e+04   3.4726640e+01   0.0000000e+00   1.1285951e+00
   1.6028900e+00   1.2357374e+05   4.2642981e+01   0.0000000e+00   1.1320952e+00
   1.6032000e+00   1.2737278e+05   4.3120186e+01   0.0000000e+00   1.1312679e+00
   1.6035100e+00   1.1252478e+05   3.8845118e+01   0.0000000e+00   1.1279616e+00
   1.6038200e+00   9.0627516e+04   3.0947536e+01   0.0000000e+00   1.1235300e+00
   1.6041400e+00   8.6227029e+04   2.9440913e+01   0.0000000e+00   1.1254190e+00
   1.6044500e+00   8.6597128e+04   2.9289876e+01   0.0000000e+00   1.1308435e+00
   1.6047600e+00   8.7142792e+04   2.9576518e+01   0.0000000e+00   1.1291525e+00
   1.6050700e+00   8.7949933e+04   3.0057878e+01   0.0000000e+00   1.1307821e+00
   1.6053800e+00   8.7727187e+04   2.9711047e+01   0.0000000e+00   1.1227603e+00
   1.6056900e+00   8.8452996e+04   3.0069421e+01   0.0000000e+00   1.1239048e+00
   1.6060000e+00   8.8579879e+04   2.9858883e+01   0.0000000e+00   1.1256436e+00
   1.6063200e+00   8.9157288e+04   3.0191715e+01   0.0000000e+00   1.1299347e+00
   1.6066300e+00   8.9725424e+04   3.0394113e+01   0.0000000e+00   1.1301596e+00
   1.6069400e+00   9.1249965e+04   3.0787260e+01   0.0000000e+00   1.1294285e+00
   1.6072500e+00   9.2470400e+04   3.1310847e+01   0.0000000e+00   1.1289324e+00
   1.6075700e+00   9.9094647e+04   3.3447039e+01   0.0000000e+00   1.1282624e+00
   1.6078800e+00   1.0658136e+05   3.6286287e+01   0.0000000e+00   1.1268560e+00
   1.6081900e+00   1.0576230e+05   3.5952895e+01   0.0000000e+00   1.1290825e+00
   1.6085000e+00   9.7415744e+04   3.3135742e+01   0.0000000e+00   1.1294315e+00
   1.6088200e+00   9.1178839e+04   3.0891240e+01   0.0000000e+00   1.1298779e+00
   1.6091300e+00   9.1466937e+04   3.1137808e+01   0.0000000e+00   1.1274344e+00
   1.6094400e+00   9.1702570e+04   3.0971665e+01   0.0000000e+00   1.1276876e+00
   1.6097500e+00   9.1360166e+04   3.1486789e+01   0.0000000e+00   1.1219827e+00
   1.6100700e+00   9.2665350e+04   3.1389882e+01   0.0000000e+00   1.1242552e+00
   1.6103800e+00   9.2430638e+04   3.1378171e+01   0.0000000e+00   1.1270026e+00
   1.6106900e+00   9.2345037e+04   3.1417292e+01   0.0000000e+00   1.1281508e+00
   1.6110100e+00   9.3878491e+04   3.1941694e+01   0.0000000e+00   1.1285823e+00
   1.6113200e+00   9.4113995e+04   3.1910320e+01   0.0000000e+00   1.1258398e+00
   1.6116300e+00   9.4136061e+04   3.1822626e+01   0.0000000e+00   1.1258701e+00
   1.6119500e+00   9.6010231e+04   3.2434468e+01   0.0000000e+00   1.1268601e+00
   1.6122600e+00   1.0339032e+05   3.5388932e+01   0.0000000e+00   1.1281041e+00
   1.6125800e+00   1.3116432e+05   4.4814516e+01   0.0000000e+00   1.1285616e+00
   1.6128900e+00   1.4083845e+05   4.8031132e+01   0.0000000e+00   1.1266679e+00
   1.6132000e+00   1.3341826e+05   4.5429625e+01   0.0000000e+00   1.1248312e+00
   1.6135200e+00   1.0741173e+05   3.6780789e+01   0.0000000e+00   1.1239732e+00
   1.6138300e+00   9.9233034e+04   3.3364618e+01   0.0000000e+00   1.1266420e+00
   1.6141500e+00   9.9138877e+04   3.3636250e+01   0.0000000e+00   1.1295779e+00
   1.6144600e+00   1.0000862e+05   3.3864595e+01   0.0000000e+00   1.1269623e+00
   1.6147700e+00   1.0039542e+05   3.3970183e+01   0.0000000e+00   1.1223161e+00
   1.6150900e+00   1.0017734e+05   3.3872421e+01   0.0000000e+00   1.1216360e+00
   1.6154000e+00   1.0154576e+05   3.4587348e+01   0.0000000e+00   1.1221835e+00
   1.6157200e+00   1.0219956e+05   3.4989143e+01   0.0000000e+00   1.1221510e+00
   1.6160300e+00   1.0324221e+05   3.4744323e+01   0.0000000e+00   1.1250263e+00
   1.6163500e+00   1.0433377e+05   3.5170456e+01   0.0000000e+00   1.1236019e+00
   1.6166600e+00   1.0364032e+05   3.5133218e+01   0.0000000e+00   1.1202807e+00
   1.6169800e+00   1.0355390e+05   3.4813172e+01   0.0000000e+00   1.1184403e+00
   1.6172900e+00   1.0534479e+05   3.5444789e+01   0.0000000e+00   1.1150725e+00
   1.6176100e+00   1.0565022e+05   3.6140938e+01   0.0000000e+00   1.1165151e+00
   1.6179300e+00   1.0541345e+05   3.5750669e+01   0.0000000e+00   1.1213035e+00
   1.6182400e+00   1.0610259e+05   3.5839118e+01   0.0000000e+00   1.1200788e+00
   1.6185600e+00   1.0703214e+05   3.6096001e+01   0.0000000e+00   1.1168435e+00
   1.6188700e+00   1.0908985e+05   3.6967168e+01   0.0000000e+00   1.1108413e+00
   1.6191900e+00   1.1750804e+05   3.9756087e+01   0.0000000e+00   1.1080011e+00
   1.6195000e+00   1.2159681e+05   4.0634435e+01   0.0000000e+00   1.1120264e+00
   1.6198200e+00   1.1936453e+05   4.0466189e+01   0.0000000e+00   1.1140647e+00
   1.6201400e+00   1.1125365e+05   3.7674300e+01   0.0000000e+00   1.1149559e+00
   1.6204500e+00   1.1089283e+05   3.7314736e+01   0.0000000e+00   1.1088008e+00
   1.6207700e+00   1.1110435e+05   3.7641995e+01   0.0000000e+00   1.1065139e+00
   1.6210800e+00   1.1167960e+05   3.7448986e+01   0.0000000e+00   1.1032711e+00
   1.6214000e+00   1.1201459e+05   3.7586434e+01   0.0000000e+00   1.1020148e+00
   1.6217200e+00   1.1417052e+05   3.8603428e+01   0.0000000e+00   1.1045748e+00
   1.6220300e+00   1.1417128e+05   3.8666823e+01   0.0000000e+00   1.1059782e+00
   1.6223500e+00   1.1428286e+05   3.8548155e+01   0.0000000e+00   1.1026451e+00
   1.6226700e+00   1.3694723e+05   4.0873209e+01   0.0000000e+00   1.0839282e+00
   1.6229800e+00   1.1168708e+05   4.3845771e+01   0.0000000e+00   1.0948060e+00
   1.6233000e+00   1.2241715e+05   4.7739352e+01   0.0000000e+00   1.1027730e+00
   1.6236200e+00   1.2023624e+05   4.9113008e+01   0.0000000e+00   1.1140093e+00
   1.6239400e+00   1.0523188e+05   4.6473096e+01   0.0000000e+00   1.1199659e+00
   1.6242500e+00   8.3474752e+04   4.0314750e+01   0.0000000e+00   1.1192113e+00
   1.6245700e+00   7.5537980e+04   3.9411298e+01   0.0000000e+00   1.1119759e+00
   1.6248900e+00   7.1886205e+04   3.7844879e+01   0.0000000e+00   1.1012313e+00
   1.6252100e+00   6.7006585e+04   3.5854836e+01   0.0000000e+00   1.1005788e+00
   1.6255200e+00   6.3636497e+04   3.4494969e+01   0.0000000e+00   1.1043586e+00
   1.6258400e+00   5.9269913e+04   3.3139362e+01   0.0000000e+00   1.1099999e+00
   1.6261600e+00   5.6005918e+04   3.0847561e+01   0.0000000e+00   1.1077277e+00
   1.6264800e+00   5.2631851e+04   2.7510474e+01   0.0000000e+00   1.1023239e+00
   1.6268000e+00   5.1312346e+04   2.4654541e+01   0.0000000e+00   1.1013949e+00
   1.6271100e+00   4.9366634e+04   2.1996689e+01   0.0000000e+00   1.1176752e+00
   1.6274300e+00   4.8305639e+04   1.9903009e+01   0.0000000e+00   1.1241042e+00
   1.6277500e+00   4.7844499e+04   1.7760495e+01   0.0000000e+00   1.1333435e+00
   1.6280700e+00   4.7929547e+04   1.7076297e+01   0.0000000e+00   1.1481567e+00
   1.6283900e+00   4.8478912e+04   1.7280960e+01   0.0000000e+00   1.1494887e+00
   1.6287100e+00   4.7979197e+04   1.6838847e+01   0.0000000e+00   1.1434521e+00
   1.6290200e+00   4.7701830e+04   1.6948579e+01   0.0000000e+00   1.1390710e+00
   1.6293400e+00   4.7132078e+04   1.6632108e+01   0.0000000e+00   1.1425293e+00
   1.6296600e+00   4.8136135e+04   1.6945703e+01   0.0000000e+00   1.1506370e+00
   1.6299800e+00   4.8887358e+04   1.7150846e+01   0.0000000e+00   1.1569878e+00
   1.6303000e+00   4.9920968e+04   1.7591907e+01   0.0000000e+00   1.1488797e+00
   1.6306200e+00   4.9766590e+04   1.7715131e+01   0.0000000e+00   1.1425538e+00
   1.6309400e+00   5.0029625e+04   1.7753033e+01   0.0000000e+00   1.1368672e+00
   1.6312600e+00   5.2085889e+04   1.8402672e+01   0.0000000e+00   1.1322604e+00
   1.6315800e+00   5.5506661e+04   1.9317425e+01   0.0000000e+00   1.1410116e+00
   1.6319000e+00   5.5238185e+04   1.9453850e+01   0.0000000e+00   1.1466714e+00
   1.6322200e+00   5.1411206e+04   1.8116934e+01   0.0000000e+00   1.1505432e+00
   1.6325400e+00   4.9457857e+04   1.7654373e+01   0.0000000e+00   1.1398576e+00
   1.6328600e+00   4.8779111e+04   1.7188780e+01   0.0000000e+00   1.1295698e+00
   1.6331800e+00   4.8601658e+04   1.7069343e+01   0.0000000e+00   1.1296397e+00
   1.6335000e+00   4.9460792e+04   1.7361089e+01   0.0000000e+00   1.1365597e+00
   1.6338200e+00   5.1158465e+04   1.7942099e+01   0.0000000e+00   1.1437466e+00
   1.6341400e+00   5.3119967e+04   1.8650396e+01   0.0000000e+00   1.1446260e+00
   1.6344600e+00   5.2881657e+04   1.8705899e+01   0.0000000e+00   1.1383095e+00
   1.6347800e+00   5.9564173e+04   2.0829283e+01   0.0000000e+00   1.1290134e+00
   1.6351000e+00   6.3625702e+04   2.2295673e+01   0.0000000e+00   1.1234702e+00
   1.6354200e+00   6.2611126e+04   2.1699583e+01   0.0000000e+00   1.1268101e+00
   1.6357400e+00   5.6230083e+04   1.9456506e+01   0.0000000e+00   1.1345493e+00
   1.6360600e+00   5.2695220e+04   1.8880001e+01   0.0000000e+00   1.1389503e+00
   1.6363800e+00   5.2260115e+04   1.8495469e+01   0.0000000e+00   1.1367124e+00
   1.6367000e+00   5.0912214e+04   1.7805217e+01   0.0000000e+00   1.1254270e+00
   1.6370200e+00   5.1286026e+04   1.8042364e+01   0.0000000e+00   1.1169140e+00
   1.6373400e+00   4.9856696e+04   1.7651591e+01   0.0000000e+00   1.1186707e+00
   1.6376600e+00   5.0327847e+04   1.7574663e+01   0.0000000e+00   1.1263600e+00
   1.6379800e+00   4.9721538e+04   1.7356079e+01   0.0000000e+00   1.1352123e+00
   1.6383100e+00   5.0935754e+04   1.7896295e+01   0.0000000e+00   1.1341971e+00
   1.6386300e+00   5.6289106e+04   1.9736859e+01   0.0000000e+00   1.1256560e+00
   1.6389500e+00   5.6747000e+04   1.9642781e+01   0.0000000e+00   1.1151522e+00
   1.6392700e+00   5.4123822e+04   1.8910505e+01   0.0000000e+00   1.1122151e+00
   1.6395900e+00   5.0638036e+04   1.7894063e+01   0.0000000e+00   1.1185562e+00
   1.6399100e+00   4.9613963e+04   1.7326730e+01   0.0000000e+00   1.1273295e+00
   1.6402400e+00   4.9621869e+04   1.7514437e+01   0.0000000e+00   1.1312812e+00
   1.6405600e+00   4.9204812e+04   1.7555383e+01   0.0000000e+00   1.1226997e+00
   1.6408800e+00   4.8752580e+04   1.7196108e+01   0.0000000e+00   1.1139046e+00
   1.6412000e+00   5.1884139e+04   1.8501997e+01   0.0000000e+00   1.1055174e+00
   1.6415200e+00   5.3061243e+04   1.8637515e+01   0.0000000e+00   1.1075929e+00
   1.6418500e+00   5.1490184e+04   1.8217408e+01   0.0000000e+00   1.1212188e+00
   1.6421700e+00   4.9428577e+04   1.7468324e+01   0.0000000e+00   1.1287438e+00
   1.6424900e+00   4.8683489e+04   1.7092369e+01   0.0000000e+00   1.1230700e+00
   1.6428100e+00   4.9467772e+04   1.7513684e+01   0.0000000e+00   1.1133146e+00
   1.6431400e+00   4.9865682e+04   1.7591173e+01   0.0000000e+00   1.1035713e+00
   1.6434600e+00   4.9858535e+04   1.7564504e+01   0.0000000e+00   1.1050184e+00
   1.6437800e+00   5.7156139e+04   2.0321498e+01   0.0000000e+00   1.1132173e+00
   1.6441000e+00   6.4521782e+04   2.2395824e+01   0.0000000e+00   1.1215970e+00
   1.6444300e+00   6.6363863e+04   2.3091774e+01   0.0000000e+00   1.1242320e+00
   1.6447500e+00   5.9127369e+04   2.0899121e+01   0.0000000e+00   1.1134421e+00
   1.6450700e+00   5.2680299e+04   1.8467940e+01   0.0000000e+00   1.1016227e+00
   1.6454000e+00   5.0876430e+04   1.8012277e+01   0.0000000e+00   1.0976937e+00
   1.6457200e+00   5.0856284e+04   1.7943752e+01   0.0000000e+00   1.1050858e+00
   1.6460400e+00   5.0557685e+04   1.7974746e+01   0.0000000e+00   1.1146841e+00
   1.6463700e+00   5.1060244e+04   1.8018013e+01   0.0000000e+00   1.1173846e+00
   1.6466900e+00   5.0270780e+04   1.7660898e+01   0.0000000e+00   1.1125856e+00
   1.6470100e+00   5.1457934e+04   1.8231378e+01   0.0000000e+00   1.1001457e+00
   1.6473400e+00   5.6419900e+04   2.0002120e+01   0.0000000e+00   1.0927297e+00
   1.6476600e+00   6.0588918e+04   2.1295509e+01   0.0000000e+00   1.0976094e+00
   1.6479900e+00   6.1223377e+04   2.1633076e+01   0.0000000e+00   1.1070824e+00
   1.6483100e+00   5.5874422e+04   1.9720711e+01   0.0000000e+00   1.1146063e+00
   1.6486300e+00   5.1947823e+04   1.8377782e+01   0.0000000e+00   1.1139728e+00
   1.6489600e+00   5.1123686e+04   1.8026698e+01   0.0000000e+00   1.1022628e+00
   1.6492800e+00   4.9961512e+04   1.7667259e+01   0.0000000e+00   1.0919904e+00
   1.6496100e+00   5.3195186e+04   1.8692879e+01   0.0000000e+00   1.0897665e+00
   1.6499300e+00   6.4341520e+04   2.2462646e+01   0.0000000e+00   1.0991919e+00
   1.6502600e+00   6.9638690e+04   2.4145766e+01   0.0000000e+00   1.1122831e+00
   1.6505800e+00   6.5634306e+04   2.2886634e+01   0.0000000e+00   1.1132066e+00
   1.6509000e+00   5.5555392e+04   1.9424801e+01   0.0000000e+00   1.1033233e+00
   1.6512300e+00   5.2040368e+04   1.8072076e+01   0.0000000e+00   1.0907566e+00
   1.6515500e+00   5.1069439e+04   1.8927043e+01   0.0000000e+00   1.0892993e+00
   1.6518800e+00   5.0226311e+04   1.7572968e+01   0.0000000e+00   1.0942109e+00
   1.6522000e+00   5.0508849e+04   1.7644133e+01   0.0000000e+00   1.1069110e+00
   1.6525300e+00   5.0007534e+04   1.7627942e+01   0.0000000e+00   1.1094706e+00
   1.6528600e+00   5.1037507e+04   1.8146729e+01   0.0000000e+00   1.1035520e+00
   1.6531800e+00   5.1237243e+04   1.8082409e+01   0.0000000e+00   1.0922511e+00
   1.6535100e+00   5.0777976e+04   1.7701955e+01   0.0000000e+00   1.0814803e+00
   1.6538300e+00   5.1324325e+04   1.8008808e+01   0.0000000e+00   1.0885319e+00
   1.6541600e+00   5.1722461e+04   1.8122958e+01   0.0000000e+00   1.0979529e+00
   1.6544800e+00   5.1075245e+04   1.7926411e+01   0.0000000e+00   1.1054855e+00
   1.6548100e+00   5.2005430e+04   1.8298321e+01   0.0000000e+00   1.1098723e+00
   1.6551300e+00   5.5262090e+04   1.9479614e+01   0.0000000e+00   1.0947936e+00
   1.6554600e+00   5.6499658e+04   1.9743797e+01   0.0000000e+00   1.0850717e+00
   1.6557900e+00   5.4973386e+04   1.9303082e+01   0.0000000e+00   1.0861592e+00
   1.6561100e+00   5.1576800e+04   1.8195013e+01   0.0000000e+00   1.0946237e+00
   1.6564400e+00   5.0329167e+04   1.7975353e+01   0.0000000e+00   1.1039036e+00
   1.6567600e+00   5.1197664e+04   1.7889555e+01   0.0000000e+00   1.1072306e+00
   1.6570900e+00   5.0522371e+04   1.7750133e+01   0.0000000e+00   1.0984319e+00
   1.6574200e+00   5.0769659e+04   1.7758830e+01   0.0000000e+00   1.0897921e+00
   1.6577400e+00   5.0966633e+04   1.7908710e+01   0.0000000e+00   1.0835787e+00
   1.6580700e+00   5.0251766e+04   1.7672391e+01   0.0000000e+00   1.0900515e+00
   1.6584000e+00   5.0917850e+04   1.8104026e+01   0.0000000e+00   1.1021373e+00
   1.6587200e+00   5.1112393e+04   1.8028357e+01   0.0000000e+00   1.1072225e+00
   1.6590500e+00   5.1245971e+04   1.8042043e+01   0.0000000e+00   1.1027438e+00
   1.6593800e+00   5.0730080e+04   1.7936845e+01   0.0000000e+00   1.0930438e+00
   1.6597000e+00   5.1165837e+04   1.7838192e+01   0.0000000e+00   1.0849091e+00
   1.6600300e+00   5.1270463e+04   1.7952206e+01   0.0000000e+00   1.0880415e+00
   1.6603600e+00   5.0727406e+04   1.7821387e+01   0.0000000e+00   1.0953547e+00
   1.6606900e+00   5.2098819e+04   1.8349277e+01   0.0000000e+00   1.1066256e+00
   1.6610100e+00   5.2871426e+04   1.8764868e+01   0.0000000e+00   1.1074595e+00
   1.6613400e+00   5.2762625e+04   1.8457677e+01   0.0000000e+00   1.0982962e+00
   1.6616700e+00   5.1577721e+04   1.8545511e+01   0.0000000e+00   1.0849796e+00
   1.6620000e+00   5.1140235e+04   1.8336987e+01   0.0000000e+00   1.0836947e+00
   1.6623200e+00   5.1545709e+04   1.8259193e+01   0.0000000e+00   1.0908970e+00
   1.6626500e+00   5.1691059e+04   1.8172970e+01   0.0000000e+00   1.1053939e+00
   1.6629800e+00   5.1965311e+04   1.8276386e+01   0.0000000e+00   1.1070078e+00
   1.6633100e+00   5.1485026e+04   1.8050462e+01   0.0000000e+00   1.1022883e+00
   1.6636400e+00   5.1753932e+04   1.8364559e+01   0.0000000e+00   1.0874155e+00
   1.6639600e+00   5.1352298e+04   1.8099729e+01   0.0000000e+00   1.0846250e+00
   1.6642900e+00   5.1186618e+04   1.7897877e+01   0.0000000e+00   1.0882050e+00
   1.6646200e+00   5.1421584e+04   1.7740503e+01   0.0000000e+00   1.0981527e+00
   1.6649500e+00   5.1153482e+04   1.7873749e+01   0.0000000e+00   1.1070190e+00
   1.6652800e+00   5.1419490e+04   1.7953048e+01   0.0000000e+00   1.1058339e+00
   1.6656100e+00   5.1179026e+04   1.7838968e+01   0.0000000e+00   1.0940786e+00
   1.6659300e+00   5.1115744e+04   1.7850765e+01   0.0000000e+00   1.0831463e+00
   1.6662600e+00   5.0983391e+04   1.7767551e+01   0.0000000e+00   1.0801834e+00
   1.6665900e+00   5.0564135e+04   1.7744379e+01   0.0000000e+00   1.0893423e+00
   1.6669200e+00   5.2100616e+04   1.8225631e+01   0.0000000e+00   1.1020854e+00
   1.6672500e+00   5.1716792e+04   1.8005970e+01   0.0000000e+00   1.1063316e+00
   1.6675800e+00   5.1982799e+04   1.8190184e+01   0.0000000e+00   1.0988411e+00
   1.6679100e+00   5.1985561e+04   1.8312116e+01   0.0000000e+00   1.0858041e+00
   1.6682400e+00   5.2759651e+04   1.8728275e+01   0.0000000e+00   1.0802154e+00
   1.6685700e+00   6.1953011e+04   2.2309792e+01   0.0000000e+00   1.0835124e+00
   1.6689000e+00   9.1557140e+04   3.3234815e+01   0.0000000e+00   1.0930828e+00
   1.6692300e+00   1.0785228e+05   3.7360440e+01   0.0000000e+00   1.1022446e+00
   1.6695500e+00   9.6824214e+04   3.4201134e+01   0.0000000e+00   1.1004212e+00
   1.6698800e+00   6.7084467e+04   2.4068418e+01   0.0000000e+00   1.0907901e+00
   1.6702100e+00   5.8145761e+04   2.0364121e+01   0.0000000e+00   1.0812611e+00
   1.6705400e+00   6.6406102e+04   2.3259164e+01   0.0000000e+00   1.0801387e+00
   1.6708700e+00   7.1378974e+04   2.4770502e+01   0.0000000e+00   1.0884272e+00
   1.6712000e+00   6.7982155e+04   2.3775671e+01   0.0000000e+00   1.0976550e+00
   1.6715300e+00   5.8036963e+04   2.0265450e+01   0.0000000e+00   1.0989271e+00
   1.6718600e+00   5.4009811e+04   1.8911028e+01   0.0000000e+00   1.0936373e+00
   1.6721900e+00   5.4367848e+04   1.9037504e+01   0.0000000e+00   1.0807201e+00
   1.6725200e+00   5.4382795e+04   1.8933480e+01   0.0000000e+00   1.0754678e+00
   1.6728500e+00   5.7816551e+04   2.0207827e+01   0.0000000e+00   1.0848958e+00
   1.6731800e+00   6.0593111e+04   2.1324253e+01   0.0000000e+00   1.0956927e+00
   1.6735200e+00   5.9165797e+04   2.0394573e+01   0.0000000e+00   1.1007954e+00
   1.6738500e+00   5.6070279e+04   1.9692489e+01   0.0000000e+00   1.0924910e+00
   1.6741800e+00   5.4423135e+04   1.8972222e+01   0.0000000e+00   1.0829945e+00
   1.6745100e+00   5.3676410e+04   1.8934202e+01   0.0000000e+00   1.0764010e+00
   1.6748400e+00   5.4133869e+04   1.8920255e+01   0.0000000e+00   1.0790680e+00
   1.6751700e+00   5.4294838e+04   1.9023697e+01   0.0000000e+00   1.0859167e+00
   1.6755000e+00   5.4965111e+04   1.9977880e+01   0.0000000e+00   1.0927243e+00
   1.6758300e+00   5.6230083e+04   1.9685154e+01   0.0000000e+00   1.0954966e+00
   1.6761600e+00   5.5497041e+04   1.9259539e+01   0.0000000e+00   1.0871939e+00
   1.6764900e+00   5.6010779e+04   1.9543158e+01   0.0000000e+00   1.0779267e+00
   1.6768200e+00   5.4675088e+04   1.9057468e+01   0.0000000e+00   1.0733793e+00
   1.6771600e+00   5.4076930e+04   1.8831723e+01   0.0000000e+00   1.0787123e+00
   1.6774900e+00   5.4314404e+04   1.8821746e+01   0.0000000e+00   1.0864529e+00
   1.6778200e+00   5.3488488e+04   1.8532383e+01   0.0000000e+00   1.0919717e+00
   1.6781500e+00   5.4596850e+04   1.9387933e+01   0.0000000e+00   1.0871267e+00
   1.6784800e+00   5.4288402e+04   1.8915340e+01   0.0000000e+00   1.0792531e+00
   1.6788100e+00   5.4162403e+04   1.8802395e+01   0.0000000e+00   1.0713577e+00
   1.6791500e+00   5.4602373e+04   1.8966300e+01   0.0000000e+00   1.0711947e+00
   1.6794800e+00   5.3952278e+04   1.8637275e+01   0.0000000e+00   1.0784048e+00
   1.6798100e+00   5.4098078e+04   1.8736391e+01   0.0000000e+00   1.0861568e+00
   1.6801400e+00   5.5040485e+04   1.8918879e+01   0.0000000e+00   1.0828032e+00
   1.6804700e+00   5.4598514e+04   1.8904958e+01   0.0000000e+00   1.0731834e+00
   1.6808100e+00   5.3868070e+04   1.8752330e+01   0.0000000e+00   1.0648435e+00
   1.6811400e+00   5.3539057e+04   1.9339965e+01   0.0000000e+00   1.0635611e+00
   1.6814700e+00   5.3684694e+04   1.9030199e+01   0.0000000e+00   1.0660982e+00
   1.6818000e+00   5.3980842e+04   1.8754321e+01   0.0000000e+00   1.0767968e+00
   1.6821400e+00   5.3261929e+04   1.8480080e+01   0.0000000e+00   1.0780911e+00
   1.6824700e+00   5.3610423e+04   1.8643191e+01   0.0000000e+00   1.0719373e+00
   1.6828000e+00   5.3884429e+04   1.8725687e+01   0.0000000e+00   1.0602163e+00
   1.6831400e+00   5.3558366e+04   1.8596892e+01   0.0000000e+00   1.0546233e+00
   1.6834700e+00   5.5383456e+04   1.9360192e+01   0.0000000e+00   1.0572091e+00
   1.6838000e+00   6.0481227e+04   2.1153935e+01   0.0000000e+00   1.0623359e+00
   1.6841300e+00   6.1706453e+04   2.1761010e+01   0.0000000e+00   1.0651403e+00
   1.6844700e+00   5.9962273e+04   2.0845797e+01   0.0000000e+00   1.0663032e+00
   1.6848000e+00   5.5627459e+04   1.9307664e+01   0.0000000e+00   1.0567941e+00
   1.6851300e+00   5.4722951e+04   1.9118378e+01   0.0000000e+00   1.0505036e+00
   1.6854700e+00   5.3848909e+04   1.8814010e+01   0.0000000e+00   1.0455824e+00
   1.6858000e+00   5.4230553e+04   1.8908517e+01   0.0000000e+00   1.0503357e+00
   1.6861300e+00   5.4976000e+04   1.9148982e+01   0.0000000e+00   1.0553367e+00
   1.6864700e+00   5.4363607e+04   1.8805508e+01   0.0000000e+00   1.0580233e+00
   1.6868000e+00   5.5153400e+04   1.9165513e+01   0.0000000e+00   1.0521468e+00
   1.6871400e+00   5.5462048e+04   1.9035307e+01   0.0000000e+00   1.0434975e+00
   1.6874700e+00   5.5215199e+04   1.9247749e+01   0.0000000e+00   1.0364386e+00
   1.6878000e+00   5.5480917e+04   1.9350043e+01   0.0000000e+00   1.0369492e+00
   1.6881400e+00   5.4999036e+04   1.9196560e+01   0.0000000e+00   1.0391786e+00
   1.6884700e+00   5.5134588e+04   1.9026848e+01   0.0000000e+00   1.0451459e+00
   1.6888100e+00   5.5494342e+04   1.9162884e+01   0.0000000e+00   1.0424999e+00
   1.6891400e+00   5.5701379e+04   1.9565548e+01   0.0000000e+00   1.0323110e+00
   1.6894700e+00   5.6516889e+04   1.9849771e+01   0.0000000e+00   1.0194867e+00
   1.6898100e+00   6.6844057e+04   2.4120021e+01   0.0000000e+00   1.0226394e+00
   1.6901400e+00   8.7673373e+04   3.1241373e+01   0.0000000e+00   1.0235386e+00
   1.6904800e+00   9.4356200e+04   3.2411867e+01   0.0000000e+00   1.0260672e+00
   1.6908100e+00   8.0667168e+04   2.8605170e+01   0.0000000e+00   1.0284972e+00
   1.6911500e+00   6.2111927e+04   2.1476917e+01   0.0000000e+00   1.0238866e+00
   1.6914800e+00   5.7256569e+04   1.9901526e+01   0.0000000e+00   1.0159685e+00
   1.6918200e+00   5.5651675e+04   1.9467033e+01   0.0000000e+00   1.0085493e+00
   1.6921500e+00   5.5912260e+04   1.9409135e+01   0.0000000e+00   1.0095432e+00
   1.6924900e+00   5.6082441e+04   1.9788474e+01   0.0000000e+00   1.0143516e+00
   1.6928200e+00   5.5781223e+04   1.9798371e+01   0.0000000e+00   1.0176929e+00
   1.6931600e+00   5.5768177e+04   1.9355081e+01   0.0000000e+00   1.0153232e+00
   1.6934900e+00   5.4959504e+04   1.9412000e+01   0.0000000e+00   1.0078437e+00
   1.6938300e+00   5.5571942e+04   1.9408163e+01   0.0000000e+00   1.0019465e+00
   1.6941600e+00   5.5914921e+04   1.9325044e+01   0.0000000e+00   1.0009594e+00
   1.6945000e+00   5.5319396e+04   1.9375823e+01   0.0000000e+00   1.0039919e+00
   1.6948300e+00   5.8483008e+04   2.0345079e+01   0.0000000e+00   1.0081918e+00
   1.6951700e+00   6.5626489e+04   2.2873504e+01   0.0000000e+00   1.0078797e+00
   1.6955100e+00   6.9403095e+04   2.3928319e+01   0.0000000e+00   1.0034733e+00
   1.6958400e+00   6.7429055e+04   2.3403137e+01   0.0000000e+00   9.9696163e-01
   1.6961800e+00   5.9453287e+04   2.0561432e+01   0.0000000e+00   9.8937311e-01
   1.6965100e+00   5.6881542e+04   1.9605313e+01   0.0000000e+00   9.8972009e-01
   1.6968500e+00   5.6145589e+04   1.9392206e+01   0.0000000e+00   9.9630714e-01
   1.6971900e+00   5.6081018e+04   1.9448052e+01   0.0000000e+00   9.9827062e-01
   1.6975200e+00   5.5980273e+04   1.9334244e+01   0.0000000e+00   9.9777613e-01
   1.6978600e+00   5.6226584e+04   1.9699812e+01   0.0000000e+00   9.8852865e-01
   1.6981900e+00   5.6611695e+04   1.9707111e+01   0.0000000e+00   9.8197790e-01
   1.6985300e+00   5.7211305e+04   1.9677695e+01   0.0000000e+00   9.8166804e-01
   1.6988700e+00   5.6493086e+04   1.9583063e+01   0.0000000e+00   9.8117573e-01
   1.6992000e+00   5.5934251e+04   1.9406835e+01   0.0000000e+00   9.8434499e-01
   1.6995400e+00   5.7361854e+04   2.0011422e+01   0.0000000e+00   9.8537882e-01
   1.6998800e+00   5.7817983e+04   2.0158368e+01   0.0000000e+00   9.8323290e-01
   1.7002100e+00   6.3604898e+04   2.2464743e+01   0.0000000e+00   9.7542159e-01
   1.7005500e+00   8.3853053e+04   2.9660355e+01   0.0000000e+00   9.6621036e-01
   1.7008900e+00   9.4087631e+04   3.2329495e+01   0.0000000e+00   9.6533996e-01
   1.7012200e+00   8.6978341e+04   3.0360246e+01   0.0000000e+00   9.6968662e-01
   1.7015600e+00   6.6288286e+04   2.3481311e+01   0.0000000e+00   9.7585335e-01
   1.7019000e+00   5.8546588e+04   2.0565620e+01   0.0000000e+00   9.7684103e-01
   1.7022400e+00   5.7497065e+04   1.9738057e+01   0.0000000e+00   9.6983574e-01
   1.7025700e+00   5.6426935e+04   1.9629065e+01   0.0000000e+00   9.6308784e-01
   1.7029100e+00   5.7244590e+04   1.9980315e+01   0.0000000e+00   9.5931155e-01
   1.7032500e+00   5.7616816e+04   1.9852652e+01   0.0000000e+00   9.6237630e-01
   1.7035900e+00   5.5879013e+04   1.9377523e+01   0.0000000e+00   9.6611570e-01
   1.7039200e+00   5.7034773e+04   2.0438886e+01   0.0000000e+00   9.6873984e-01
   1.7042600e+00   5.7380042e+04   1.9854711e+01   0.0000000e+00   9.6614245e-01
   1.7046000e+00   5.7721897e+04   2.0126107e+01   0.0000000e+00   9.5743544e-01
   1.7049400e+00   5.7374740e+04   1.9748699e+01   0.0000000e+00   9.5416681e-01
   1.7052700e+00   5.7919086e+04   2.0013634e+01   0.0000000e+00   9.5057881e-01
   1.7056100e+00   5.8383493e+04   2.0344925e+01   0.0000000e+00   9.5378304e-01
   1.7059500e+00   5.8603907e+04   2.0382905e+01   0.0000000e+00   9.5921178e-01
   1.7062900e+00   5.7711481e+04   1.9804578e+01   0.0000000e+00   9.6014098e-01
   1.7066300e+00   5.6477591e+04   1.9840258e+01   0.0000000e+00   9.5629384e-01
   1.7069700e+00   5.7878221e+04   1.9950556e+01   0.0000000e+00   9.4600224e-01
   1.7073000e+00   6.1150191e+04   2.1301339e+01   0.0000000e+00   9.4305501e-01
   1.7076400e+00   6.7802474e+04   2.3300407e+01   0.0000000e+00   9.4390397e-01
   1.7079800e+00   6.7492595e+04   2.3155578e+01   0.0000000e+00   9.5061457e-01
   1.7083200e+00   6.3843399e+04   2.2021966e+01   0.0000000e+00   9.5351812e-01
   1.7086600e+00   5.9255200e+04   2.0348899e+01   0.0000000e+00   9.5185688e-01
   1.7090000e+00   5.7487138e+04   1.9805231e+01   0.0000000e+00   9.4342171e-01
   1.7093400e+00   5.7256358e+04   1.9924306e+01   0.0000000e+00   9.3254051e-01
   1.7096700e+00   5.6441093e+04   1.9915572e+01   0.0000000e+00   9.3110729e-01
   1.7100100e+00   5.7256003e+04   1.9956190e+01   0.0000000e+00   9.3796128e-01
   1.7103500e+00   5.7440857e+04   2.0053581e+01   0.0000000e+00   9.4750519e-01
   1.7106900e+00   5.7839479e+04   1.9939070e+01   0.0000000e+00   9.4684975e-01
   1.7110300e+00   5.7557015e+04   1.9996822e+01   0.0000000e+00   9.3999538e-01
   1.7113700e+00   5.8504283e+04   2.0234778e+01   0.0000000e+00   9.3374752e-01
   1.7117100e+00   6.1478064e+04   2.1359068e+01   0.0000000e+00   9.2863937e-01
   1.7120500e+00   7.6705832e+04   2.6916609e+01   0.0000000e+00   9.2777429e-01
   1.7123900e+00   8.4074617e+04   2.8912172e+01   0.0000000e+00   9.3591422e-01
   1.7127300e+00   7.8441201e+04   2.7242425e+01   0.0000000e+00   9.3902983e-01
   1.7130700e+00   6.4506151e+04   2.2667747e+01   0.0000000e+00   9.3592600e-01
   1.7134100e+00   5.9176042e+04   2.0585012e+01   0.0000000e+00   9.2919450e-01
   1.7137500e+00   5.8617539e+04   2.0266870e+01   0.0000000e+00   9.2320473e-01
   1.7140900e+00   5.8479269e+04   2.0300760e+01   0.0000000e+00   9.2110280e-01
   1.7144300e+00   5.9444811e+04   2.0587850e+01   0.0000000e+00   9.2609718e-01
   1.7147700e+00   5.8203811e+04   1.9954502e+01   0.0000000e+00   9.3205499e-01
   1.7151100e+00   5.8876899e+04   2.0621344e+01   0.0000000e+00   9.3519599e-01
   1.7154500e+00   5.8843743e+04   2.0218393e+01   0.0000000e+00   9.2794622e-01
   1.7157900e+00   5.8623068e+04   2.0205566e+01   0.0000000e+00   9.2035691e-01
   1.7161300e+00   5.8715835e+04   2.0358506e+01   0.0000000e+00   9.1594420e-01
   1.7164700e+00   5.9532810e+04   2.0568867e+01   0.0000000e+00   9.1639913e-01
   1.7168100e+00   5.9850789e+04   2.0707710e+01   0.0000000e+00   9.2411426e-01
   1.7171500e+00   6.0217981e+04   2.0898747e+01   0.0000000e+00   9.2924739e-01
   1.7174900e+00   6.0827924e+04   2.1077151e+01   0.0000000e+00   9.2644022e-01
   1.7178300e+00   6.0256494e+04   2.0680924e+01   0.0000000e+00   9.1808577e-01
   1.7181700e+00   6.0686485e+04   2.1100732e+01   0.0000000e+00   9.1009672e-01
   1.7185100e+00   5.9685966e+04   2.0431443e+01   0.0000000e+00   9.0953209e-01
   1.7188500e+00   6.0246129e+04   2.0686895e+01   0.0000000e+00   9.1367443e-01
   1.7191900e+00   6.0577379e+04   2.1349686e+01   0.0000000e+00   9.1968902e-01
   1.7195300e+00   5.9526458e+04   2.0777675e+01   0.0000000e+00   9.1982039e-01
   1.7198700e+00   6.0041078e+04   2.0695560e+01   0.0000000e+00   9.1701054e-01
   1.7202200e+00   6.0316468e+04   2.0923672e+01   0.0000000e+00   9.0625034e-01
   1.7205600e+00   6.3268716e+04   2.1617898e+01   0.0000000e+00   8.9502709e-01
   1.7209000e+00   6.6613202e+04   2.2872970e+01   0.0000000e+00   8.9823028e-01
   1.7212400e+00   6.7102653e+04   2.3204328e+01   0.0000000e+00   9.0519696e-01
   1.7215800e+00   6.4973647e+04   2.2250556e+01   0.0000000e+00   9.1464903e-01
   1.7219200e+00   6.1905052e+04   2.1429310e+01   0.0000000e+00   9.1336579e-01
   1.7222600e+00   6.1397996e+04   2.0934565e+01   0.0000000e+00   9.0286282e-01
   1.7226100e+00   6.2213006e+04   2.1483196e+01   0.0000000e+00   8.9536529e-01
   1.7229500e+00   6.0579714e+04   2.1084103e+01   0.0000000e+00   8.9209594e-01
   1.7232900e+00   6.1475303e+04   2.1088768e+01   0.0000000e+00   8.9572656e-01
   1.7236300e+00   6.1700936e+04   2.1554493e+01   0.0000000e+00   9.0329775e-01
   1.7239700e+00   6.2800886e+04   2.1472800e+01   0.0000000e+00   9.0484775e-01
   1.7243100e+00   6.7253294e+04   2.3150513e+01   0.0000000e+00   8.9799086e-01
   1.7246600e+00   7.3252804e+04   2.5152050e+01   0.0000000e+00   8.8836865e-01
   1.7250000e+00   7.3435507e+04   2.5261893e+01   0.0000000e+00   8.8182189e-01
   1.7253400e+00   6.9678269e+04   2.3915727e+01   0.0000000e+00   8.8464866e-01
   1.7256800e+00   6.3176277e+04   2.1744381e+01   0.0000000e+00   8.8912625e-01
   1.7260300e+00   6.1723821e+04   2.1469644e+01   0.0000000e+00   8.9489017e-01
   1.7263700e+00   6.1907910e+04   2.1269973e+01   0.0000000e+00   8.9264537e-01
   1.7267100e+00   6.1328563e+04   2.1147022e+01   0.0000000e+00   8.8496246e-01
   1.7270500e+00   6.2862840e+04   2.1683166e+01   0.0000000e+00   8.7530364e-01
   1.7274000e+00   6.2585439e+04   2.1893055e+01   0.0000000e+00   8.7229503e-01
   1.7277400e+00   6.3381535e+04   2.1883873e+01   0.0000000e+00   8.7430790e-01
   1.7280800e+00   6.4448325e+04   2.2113734e+01   0.0000000e+00   8.8125248e-01
   1.7284200e+00   6.4020321e+04   2.2012435e+01   0.0000000e+00   8.8375383e-01
   1.7287700e+00   6.3572066e+04   2.1848429e+01   0.0000000e+00   8.7749406e-01
   1.7291100e+00   6.3178117e+04   2.1796457e+01   0.0000000e+00   8.6801261e-01
   1.7294500e+00   6.2187321e+04   2.1619409e+01   0.0000000e+00   8.5907292e-01
   1.7298000e+00   6.3141820e+04   2.1868201e+01   0.0000000e+00   8.6172297e-01
   1.7301400e+00   6.3915390e+04   2.2144505e+01   2.3813320e+02   8.6788608e-01
   1.7304800e+00   6.4865100e+04   2.2250731e+01   1.3299613e+03   8.7234091e-01
   1.7308300e+00   6.4609677e+04   2.2203915e+01   1.1095935e+03   8.7139932e-01
   1.7311700e+00   6.3071790e+04   2.1813353e+01  -5.6780103e+02   8.6026347e-01
   1.7315100e+00   6.3717721e+04   2.1980966e+01  -2.6586166e+02   8.5188351e-01
   1.7318600e+00   6.3507620e+04   2.1764534e+01  -1.0102270e+03   8.4737113e-01
   1.7322000e+00   6.3596278e+04   2.2271261e+01  -1.5899313e+03   8.4991651e-01
   1.7325400e+00   6.5130292e+04   2.2424449e+01  -7.7194842e+02   8.5633973e-01
   1.7328900e+00   6.9095257e+04   2.3871817e+01   2.5266343e+03   8.6024744e-01
   1.7332300e+00   7.1068781e+04   2.4159161e+01   3.9713906e+03   8.5513490e-01
   1.7335700e+00   6.6867243e+04   2.2957993e+01  -5.5749630e+02   8.4661850e-01
   1.7339200e+00   6.4905784e+04   2.2606901e+01  -2.6137908e+03   8.4025589e-01
   1.7342600e+00   6.5264690e+04   2.2740189e+01  -2.1223827e+03   8.4057613e-01
   1.7346100e+00   6.5485968e+04   2.2450788e+01  -1.5822614e+03   8.4500653e-01
   1.7349500e+00   6.7520513e+04   2.2986722e+01   8.8222346e+02   8.5044040e-01
   1.7352900e+00   6.7553477e+04   2.3128454e+01   1.3480604e+03   8.4876627e-01
   1.7356400e+00   6.7608050e+04   2.3156308e+01   1.7023852e+03   8.4107318e-01
   1.7359800e+00   6.8387847e+04   2.3642312e+01   2.4997611e+03   8.3235169e-01
   1.7363300e+00   6.7289300e+04   2.3614376e+01   1.0035218e+03   8.2924629e-01
   1.7366700e+00   6.6176129e+04   2.2844584e+01  -9.9935836e+02   8.3143009e-01
   1.7370200e+00   6.6356067e+04   2.2824211e+01  -2.1820501e+03   8.3702700e-01
   1.7373600e+00   6.6055415e+04   2.2901553e+01  -4.1808399e+03   8.4125702e-01
   1.7377100e+00   6.8075380e+04   2.3257528e+01  -3.9480863e+03   8.3911611e-01
   1.7380500e+00   7.3251419e+04   2.5128464e+01  -3.3999381e+02   8.3054330e-01
   1.7384000e+00   8.0419780e+04   2.7404764e+01   5.7745679e+03   8.2162510e-01
   1.7387400e+00   8.1949582e+04   2.8009961e+01   6.9667559e+03   8.2176679e-01
   1.7390900e+00   7.6515630e+04   2.6129238e+01   1.9639944e+03   8.2669714e-01
   1.7394300e+00   7.0458070e+04   2.4066664e+01  -3.0056062e+03   8.3167783e-01
   1.7397800e+00   6.8678575e+04   2.3495463e+01  -3.2860994e+03   8.3094357e-01
   1.7401200e+00   6.7769302e+04   2.3081863e+01  -2.5965620e+03   8.2709867e-01
   1.7404700e+00   6.8215793e+04   2.3314460e+01  -7.4625150e+02   8.1689699e-01
   1.7408100e+00   6.8061399e+04   2.3299768e+01   9.7568398e+01   8.1278893e-01
   1.7411600e+00   6.7828549e+04   2.3496709e+01   3.6458798e+02   8.1318777e-01
   1.7415000e+00   6.7154421e+04   2.3149859e+01  -2.8810982e+02   8.2099031e-01
   1.7418500e+00   6.8333224e+04   2.3376499e+01   5.2987116e+02   8.2430384e-01
   1.7421900e+00   6.9713845e+04   2.4131409e+01   1.2903565e+03   8.2170135e-01
   1.7425400e+00   7.2442946e+04   2.4825150e+01   3.2466453e+03   8.1574652e-01
   1.7428800e+00   7.2462995e+04   2.5015085e+01   2.4105726e+03   8.0949554e-01
   1.7432300e+00   7.0191975e+04   2.4031831e+01  -7.6194697e+02   8.0660852e-01
   1.7435800e+00   6.8431645e+04   2.3541454e+01  -3.4374940e+03   8.1182164e-01
   1.7439200e+00   6.8169671e+04   2.3516860e+01  -4.5745786e+03   8.1530766e-01
   1.7442700e+00   6.9020166e+04   2.3490755e+01  -4.4679100e+03   8.1692195e-01
   1.7446100e+00   7.6112257e+04   2.6401171e+01   2.1300860e+03   8.1267313e-01
   1.7449600e+00   8.0913166e+04   2.7994598e+01   6.7994658e+03   8.0695792e-01
   1.7453100e+00   7.8324887e+04   2.6821080e+01   4.5087787e+03   8.0066187e-01
   1.7456500e+00   7.2646883e+04   2.5177317e+01  -4.5355047e+02   8.0400328e-01
   1.7460000e+00   6.9148410e+04   2.3530487e+01  -2.9164641e+03   8.0514536e-01
   1.7463400e+00   6.7845671e+04   2.3358821e+01  -3.0306606e+03   8.1068721e-01
   1.7466900e+00   6.8870738e+04   2.3699615e+01  -8.5957731e+02   8.1130025e-01
   1.7470400e+00   6.8400904e+04   2.3404924e+01  -4.0376936e+02   8.0426829e-01
   1.7473800e+00   6.8765922e+04   2.3448079e+01   5.4221901e+02   7.9935639e-01
   1.7477300e+00   6.9047767e+04   2.3513480e+01   1.0062559e+03   7.9770717e-01
   1.7480800e+00   6.9541347e+04   2.3726267e+01   1.2968185e+03   8.0001263e-01
   1.7484200e+00   6.9377218e+04   2.3668414e+01   6.1074019e+02   8.0591997e-01
   1.7487700e+00   6.9871132e+04   2.3898069e+01   3.6246822e+02   8.0944529e-01
   1.7491200e+00   6.9211605e+04   2.3452380e+01  -1.1476972e+03   8.0615679e-01
   1.7494600e+00   6.9802132e+04   2.3714337e+01  -1.4075751e+03   7.9985964e-01
   1.7498100e+00   7.0438385e+04   2.3941083e+01  -1.5289575e+03   7.9594695e-01
   1.7501600e+00   7.3671140e+04   2.5157901e+01   1.1043005e+03   7.9472984e-01
   1.7505100e+00   7.5099952e+04   2.5852899e+01   2.1225825e+03   7.9879930e-01
   1.7508500e+00   7.4304635e+04   2.5401167e+01   1.1002714e+03   8.0323376e-01
   1.7512000e+00   7.3120116e+04   2.4705250e+01  -1.6398742e+02   8.0488312e-01
   1.7515500e+00   7.2353476e+04   2.4873659e+01  -9.1822481e+02   7.9986860e-01
   1.7519000e+00   7.1750853e+04   2.4414667e+01  -1.4734249e+03   7.9448358e-01
   1.7522400e+00   7.1920462e+04   2.4443827e+01  -1.2642132e+03   7.9149600e-01
   1.7525900e+00   7.3998816e+04   2.5131902e+01   8.2696421e+02   7.9483093e-01
   1.7529400e+00   7.4141585e+04   2.5194226e+01   9.6117178e+02   8.0071817e-01
   1.7532900e+00   7.3660068e+04   2.4882290e+01   4.7149152e+02   8.0194041e-01
   1.7536300e+00   7.3216017e+04   2.5167153e+01   4.4657113e+01   7.9983463e-01
   1.7539800e+00   7.2888696e+04   2.4953923e+01  -2.2500296e+02   7.9525576e-01
   1.7543300e+00   7.3081137e+04   2.4850541e+01   6.2886877e+01   7.8936770e-01
   1.7546800e+00   7.3106295e+04   2.5061178e+01   2.0050740e+02   7.8916621e-01
   1.7550200e+00   7.3050577e+04   2.5027057e+01   2.4178251e+02   7.9276520e-01
   1.7553700e+00   7.2143949e+04   2.4538301e+01  -6.1692601e+02   7.9744315e-01
   1.7557200e+00   7.2453104e+04   2.4756976e+01  -3.3304442e+02   7.9791459e-01
   1.7560700e+00   7.2435485e+04   2.5117458e+01  -4.5642873e+02   7.9559426e-01
   1.7564200e+00   7.3369762e+04   2.4897000e+01   3.0279913e+02   7.9005100e-01
   1.7567700e+00   7.3572652e+04   2.5191315e+01   2.8685032e+02   7.8702464e-01
   1.7571100e+00   7.4083970e+04   2.5224144e+01   5.6619570e+02   7.8766824e-01
   1.7574600e+00   7.3273076e+04   2.4987628e+01  -4.6473360e+02   7.9309176e-01
   1.7578100e+00   7.3220553e+04   2.5192578e+01  -7.1531506e+02   7.9774607e-01
   1.7581600e+00   7.4706635e+04   2.5455812e+01   5.8468800e+02   7.9774307e-01
   1.7585100e+00   7.4992892e+04   2.5502694e+01   6.6896115e+02   7.9355646e-01
   1.7588600e+00   7.4741612e+04   2.5463567e+01   1.6406827e+02   7.8674422e-01
   1.7592100e+00   7.5463131e+04   2.5823195e+01   5.5209771e+02   7.8411199e-01
   1.7595500e+00   7.5637201e+04   2.5693069e+01   3.0892955e+02   7.8838955e-01
   1.7599000e+00   7.4676090e+04   2.5582248e+01  -1.1192234e+03   7.9436010e-01
   1.7602500e+00   7.4872850e+04   2.5441595e+01  -1.3650088e+03   7.9578796e-01
   1.7606000e+00   7.5911164e+04   2.5638792e+01  -6.4390335e+02   7.9400973e-01
   1.7609500e+00   7.6215240e+04   2.5869121e+01  -4.3466084e+02   7.8853302e-01
   1.7613000e+00   7.5847981e+04   2.5900013e+01  -6.2293422e+02   7.8453885e-01
   1.7616500e+00   7.7212741e+04   2.6116130e+01   1.1574554e+03   7.8121738e-01
   1.7620000e+00   7.7156033e+04   2.6507599e+01   1.5991360e+03   7.8539838e-01
   1.7623500e+00   7.6935942e+04   2.6302929e+01   1.6920635e+03   7.9182316e-01
   1.7627000e+00   7.7589455e+04   2.6288863e+01   2.1325534e+03   7.9348424e-01
   1.7630500e+00   7.8292252e+04   2.6563229e+01   1.7620904e+03   7.8967371e-01
   1.7633900e+00   7.8648995e+04   2.6991196e+01  -4.0903314e+01   7.8426294e-01
   1.7637400e+00   7.9513081e+04   2.7180455e+01  -2.4458216e+03   7.7971422e-01
   1.7640900e+00   7.8971719e+04   2.6758587e+01  -7.1286944e+03   7.8059083e-01
   1.7644400e+00   8.1283161e+04   2.7512232e+01  -9.3463735e+03   7.8422820e-01
   1.7647900e+00   9.1889419e+04   3.1610088e+01  -3.0127952e+03   7.8855314e-01
   1.7651400e+00   1.1100167e+05   3.7634746e+01   1.2738401e+04   7.8802873e-01
   1.7654900e+00   1.1660812e+05   3.9456408e+01   1.6402058e+04   7.8344668e-01
   1.7658400e+00   1.0341518e+05   3.5486107e+01   2.9227701e+03   7.7683339e-01
   1.7661900e+00   8.9876291e+04   3.0465050e+01  -9.3244072e+03   7.7335597e-01
   1.7665400e+00   8.7052137e+04   2.9411292e+01  -9.6406268e+03   7.7656779e-01
   1.7668900e+00   9.0565779e+04   3.1183735e+01  -2.9445104e+03   7.8275205e-01
   1.7672400e+00   9.3275741e+04   3.1834669e+01   3.0397011e+03   7.8674115e-01
   1.7675900e+00   9.0124014e+04   3.0433448e+01   2.7586771e+03   7.8308598e-01
   1.7679400e+00   8.6181767e+04   2.9119149e+01   9.5982675e+02   7.7852033e-01
   1.7682900e+00   8.2856216e+04   2.7855568e+01  -1.0731970e+03   7.7412397e-01
   1.7686400e+00   8.2655560e+04   2.7812477e+01  -7.7543351e+02   7.7338199e-01
   1.7690000e+00   8.3801508e+04   2.8475522e+01   2.5974829e+02   7.7435889e-01
   1.7693500e+00   8.4330381e+04   2.8462926e+01   3.1464830e+02   7.7981015e-01
   1.7697000e+00   8.5879325e+04   2.9154491e+01   1.2673219e+03   7.8447203e-01
   1.7700500e+00   8.5889594e+04   2.9208258e+01   7.4320813e+02   7.7895439e-01
   1.7704000e+00   8.6147647e+04   2.8909476e+01   6.2824742e+02   7.7275187e-01
   1.7707500e+00   8.5044895e+04   2.8976558e+01  -6.7267971e+02   7.6986164e-01
   1.7711000e+00   8.4626223e+04   2.8633163e+01  -1.1663990e+03   7.6904756e-01
   1.7714500e+00   8.5623060e+04   2.9029653e+01  -2.0462558e+02   7.7213048e-01
   1.7718000e+00   8.5015569e+04   2.8718056e+01  -8.8634932e+02   7.7719566e-01
   1.7721500e+00   8.5751244e+04   2.9083378e+01  -3.1281528e+02   7.7590051e-01
   1.7725000e+00   8.6132063e+04   2.9535506e+01  -1.8971197e+02   7.6891915e-01
   1.7728500e+00   8.7336794e+04   2.9602415e+01   6.8946756e+02   7.6268417e-01
   1.7732100e+00   8.8394862e+04   2.9650707e+01   1.4004503e+03   7.6075864e-01
   1.7735600e+00   8.7900412e+04   2.9561728e+01   5.8167019e+02   7.6032747e-01
   1.7739100e+00   8.6827489e+04   2.9525403e+01  -7.6722856e+02   7.6405696e-01
   1.7742600e+00   8.7540337e+04   2.9558488e+01  -2.8348689e+02   7.6366462e-01
   1.7746100e+00   8.8346025e+04   2.9703964e+01   3.1348572e+02   7.5958705e-01
   1.7749600e+00   8.8010683e+04   3.0141811e+01  -2.5030290e+02   7.5549665e-01
   1.7753100e+00   8.8335259e+04   3.0013539e+01  -2.1228165e+02   7.4725882e-01
   1.7756700e+00   8.8425412e+04   2.9945671e+01  -4.8959536e+02   7.4164388e-01
   1.7760200e+00   8.9160580e+04   3.0222801e+01  -2.0156377e+02   7.4261705e-01
   1.7763700e+00   9.0508433e+04   3.0256880e+01   6.4576518e+02   7.4354772e-01
   1.7767200e+00   9.0281054e+04   3.0378977e+01  -9.0483528e+01   7.4403042e-01
   1.7770700e+00   9.0935843e+04   3.0971331e+01   9.9049085e+01   7.4009017e-01
   1.7774200e+00   9.0667074e+04   3.0756705e+01  -5.4663967e+02   7.3128473e-01
   1.7777800e+00   9.1997441e+04   3.1080505e+01   5.1986735e+02   7.2323420e-01
   1.7781300e+00   9.2228061e+04   3.0940417e+01   5.9713502e+02   7.2042782e-01
   1.7784800e+00   9.1512959e+04   3.1008009e+01  -1.9050860e+02   7.2023215e-01
   1.7788300e+00   9.2405786e+04   3.0991654e+01   6.6098897e+02   7.1869294e-01
   1.7791900e+00   9.1509277e+04   3.1060682e+01  -3.0247695e+02   7.1639413e-01
   1.7795400e+00   9.0941003e+04   3.0735665e+01  -1.0125733e+03   7.0946697e-01
   1.7798900e+00   9.1847572e+04   3.0812643e+01  -3.5246866e+02   6.9939667e-01
   1.7802400e+00   9.1848427e+04   3.1108422e+01   0.0000000e+00   6.9320066e-01
   1.7805900e+00   9.3224895e+04   3.1331963e+01   0.0000000e+00   6.9162773e-01
   1.7809500e+00   9.4560537e+04   3.1742377e+01   0.0000000e+00   6.8841099e-01
   1.7813000e+00   9.5169304e+04   3.2037177e+01   0.0000000e+00   6.8396849e-01
   1.7816500e+00   9.4902875e+04   3.2027942e+01   0.0000000e+00   6.7481072e-01
   1.7820000e+00   9.4369599e+04   3.1677253e+01   0.0000000e+00   6.6539550e-01
   1.7823600e+00   9.4699524e+04   3.2053236e+01   0.0000000e+00   6.5801958e-01
   1.7827100e+00   9.6976289e+04   3.2551046e+01   0.0000000e+00   6.4772523e-01
   1.7830600e+00   9.5534195e+04   3.2296263e+01   0.0000000e+00   6.4277016e-01
   1.7834200e+00   9.6323412e+04   3.2365948e+01   0.0000000e+00   6.3809751e-01
   1.7837700e+00   9.7079123e+04   3.2788443e+01   0.0000000e+00   6.3177794e-01
   1.7841200e+00   9.6968430e+04   3.2583638e+01   0.0000000e+00   6.2259029e-01
   1.7844800e+00   9.7990760e+04   3.3281825e+01   0.0000000e+00   6.0929114e-01
   1.7848300e+00   9.8212863e+04   3.3388189e+01   0.0000000e+00   5.9708360e-01
   1.7851800e+00   9.9991136e+04   3.3885066e+01   0.0000000e+00   5.8461841e-01
   1.7855400e+00   1.0123617e+05   3.4000106e+01   0.0000000e+00   5.8050924e-01
   1.7858900e+00   9.9344695e+04   3.4279633e+01   0.0000000e+00   5.7583574e-01
   1.7862400e+00   1.0189030e+05   3.4133798e+01   0.0000000e+00   5.6405562e-01
   1.7866000e+00   1.0117666e+05   3.3875353e+01   0.0000000e+00   5.5014536e-01
   1.7869500e+00   1.0279536e+05   3.4556699e+01   0.0000000e+00   5.3834903e-01
   1.7873000e+00   1.0470471e+05   3.5119614e+01   0.0000000e+00   5.2535181e-01
   1.7876600e+00   1.0931730e+05   3.7185878e+01   0.0000000e+00   5.1554243e-01
   1.7880100e+00   1.1717266e+05   3.9522419e+01   0.0000000e+00   5.0561309e-01
   1.7883600e+00   1.1829013e+05   3.9689010e+01   0.0000000e+00   4.9491837e-01
   1.7887200e+00   1.1256350e+05   3.7948597e+01   0.0000000e+00   4.8319091e-01
   1.7890700e+00   1.0758840e+05   3.5971749e+01   0.0000000e+00   4.6919727e-01
   1.7894200e+00   1.0689720e+05   3.5703476e+01   0.0000000e+00   4.5547428e-01
   1.7897800e+00   1.0672511e+05   3.5728492e+01   0.0000000e+00   4.4442573e-01
   1.7901300e+00   1.0819778e+05   3.6281947e+01   0.0000000e+00   4.3355152e-01
   1.7904900e+00   1.0752588e+05   3.5977422e+01   0.0000000e+00   4.2342986e-01
   1.7908400e+00   1.0840582e+05   3.6282286e+01   0.0000000e+00   4.1321297e-01
   1.7912000e+00   1.0846195e+05   3.6386819e+01   0.0000000e+00   4.0042369e-01
   1.7915500e+00   1.0929495e+05   3.6809893e+01   0.0000000e+00   3.8878061e-01
   1.7919000e+00   1.1063419e+05   3.7317921e+01   0.0000000e+00   3.7442432e-01
   1.7922600e+00   1.1236249e+05   3.7478576e+01   0.0000000e+00   3.6235732e-01
   1.7926100e+00   1.1258452e+05   3.7669905e+01   0.0000000e+00   3.5348302e-01
   1.7929700e+00   1.1334383e+05   3.7813780e+01   0.0000000e+00   3.4515800e-01
   1.7933200e+00   1.1305035e+05   3.7802062e+01   0.0000000e+00   3.3688881e-01
   1.7936800e+00   1.1395002e+05   3.8391252e+01   0.0000000e+00   3.2794750e-01
   1.7940300e+00   1.1418985e+05   3.8238249e+01   0.0000000e+00   3.1616223e-01
   1.7943900e+00   1.1568670e+05   3.9151680e+01   0.0000000e+00   3.0790277e-01
   1.7947400e+00   1.1763568e+05   3.9281523e+01   0.0000000e+00   3.0059534e-01
   1.7951000e+00   1.1689691e+05   3.9219689e+01   0.0000000e+00   2.9680039e-01
   1.7954500e+00   1.2487472e+05   4.3968269e+01   0.0000000e+00   3.3883136e-01
