   1.4744400e+00   0.0000000e+00   0.0000000e+00   0.0000000e+00   0.0000000e+00
   1.4747000e+00   0.0000000e+00   0.0000000e+00   0.0000000e+00   0.0000000e+00
   1.4749600e+00   0.0000000e+00   0.0000000e+00   0.0000000e+00   0.0000000e+00
   1.4752200e+00   0.0000000e+00   0.0000000e+00   0.0000000e+00   0.0000000e+00
   1.4754800e+00   0.0000000e+00   0.0000000e+00   0.0000000e+00   0.0000000e+00
   1.4757400e+00   0.0000000e+00   0.0000000e+00   0.0000000e+00   0.0000000e+00
   1.4760000e+00   0.0000000e+00   0.0000000e+00   0.0000000e+00   0.0000000e+00
   1.4762600e+00   0.0000000e+00   0.0000000e+00   0.0000000e+00   0.0000000e+00
   1.4765200e+00   0.0000000e+00   0.0000000e+00   0.0000000e+00   0.0000000e+00
   1.4767800e+00   0.0000000e+00   0.0000000e+00   0.0000000e+00   0.0000000e+00
   1.4770400e+00   0.0000000e+00   0.0000000e+00   0.0000000e+00   0.0000000e+00
   1.4773100e+00   0.0000000e+00   0.0000000e+00   0.0000000e+00   0.0000000e+00
   1.4775700e+00   0.0000000e+00   0.0000000e+00   0.0000000e+00   0.0000000e+00
   1.4778300e+00   0.0000000e+00   0.0000000e+00   0.0000000e+00   0.0000000e+00
   1.4780900e+00   0.0000000e+00   0.0000000e+00   0.0000000e+00   0.0000000e+00
   1.4783500e+00   0.0000000e+00   0.0000000e+00   0.0000000e+00   0.0000000e+00
   1.4786100e+00   0.0000000e+00   0.0000000e+00   0.0000000e+00   0.0000000e+00
   1.4788800e+00   0.0000000e+00   0.0000000e+00   0.0000000e+00   0.0000000e+00
   1.4791400e+00   0.0000000e+00   0.0000000e+00   0.0000000e+00   0.0000000e+00
   1.4794000e+00   0.0000000e+00   0.0000000e+00   0.0000000e+00   0.0000000e+00
   1.4796600e+00   0.0000000e+00   0.0000000e+00   0.0000000e+00   0.0000000e+00
   1.4799300e+00   0.0000000e+00   0.0000000e+00   0.0000000e+00   0.0000000e+00
   1.4801900e+00   0.0000000e+00   0.0000000e+00   0.0000000e+00   0.0000000e+00
   1.4804500e+00   0.0000000e+00   0.0000000e+00   0.0000000e+00   0.0000000e+00
   1.4807200e+00   3.6691932e+04   1.6844968e+01   0.0000000e+00   4.4923538e-01
   1.4809800e+00   3.6720365e+04   1.7048284e+01   0.0000000e+00   4.6008171e-01
   1.4812400e+00   3.5457069e+04   1.6865426e+01   0.0000000e+00   4.7285421e-01
   1.4815100e+00   3.6042945e+04   1.6601817e+01   0.0000000e+00   4.7536128e-01
   1.4817700e+00   3.6656509e+04   1.7046302e+01   0.0000000e+00   4.8153364e-01
   1.4820300e+00   3.5569004e+04   1.6509384e+01   0.0000000e+00   4.8996996e-01
   1.4823000e+00   3.6046955e+04   1.6062701e+01   0.0000000e+00   4.9621909e-01
   1.4825600e+00   3.6223817e+04   1.6779484e+01   0.0000000e+00   5.1130710e-01
   1.4828300e+00   3.7519844e+04   1.6906241e+01   0.0000000e+00   5.1784029e-01
   1.4830900e+00   3.9912999e+04   1.8500479e+01   0.0000000e+00   5.3210037e-01
   1.4833500e+00   4.0384668e+04   1.7968298e+01   0.0000000e+00   5.3897620e-01
   1.4836200e+00   4.0619063e+04   1.8192149e+01   0.0000000e+00   5.4821862e-01
   1.4838800e+00   3.8313984e+04   1.7746036e+01   0.0000000e+00   5.5874818e-01
   1.4841500e+00   3.5457555e+04   1.6368513e+01   0.0000000e+00   5.6743363e-01
   1.4844100e+00   3.4969781e+04   1.6415606e+01   0.0000000e+00   5.7849263e-01
   1.4846800e+00   3.5858034e+04   1.7122360e+01   0.0000000e+00   5.9175713e-01
   1.4849400e+00   3.6524969e+04   1.7250381e+01   0.0000000e+00   5.9767956e-01
   1.4852100e+00   3.6009411e+04   1.7847166e+01   0.0000000e+00   6.0834839e-01
   1.4854700e+00   3.7592730e+04   2.1080658e+01   0.0000000e+00   6.1962407e-01
   1.4857400e+00   3.6207098e+04   1.6872766e+01   0.0000000e+00   6.3257291e-01
   1.4860100e+00   3.7571300e+04   2.4223637e+01   0.0000000e+00   6.4199109e-01
   1.4862700e+00   3.8500994e+04   2.0734148e+01   0.0000000e+00   6.5527991e-01
   1.4865400e+00   3.8860319e+04   2.1747462e+01   0.0000000e+00   6.6331567e-01
   1.4868000e+00   3.8898423e+04   1.9494599e+01   0.0000000e+00   6.7481342e-01
   1.4870700e+00   3.7625337e+04   1.8407044e+01   0.0000000e+00   6.8238678e-01
   1.4873400e+00   3.8588802e+04   2.2447690e+01   0.0000000e+00   6.9700280e-01
   1.4876000e+00   3.8481713e+04   1.9784523e+01   0.0000000e+00   7.0552352e-01
   1.4878700e+00   3.7621469e+04   1.7821195e+01   0.0000000e+00   7.2026489e-01
   1.4881400e+00   3.9015903e+04   2.2596598e+01   0.0000000e+00   7.3108002e-01
   1.4884000e+00   4.4267489e+04   1.9871983e+01   0.0000000e+00   7.4252175e-01
   1.4886700e+00   4.9416018e+04   2.1102650e+01   0.0000000e+00   7.5244646e-01
   1.4889400e+00   4.8867451e+04   2.0666654e+01   0.0000000e+00   7.6192704e-01
   1.4892000e+00   4.6175572e+04   2.2047487e+01   0.0000000e+00   7.7640704e-01
   1.4894700e+00   4.0519799e+04   2.1497022e+01   0.0000000e+00   7.8625805e-01
   1.4897400e+00   3.7286234e+04   1.5744918e+01   0.0000000e+00   7.9912838e-01
   1.4900100e+00   3.6367935e+04   1.4867918e+01   0.0000000e+00   8.1111640e-01
   1.4902700e+00   3.7228380e+04   1.7632219e+01   0.0000000e+00   8.2051235e-01
   1.4905400e+00   3.8283605e+04   1.7293420e+01   0.0000000e+00   8.2967628e-01
   1.4908100e+00   3.8959994e+04   1.7269944e+01   0.0000000e+00   8.3983103e-01
   1.4910800e+00   3.9690499e+04   1.9110289e+01   0.0000000e+00   8.5063694e-01
   1.4913500e+00   3.8381568e+04   1.5938416e+01   0.0000000e+00   8.6186606e-01
   1.4916200e+00   3.6472791e+04   1.7833372e+01   0.0000000e+00   8.7195003e-01
   1.4918800e+00   3.6540132e+04   1.4821213e+01   0.0000000e+00   8.8288107e-01
   1.4921500e+00   3.7443707e+04   1.5222147e+01   0.0000000e+00   8.9200297e-01
   1.4924200e+00   3.6837785e+04   1.5844928e+01   0.0000000e+00   9.0062975e-01
   1.4926900e+00   3.8075252e+04   1.8044275e+01   0.0000000e+00   9.0864461e-01
   1.4929600e+00   4.2269714e+04   1.6797595e+01   0.0000000e+00   9.2096136e-01
   1.4932300e+00   4.2512240e+04   1.6829944e+01   0.0000000e+00   9.3173126e-01
   1.4935000e+00   4.1770386e+04   1.6454335e+01   0.0000000e+00   9.4481303e-01
   1.4937700e+00   4.0549117e+04   1.5777385e+01   0.0000000e+00   9.5009829e-01
   1.4940400e+00   3.8006655e+04   1.6066963e+01   0.0000000e+00   9.5772265e-01
   1.4943100e+00   3.7739268e+04   1.4945603e+01   0.0000000e+00   9.6385055e-01
   1.4945700e+00   3.8659550e+04   1.5546723e+01   0.0000000e+00   9.7350458e-01
   1.4948400e+00   3.9727337e+04   1.5619103e+01   0.0000000e+00   9.8134412e-01
   1.4951100e+00   3.8300324e+04   1.5108056e+01   0.0000000e+00   9.9145880e-01
   1.4953800e+00   3.6866628e+04   1.4206722e+01   0.0000000e+00   9.9895643e-01
   1.4956600e+00   3.8771108e+04   1.5225951e+01   0.0000000e+00   1.0047051e+00
   1.4959300e+00   3.8636509e+04   1.4857172e+01   0.0000000e+00   1.0115920e+00
   1.4962000e+00   3.8618618e+04   1.6302132e+01   0.0000000e+00   1.0152237e+00
   1.4964700e+00   3.9794227e+04   1.7083499e+01   0.0000000e+00   1.0208437e+00
   1.4967400e+00   4.0032878e+04   1.6481147e+01   0.0000000e+00   1.0269686e+00
   1.4970100e+00   3.9561094e+04   1.7677909e+01   0.0000000e+00   1.0356472e+00
   1.4972800e+00   3.9864477e+04   1.8723896e+01   0.0000000e+00   1.0423793e+00
   1.4975500e+00   4.0031345e+04   1.5291239e+01   0.0000000e+00   1.0458158e+00
   1.4978200e+00   3.9548904e+04   1.5141932e+01   0.0000000e+00   1.0476696e+00
   1.4980900e+00   4.0021072e+04   1.7476484e+01   0.0000000e+00   1.0471081e+00
   1.4983600e+00   4.0528548e+04   1.5238081e+01   0.0000000e+00   1.0551119e+00
   1.4986400e+00   4.0738801e+04   1.5415512e+01   0.0000000e+00   1.0615491e+00
   1.4989100e+00   4.0032487e+04   1.5073017e+01   0.0000000e+00   1.0688181e+00
   1.4991800e+00   4.0441731e+04   1.5561413e+01   0.0000000e+00   1.0679013e+00
   1.4994500e+00   4.1180121e+04   1.6043869e+01   0.0000000e+00   1.0712741e+00
   1.4997200e+00   3.9995114e+04   1.5424576e+01   0.0000000e+00   1.0676863e+00
   1.5000000e+00   3.9806589e+04   1.5124525e+01   0.0000000e+00   1.0773358e+00
   1.5002700e+00   4.1685635e+04   1.8232395e+01   0.0000000e+00   1.0769093e+00
   1.5005400e+00   4.0829073e+04   1.5419910e+01   0.0000000e+00   1.0844923e+00
   1.5008100e+00   4.0383950e+04   1.5486700e+01   0.0000000e+00   1.0812200e+00
   1.5010900e+00   4.1614094e+04   1.5973984e+01   0.0000000e+00   1.0843409e+00
   1.5013600e+00   4.1560388e+04   1.6291576e+01   0.0000000e+00   1.0844996e+00
   1.5016300e+00   4.0145489e+04   1.6305713e+01   0.0000000e+00   1.0850528e+00
   1.5019000e+00   3.9748269e+04   1.5402084e+01   0.0000000e+00   1.0864544e+00
   1.5021800e+00   4.1086176e+04   1.5972089e+01   0.0000000e+00   1.0877057e+00
   1.5024500e+00   4.1636606e+04   1.6347507e+01   0.0000000e+00   1.0958994e+00
   1.5027200e+00   4.1734075e+04   1.5750837e+01   0.0000000e+00   1.0947258e+00
   1.5030000e+00   4.2046027e+04   1.6026084e+01   0.0000000e+00   1.0907356e+00
   1.5032700e+00   4.1831203e+04   1.5914739e+01   0.0000000e+00   1.0904186e+00
   1.5035400e+00   4.0819932e+04   1.5586885e+01   0.0000000e+00   1.0870377e+00
   1.5038200e+00   4.1081743e+04   1.6080015e+01   0.0000000e+00   1.0887090e+00
   1.5040900e+00   4.3008163e+04   1.6658338e+01   0.0000000e+00   1.0928164e+00
   1.5043700e+00   4.2140721e+04   1.6122354e+01   0.0000000e+00   1.0897150e+00
   1.5046400e+00   4.3622831e+04   1.6381341e+01   0.0000000e+00   1.0913374e+00
   1.5049200e+00   5.2588386e+04   1.9768214e+01   0.0000000e+00   1.0870065e+00
   1.5051900e+00   7.9288221e+04   2.9800318e+01   0.0000000e+00   1.0859516e+00
   1.5054600e+00   1.0309386e+05   3.6517892e+01   0.0000000e+00   1.0823336e+00
   1.5057400e+00   1.0157817e+05   3.5220128e+01   0.0000000e+00   1.0912888e+00
   1.5060100e+00   8.1068524e+04   3.0454640e+01   0.0000000e+00   1.0879782e+00
   1.5062900e+00   5.3037458e+04   1.9880450e+01   0.0000000e+00   1.0865235e+00
   1.5065600e+00   5.6738562e+04   2.0547160e+01   0.0000000e+00   1.0823939e+00
   1.5068400e+00   6.3047285e+04   2.2578241e+01   0.0000000e+00   1.0787409e+00
   1.5071100e+00   6.1190784e+04   2.1973600e+01   0.0000000e+00   1.0755545e+00
   1.5073900e+00   5.2748097e+04   1.9643067e+01   0.0000000e+00   1.0791125e+00
   1.5076700e+00   4.5617539e+04   1.6947336e+01   0.0000000e+00   1.0799722e+00
   1.5079400e+00   4.3749761e+04   1.6508149e+01   0.0000000e+00   1.0792636e+00
   1.5082200e+00   4.3024126e+04   1.5989497e+01   0.0000000e+00   1.0751396e+00
   1.5084900e+00   4.5912030e+04   1.6782031e+01   0.0000000e+00   1.0721214e+00
   1.5087700e+00   4.7340152e+04   1.7406448e+01   0.0000000e+00   1.0679831e+00
   1.5090500e+00   4.6768190e+04   1.7211460e+01   0.0000000e+00   1.0654306e+00
   1.5093200e+00   4.5431544e+04   1.6887686e+01   0.0000000e+00   1.0653917e+00
   1.5096000e+00   4.3364006e+04   1.6282111e+01   0.0000000e+00   1.0676652e+00
   1.5098700e+00   4.2389554e+04   1.6007044e+01   0.0000000e+00   1.0653381e+00
   1.5101500e+00   4.2050597e+04   1.9367393e+01   0.0000000e+00   1.0615610e+00
   1.5104300e+00   4.2460172e+04   1.6005721e+01   0.0000000e+00   1.0585279e+00
   1.5107000e+00   4.3534317e+04   1.7548635e+01   0.0000000e+00   1.0545461e+00
   1.5109800e+00   4.2276296e+04   1.5774994e+01   0.0000000e+00   1.0561562e+00
   1.5112600e+00   4.3276934e+04   1.6224908e+01   0.0000000e+00   1.0599806e+00
   1.5115400e+00   4.2439306e+04   1.5698834e+01   0.0000000e+00   1.0548761e+00
   1.5118100e+00   4.2505876e+04   1.5755381e+01   0.0000000e+00   1.0510805e+00
   1.5120900e+00   4.1352853e+04   1.5651339e+01   0.0000000e+00   1.0464868e+00
   1.5123700e+00   4.1436979e+04   1.5802081e+01   0.0000000e+00   1.0414862e+00
   1.5126500e+00   4.1170265e+04   1.5576469e+01   0.0000000e+00   1.0419322e+00
   1.5129200e+00   4.0342957e+04   1.5141058e+01   0.0000000e+00   1.0477176e+00
   1.5132000e+00   4.1134919e+04   1.5439256e+01   0.0000000e+00   1.0461535e+00
   1.5134800e+00   4.1648762e+04   1.5682238e+01   0.0000000e+00   1.0432892e+00
   1.5137600e+00   4.1398787e+04   1.5350212e+01   0.0000000e+00   1.0386746e+00
   1.5140400e+00   4.2818478e+04   1.6276593e+01   0.0000000e+00   1.0345186e+00
   1.5143200e+00   4.2165833e+04   1.5794369e+01   0.0000000e+00   1.0361151e+00
   1.5145900e+00   4.2290038e+04   1.5738805e+01   0.0000000e+00   1.0385802e+00
   1.5148700e+00   4.1993438e+04   1.5779327e+01   0.0000000e+00   1.0386114e+00
   1.5151500e+00   4.2748774e+04   1.5906689e+01   0.0000000e+00   1.0405210e+00
   1.5154300e+00   4.2562447e+04   1.5831900e+01   0.0000000e+00   1.0379455e+00
   1.5157100e+00   4.1800351e+04   1.5516059e+01   0.0000000e+00   1.0319060e+00
   1.5159900e+00   4.3064154e+04   1.5949117e+01   0.0000000e+00   1.0305515e+00
   1.5162700e+00   4.3064134e+04   1.6090987e+01   0.0000000e+00   1.0297815e+00
   1.5165500e+00   4.2889143e+04   1.5665798e+01   0.0000000e+00   1.0331403e+00
   1.5168300e+00   4.3286085e+04   1.5849225e+01   0.0000000e+00   1.0357049e+00
   1.5171100e+00   4.3324099e+04   1.6118826e+01   0.0000000e+00   1.0346102e+00
   1.5173900e+00   4.3542406e+04   1.6173521e+01   0.0000000e+00   1.0309433e+00
   1.5176700e+00   4.3071027e+04   1.5995718e+01   0.0000000e+00   1.0274773e+00
   1.5179500e+00   4.3284941e+04   1.5946187e+01   0.0000000e+00   1.0269951e+00
   1.5182300e+00   4.6770917e+04   1.7337805e+01   0.0000000e+00   1.0283776e+00
   1.5185100e+00   5.2867948e+04   1.9109945e+01   0.0000000e+00   1.0314445e+00
   1.5187900e+00   5.5121705e+04   2.0115674e+01   0.0000000e+00   1.0347843e+00
   1.5190700e+00   5.3358835e+04   1.9726455e+01   0.0000000e+00   1.0296057e+00
   1.5193500e+00   4.6615601e+04   1.6941640e+01   0.0000000e+00   1.0260785e+00
   1.5196300e+00   4.4520618e+04   1.6414165e+01   0.0000000e+00   1.0274134e+00
   1.5199100e+00   4.3325239e+04   1.6181868e+01   0.0000000e+00   1.0299102e+00
   1.5201900e+00   4.3099528e+04   1.6060918e+01   0.0000000e+00   1.0322725e+00
   1.5204700e+00   4.4779724e+04   1.6402634e+01   0.0000000e+00   1.0328843e+00
   1.5207500e+00   4.4839079e+04   1.6747877e+01   0.0000000e+00   1.0294205e+00
   1.5210300e+00   4.4653621e+04   1.6510875e+01   0.0000000e+00   1.0290996e+00
   1.5213200e+00   4.3940768e+04   1.6222248e+01   0.0000000e+00   1.0278771e+00
   1.5216000e+00   4.3565235e+04   1.6504395e+01   0.0000000e+00   1.0299216e+00
   1.5218800e+00   4.4809777e+04   1.7014137e+01   0.0000000e+00   1.0312837e+00
   1.5221600e+00   4.4250571e+04   1.6650076e+01   0.0000000e+00   1.0341108e+00
   1.5224400e+00   4.5365510e+04   1.6956520e+01   0.0000000e+00   1.0384594e+00
   1.5227200e+00   4.5159823e+04   1.6795512e+01   0.0000000e+00   1.0343186e+00
   1.5230100e+00   4.5233931e+04   1.6782502e+01   0.0000000e+00   1.0304757e+00
   1.5232900e+00   4.6220234e+04   1.7290171e+01   0.0000000e+00   1.0309540e+00
   1.5235700e+00   5.5850524e+04   2.0926747e+01   0.0000000e+00   1.0371700e+00
   1.5238500e+00   8.1348558e+04   2.9053453e+01   0.0000000e+00   1.0391872e+00
   1.5241400e+00   8.6887343e+04   3.0487886e+01   0.0000000e+00   1.0417145e+00
   1.5244200e+00   7.9785321e+04   2.8615681e+01   0.0000000e+00   1.0433390e+00
   1.5247000e+00   5.5657623e+04   2.1106410e+01   0.0000000e+00   1.0412255e+00
   1.5249800e+00   4.5777805e+04   1.6920579e+01   0.0000000e+00   1.0380329e+00
   1.5252700e+00   4.6576415e+04   1.7231775e+01   0.0000000e+00   1.0388959e+00
   1.5255500e+00   4.5168954e+04   1.6649808e+01   0.0000000e+00   1.0418861e+00
   1.5258300e+00   4.4916696e+04   1.6766962e+01   0.0000000e+00   1.0455138e+00
   1.5261200e+00   4.5811155e+04   1.7067844e+01   0.0000000e+00   1.0483194e+00
   1.5264000e+00   4.4495638e+04   1.6364239e+01   0.0000000e+00   1.0465727e+00
   1.5266800e+00   4.4169055e+04   1.6629353e+01   0.0000000e+00   1.0464324e+00
   1.5269700e+00   4.4044704e+04   1.6571958e+01   0.0000000e+00   1.0461705e+00
   1.5272500e+00   4.4625630e+04   1.6741134e+01   0.0000000e+00   1.0506912e+00
   1.5275400e+00   4.4688409e+04   1.6342028e+01   0.0000000e+00   1.0532390e+00
   1.5278200e+00   4.5702053e+04   1.6646879e+01   0.0000000e+00   1.0557308e+00
   1.5281000e+00   4.7228047e+04   1.7803290e+01   0.0000000e+00   1.0553073e+00
   1.5283900e+00   5.4367797e+04   1.9684285e+01   0.0000000e+00   1.0550064e+00
   1.5286700e+00   6.0264905e+04   2.1696528e+01   0.0000000e+00   1.0551267e+00
   1.5289600e+00   6.1887434e+04   2.2175636e+01   0.0000000e+00   1.0590733e+00
   1.5292400e+00   5.4262785e+04   1.9942169e+01   0.0000000e+00   1.0628597e+00
   1.5295300e+00   4.5571429e+04   1.6965367e+01   0.0000000e+00   1.0637974e+00
   1.5298100e+00   4.5749946e+04   1.6579142e+01   0.0000000e+00   1.0660509e+00
   1.5301000e+00   4.5690031e+04   1.6904409e+01   0.0000000e+00   1.0660422e+00
   1.5303800e+00   4.4663297e+04   1.6620033e+01   0.0000000e+00   1.0662910e+00
   1.5306700e+00   4.5025274e+04   1.6803987e+01   0.0000000e+00   1.0642347e+00
   1.5309500e+00   4.5758592e+04   1.7054704e+01   0.0000000e+00   1.0696852e+00
   1.5312400e+00   4.6451591e+04   1.7337763e+01   0.0000000e+00   1.0736548e+00
   1.5315200e+00   4.4577690e+04   1.6770932e+01   0.0000000e+00   1.0786970e+00
   1.5318100e+00   4.5371459e+04   1.6673119e+01   0.0000000e+00   1.0791529e+00
   1.5320900e+00   4.5889656e+04   1.6819228e+01   0.0000000e+00   1.0756641e+00
   1.5323800e+00   4.4641123e+04   1.6762346e+01   0.0000000e+00   1.0776356e+00
   1.5326700e+00   5.4741047e+04   2.0493497e+01   0.0000000e+00   1.0831425e+00
   1.5329500e+00   8.3554498e+04   2.9625385e+01   0.0000000e+00   1.0851742e+00
   1.5332400e+00   9.0807579e+04   3.1591463e+01   0.0000000e+00   1.0872809e+00
   1.5335300e+00   8.4228698e+04   2.9731091e+01   0.0000000e+00   1.0887059e+00
   1.5338100e+00   5.8537467e+04   2.2617495e+01   0.0000000e+00   1.0845949e+00
   1.5341000e+00   4.5300219e+04   1.7241599e+01   0.0000000e+00   1.0861594e+00
   1.5343800e+00   4.5192924e+04   1.7350774e+01   0.0000000e+00   1.0905332e+00
   1.5346700e+00   4.5867146e+04   1.7282123e+01   0.0000000e+00   1.0929596e+00
   1.5349600e+00   4.6039329e+04   1.7312732e+01   0.0000000e+00   1.0979982e+00
   1.5352500e+00   4.5542325e+04   1.7059416e+01   0.0000000e+00   1.0989830e+00
   1.5355300e+00   4.4432371e+04   1.7051040e+01   0.0000000e+00   1.0958977e+00
   1.5358200e+00   4.4871348e+04   1.7295260e+01   0.0000000e+00   1.0948652e+00
   1.5361100e+00   4.3846326e+04   1.6380813e+01   0.0000000e+00   1.0978156e+00
   1.5363900e+00   4.3678237e+04   1.6617851e+01   0.0000000e+00   1.1010013e+00
   1.5366800e+00   4.5871301e+04   1.7398933e+01   0.0000000e+00   1.1026812e+00
   1.5369700e+00   4.4935199e+04   1.6914415e+01   0.0000000e+00   1.1031340e+00
   1.5372600e+00   4.4689550e+04   1.6966359e+01   0.0000000e+00   1.1011100e+00
   1.5375500e+00   4.5005891e+04   1.7469037e+01   0.0000000e+00   1.1036903e+00
   1.5378300e+00   4.6031692e+04   1.7594171e+01   0.0000000e+00   1.1038244e+00
   1.5381200e+00   4.4777441e+04   1.6812152e+01   0.0000000e+00   1.1056549e+00
   1.5384100e+00   4.5123331e+04   1.6922555e+01   0.0000000e+00   1.1076118e+00
   1.5387000e+00   4.7206366e+04   1.7704993e+01   0.0000000e+00   1.1087546e+00
   1.5389900e+00   4.8830685e+04   1.7823263e+01   0.0000000e+00   1.1093588e+00
   1.5392800e+00   5.6503426e+04   2.0354741e+01   0.0000000e+00   1.1078004e+00
   1.5395600e+00   5.7933466e+04   2.1414414e+01   0.0000000e+00   1.1055016e+00
   1.5398500e+00   5.5115958e+04   1.9948116e+01   0.0000000e+00   1.1106270e+00
   1.5401400e+00   4.7935733e+04   1.7703563e+01   0.0000000e+00   1.1146911e+00
   1.5404300e+00   4.6564180e+04   1.7384242e+01   0.0000000e+00   1.1172670e+00
   1.5407200e+00   4.6994112e+04   1.7215734e+01   0.0000000e+00   1.1170717e+00
   1.5410100e+00   4.6133547e+04   1.7119694e+01   0.0000000e+00   1.1139779e+00
   1.5413000e+00   4.5371459e+04   1.6546735e+01   0.0000000e+00   1.1128261e+00
   1.5415900e+00   4.6788271e+04   1.7124341e+01   0.0000000e+00   1.1151471e+00
   1.5418800e+00   4.6422488e+04   1.7101767e+01   0.0000000e+00   1.1190657e+00
   1.5421700e+00   4.5767543e+04   1.6999399e+01   0.0000000e+00   1.1232387e+00
   1.5424600e+00   4.7321705e+04   1.7507542e+01   0.0000000e+00   1.1213303e+00
   1.5427500e+00   5.8926697e+04   2.2312208e+01   0.0000000e+00   1.1175337e+00
   1.5430400e+00   7.3943445e+04   2.6356603e+01   0.0000000e+00   1.1159272e+00
   1.5433300e+00   7.5802847e+04   2.6875782e+01   0.0000000e+00   1.1164756e+00
   1.5436200e+00   6.7468929e+04   2.4522025e+01   0.0000000e+00   1.1221701e+00
   1.5439100e+00   4.9168550e+04   1.8087069e+01   0.0000000e+00   1.1224497e+00
   1.5442000e+00   4.4837937e+04   1.6527404e+01   0.0000000e+00   1.1232147e+00
   1.5444900e+00   4.5382156e+04   1.6585837e+01   0.0000000e+00   1.1230798e+00
   1.5447800e+00   4.5982314e+04   1.6823632e+01   0.0000000e+00   1.1221799e+00
   1.5450700e+00   4.3622307e+04   1.6358567e+01   0.0000000e+00   1.1237060e+00
   1.5453600e+00   4.4397025e+04   1.6220294e+01   0.0000000e+00   1.1271556e+00
   1.5456500e+00   4.4848685e+04   1.6651444e+01   0.0000000e+00   1.1312095e+00
   1.5459500e+00   4.4813596e+04   1.6503697e+01   0.0000000e+00   1.1313717e+00
   1.5462400e+00   4.4981947e+04   1.6898224e+01   0.0000000e+00   1.1298853e+00
   1.5465300e+00   4.6107322e+04   1.6987921e+01   0.0000000e+00   1.1298970e+00
   1.5468200e+00   4.4452509e+04   1.6322978e+01   0.0000000e+00   1.1291014e+00
   1.5471100e+00   4.4262653e+04   1.6421765e+01   0.0000000e+00   1.1279907e+00
   1.5474000e+00   4.6115206e+04   1.7216759e+01   0.0000000e+00   1.1315228e+00
   1.5477000e+00   4.5517092e+04   1.7065075e+01   0.0000000e+00   1.1352950e+00
   1.5479900e+00   4.4183979e+04   1.6507615e+01   0.0000000e+00   1.1342164e+00
   1.5482800e+00   4.4945004e+04   1.6973392e+01   0.0000000e+00   1.1357980e+00
   1.5485700e+00   4.6967750e+04   1.7609449e+01   0.0000000e+00   1.1326721e+00
   1.5488600e+00   4.5816149e+04   1.6953903e+01   0.0000000e+00   1.1303255e+00
   1.5491600e+00   4.5552046e+04   1.6894376e+01   0.0000000e+00   1.1353230e+00
   1.5494500e+00   4.6361926e+04   1.7487711e+01   0.0000000e+00   1.1416060e+00
   1.5497400e+00   4.7015800e+04   1.7380085e+01   0.0000000e+00   1.1440045e+00
   1.5500300e+00   4.7888311e+04   1.7655999e+01   0.0000000e+00   1.1408224e+00
   1.5503300e+00   4.9067163e+04   1.8400770e+01   0.0000000e+00   1.1359497e+00
   1.5506200e+00   5.0792094e+04   1.8562627e+01   0.0000000e+00   1.1381861e+00
   1.5509100e+00   5.1844079e+04   1.8901657e+01   0.0000000e+00   1.1404533e+00
   1.5512100e+00   5.3326556e+04   1.9325477e+01   0.0000000e+00   1.1425449e+00
   1.5515000e+00   5.0671823e+04   1.8532762e+01   0.0000000e+00   1.1414221e+00
   1.5517900e+00   4.9568963e+04   1.8316838e+01   0.0000000e+00   1.1403473e+00
   1.5520900e+00   4.9333964e+04   1.9246748e+01   0.0000000e+00   1.1360961e+00
   1.5523800e+00   4.7286354e+04   1.7394445e+01   0.0000000e+00   1.1376170e+00
   1.5526700e+00   4.7006999e+04   1.7257332e+01   0.0000000e+00   1.1401920e+00
   1.5529700e+00   4.7855080e+04   1.7394746e+01   0.0000000e+00   1.1423081e+00
   1.5532600e+00   4.9445919e+04   1.8158630e+01   0.0000000e+00   1.1396821e+00
   1.5535600e+00   5.3313109e+04   1.9512688e+01   0.0000000e+00   1.1411645e+00
   1.5538500e+00   6.1154783e+04   2.1898040e+01   0.0000000e+00   1.1387217e+00
   1.5541400e+00   6.7754025e+04   2.4021956e+01   0.0000000e+00   1.1368371e+00
   1.5544400e+00   6.6722713e+04   2.3552548e+01   0.0000000e+00   1.1399786e+00
   1.5547300e+00   5.8984910e+04   2.1267718e+01   0.0000000e+00   1.1439050e+00
   1.5550300e+00   5.5350241e+04   2.0158444e+01   0.0000000e+00   1.1438746e+00
   1.5553200e+00   4.9443637e+04   1.7833797e+01   0.0000000e+00   1.1419175e+00
   1.5556200e+00   4.8224670e+04   1.7593026e+01   0.0000000e+00   1.1396547e+00
   1.5559100e+00   4.8970243e+04   1.7787869e+01   0.0000000e+00   1.1395030e+00
   1.5562100e+00   4.9420808e+04   1.8198242e+01   0.0000000e+00   1.1399613e+00
   1.5565000e+00   5.1674005e+04   1.8687603e+01   0.0000000e+00   1.1465421e+00
   1.5568000e+00   5.2987276e+04   1.9307318e+01   0.0000000e+00   1.1488944e+00
   1.5570900e+00   5.4012810e+04   1.9358910e+01   0.0000000e+00   1.1481237e+00
   1.5573900e+00   5.2942142e+04   1.9076315e+01   0.0000000e+00   1.1429792e+00
   1.5576800e+00   4.9290755e+04   1.7821633e+01   0.0000000e+00   1.1386091e+00
   1.5579800e+00   4.9685621e+04   1.7994826e+01   0.0000000e+00   1.1427447e+00
   1.5582800e+00   4.9866555e+04   1.8186924e+01   0.0000000e+00   1.1456893e+00
   1.5585700e+00   4.9528290e+04   1.7959138e+01   0.0000000e+00   1.1492173e+00
   1.5588700e+00   4.9384375e+04   1.8140400e+01   0.0000000e+00   1.1504203e+00
   1.5591600e+00   5.1257596e+04   1.8717428e+01   0.0000000e+00   1.1464816e+00
   1.5594600e+00   6.3784654e+04   2.2731378e+01   0.0000000e+00   1.1422059e+00
   1.5597600e+00   6.8000844e+04   2.4132408e+01   0.0000000e+00   1.1404134e+00
   1.5600500e+00   6.4635025e+04   2.4312912e+01   0.0000000e+00   1.1429861e+00
   1.5603500e+00   5.3899807e+04   1.9845106e+01   0.0000000e+00   1.1474508e+00
   1.5606500e+00   4.8429905e+04   1.7708609e+01   0.0000000e+00   1.1507327e+00
   1.5609400e+00   4.9621426e+04   1.8250130e+01   0.0000000e+00   1.1455391e+00
   1.5612400e+00   4.8548486e+04   1.7674549e+01   0.0000000e+00   1.1409418e+00
   1.5615400e+00   4.9000759e+04   1.7853188e+01   0.0000000e+00   1.1349630e+00
   1.5618300e+00   5.0088549e+04   1.8162578e+01   0.0000000e+00   1.1378642e+00
   1.5621300e+00   5.0538275e+04   1.8491505e+01   0.0000000e+00   1.1471696e+00
   1.5624300e+00   4.9476607e+04   1.8176616e+01   0.0000000e+00   1.1527890e+00
   1.5627200e+00   5.4581246e+04   1.9955102e+01   0.0000000e+00   1.1496143e+00
   1.5630200e+00   5.9796208e+04   2.1398411e+01   0.0000000e+00   1.1455039e+00
   1.5633200e+00   5.9517998e+04   2.0960459e+01   0.0000000e+00   1.1437927e+00
   1.5636200e+00   5.3618946e+04   1.9134189e+01   0.0000000e+00   1.1416846e+00
   1.5639200e+00   4.9006086e+04   1.7825868e+01   0.0000000e+00   1.1470480e+00
   1.5642100e+00   4.9666087e+04   1.8155671e+01   0.0000000e+00   1.1539549e+00
   1.5645100e+00   4.7737188e+04   1.7345863e+01   0.0000000e+00   1.1555681e+00
   1.5648100e+00   4.9741552e+04   1.8298330e+01   0.0000000e+00   1.1482063e+00
   1.5651100e+00   6.6367498e+04   2.4465186e+01   0.0000000e+00   1.1441563e+00
   1.5654100e+00   7.6467889e+04   2.6936581e+01   0.0000000e+00   1.1411899e+00
   1.5657000e+00   7.6932869e+04   2.7264337e+01   0.0000000e+00   1.1461274e+00
   1.5660000e+00   6.3512443e+04   2.3224952e+01   0.0000000e+00   1.1517929e+00
   1.5663000e+00   4.9669641e+04   1.8164331e+01   0.0000000e+00   1.1536041e+00
   1.5666000e+00   4.8323906e+04   1.7702832e+01   0.0000000e+00   1.1516155e+00
   1.5669000e+00   4.8674369e+04   1.7961318e+01   0.0000000e+00   1.1417915e+00
   1.5672000e+00   4.8547608e+04   1.8138583e+01   0.0000000e+00   1.1370864e+00
   1.5675000e+00   4.7915970e+04   1.7500396e+01   0.0000000e+00   1.1380717e+00
   1.5678000e+00   4.9317873e+04   1.7911305e+01   0.0000000e+00   1.1488809e+00
   1.5681000e+00   4.9392232e+04   1.8050516e+01   0.0000000e+00   1.1550869e+00
   1.5684000e+00   4.8803773e+04   1.7812397e+01   0.0000000e+00   1.1511173e+00
   1.5687000e+00   4.8950536e+04   1.8238441e+01   0.0000000e+00   1.1441956e+00
   1.5689900e+00   4.9935596e+04   1.8526701e+01   0.0000000e+00   1.1372897e+00
   1.5692900e+00   4.9524495e+04   1.8103132e+01   0.0000000e+00   1.1403315e+00
   1.5695900e+00   4.9826648e+04   1.8480118e+01   0.0000000e+00   1.1484078e+00
   1.5698900e+00   5.5707900e+04   2.1120870e+01   0.0000000e+00   1.1544745e+00
   1.5701900e+00   5.8106004e+04   2.1420468e+01   0.0000000e+00   1.1586479e+00
   1.5704900e+00   5.6755630e+04   2.0822876e+01   0.0000000e+00   1.1516906e+00
   1.5707900e+00   5.2980435e+04   1.9320107e+01   0.0000000e+00   1.1416390e+00
   1.5711000e+00   5.2264391e+04   1.9496711e+01   0.0000000e+00   1.1362151e+00
   1.5714000e+00   5.2051326e+04   1.9011018e+01   0.0000000e+00   1.1461959e+00
   1.5717000e+00   5.1097552e+04   1.8556894e+01   0.0000000e+00   1.1583079e+00
   1.5720000e+00   5.3377783e+04   1.9830948e+01   0.0000000e+00   1.1590404e+00
   1.5723000e+00   5.2401100e+04   1.9138300e+01   0.0000000e+00   1.1528991e+00
   1.5726000e+00   4.9807755e+04   1.8478797e+01   0.0000000e+00   1.1484890e+00
   1.5729000e+00   5.2487830e+04   1.9086935e+01   0.0000000e+00   1.1427688e+00
   1.5732000e+00   5.1491375e+04   1.8651927e+01   0.0000000e+00   1.1441810e+00
   1.5735000e+00   5.1418364e+04   1.8699828e+01   0.0000000e+00   1.1531917e+00
   1.5738000e+00   5.1950166e+04   1.8925144e+01   0.0000000e+00   1.1600872e+00
   1.5741000e+00   5.3262886e+04   1.9392353e+01   0.0000000e+00   1.1553827e+00
   1.5744100e+00   5.1892686e+04   1.8950552e+01   0.0000000e+00   1.1452212e+00
   1.5747100e+00   5.1126473e+04   1.8491855e+01   0.0000000e+00   1.1395537e+00
   1.5750100e+00   5.3186811e+04   1.9271640e+01   0.0000000e+00   1.1398055e+00
   1.5753100e+00   5.2176237e+04   1.8714764e+01   0.0000000e+00   1.1496158e+00
   1.5756100e+00   5.1188603e+04   1.8335225e+01   0.0000000e+00   1.1604555e+00
   1.5759200e+00   5.1969079e+04   1.9015509e+01   0.0000000e+00   1.1628705e+00
   1.5762200e+00   5.3722885e+04   1.9702263e+01   0.0000000e+00   1.1555413e+00
   1.5765200e+00   5.1199446e+04   1.8482930e+01   0.0000000e+00   1.1484014e+00
   1.5768200e+00   5.1387504e+04   1.8563163e+01   0.0000000e+00   1.1450856e+00
   1.5771200e+00   5.3140063e+04   1.9507385e+01   0.0000000e+00   1.1514472e+00
   1.5774300e+00   5.2033558e+04   1.8894995e+01   0.0000000e+00   1.1607288e+00
   1.5777300e+00   5.1869191e+04   1.8732785e+01   0.0000000e+00   1.1626499e+00
   1.5780300e+00   5.3639560e+04   1.9458925e+01   0.0000000e+00   1.1601524e+00
   1.5783400e+00   5.4362090e+04   1.9704280e+01   0.0000000e+00   1.1475370e+00
   1.5786400e+00   5.2693308e+04   1.9082193e+01   0.0000000e+00   1.1431776e+00
   1.5789400e+00   5.1639562e+04   1.8535225e+01   0.0000000e+00   1.1470060e+00
   1.5792400e+00   5.3251951e+04   1.9238094e+01   0.0000000e+00   1.1590643e+00
   1.5795500e+00   5.2353326e+04   1.8979086e+01   0.0000000e+00   1.1629746e+00
   1.5798500e+00   5.2181592e+04   1.8979110e+01   0.0000000e+00   1.1610374e+00
   1.5801500e+00   5.4144075e+04   1.9685857e+01   0.0000000e+00   1.1536917e+00
   1.5804600e+00   5.4334399e+04   1.9652348e+01   0.0000000e+00   1.1456191e+00
   1.5807600e+00   5.3430266e+04   1.9585384e+01   0.0000000e+00   1.1460085e+00
   1.5810700e+00   5.4594868e+04   1.9905132e+01   0.0000000e+00   1.1537102e+00
   1.5813700e+00   5.2699946e+04   1.9244089e+01   0.0000000e+00   1.1628979e+00
   1.5816700e+00   5.3010034e+04   1.9199852e+01   0.0000000e+00   1.1630527e+00
   1.5819800e+00   5.3497958e+04   1.9603911e+01   0.0000000e+00   1.1559264e+00
   1.5822800e+00   5.4962099e+04   2.0134405e+01   0.0000000e+00   1.1469490e+00
   1.5825900e+00   5.9931243e+04   2.1835505e+01   0.0000000e+00   1.1448816e+00
   1.5828900e+00   9.3538667e+04   3.5789148e+01   0.0000000e+00   1.1499641e+00
   1.5831900e+00   1.2749921e+05   4.4468760e+01   0.0000000e+00   1.1596789e+00
   1.5835000e+00   1.2395775e+05   4.3756086e+01   0.0000000e+00   1.1625574e+00
   1.5838000e+00   8.8188558e+04   3.3855516e+01   0.0000000e+00   1.1526178e+00
   1.5841100e+00   6.0828417e+04   2.1923839e+01   0.0000000e+00   1.1451691e+00
   1.5844100e+00   7.0648116e+04   2.5665838e+01   0.0000000e+00   1.1382539e+00
   1.5847200e+00   7.8137551e+04   2.7445398e+01   0.0000000e+00   1.1423009e+00
   1.5850200e+00   7.4400990e+04   2.6569145e+01   0.0000000e+00   1.1485504e+00
   1.5853300e+00   6.3264718e+04   2.3471645e+01   0.0000000e+00   1.1556064e+00
   1.5856300e+00   5.5058366e+04   2.0760405e+01   0.0000000e+00   1.1517725e+00
   1.5859400e+00   5.4394961e+04   1.9984180e+01   0.0000000e+00   1.1500623e+00
   1.5862500e+00   5.5638216e+04   2.0504872e+01   0.0000000e+00   1.1425201e+00
   1.5865500e+00   6.0557811e+04   2.1727287e+01   0.0000000e+00   1.1413495e+00
   1.5868600e+00   6.0076602e+04   2.1346479e+01   0.0000000e+00   1.1490988e+00
   1.5871600e+00   6.2351582e+04   2.2034359e+01   0.0000000e+00   1.1584154e+00
   1.5874700e+00   5.8660901e+04   2.1254015e+01   0.0000000e+00   1.1563739e+00
   1.5877700e+00   5.4276123e+04   1.9816672e+01   0.0000000e+00   1.1495950e+00
   1.5880800e+00   5.4905089e+04   1.9881482e+01   0.0000000e+00   1.1415546e+00
   1.5883900e+00   5.5196480e+04   1.9668768e+01   0.0000000e+00   1.1398417e+00
   1.5886900e+00   5.5377058e+04   2.0090637e+01   0.0000000e+00   1.1427537e+00
   1.5890000e+00   5.5230011e+04   1.9851583e+01   0.0000000e+00   1.1500526e+00
   1.5893100e+00   5.6383223e+04   2.0097329e+01   0.0000000e+00   1.1524638e+00
   1.5896100e+00   5.8537174e+04   2.0921130e+01   0.0000000e+00   1.1472615e+00
   1.5899200e+00   5.7436425e+04   2.0896833e+01   0.0000000e+00   1.1388755e+00
   1.5902300e+00   5.5661045e+04   2.0068294e+01   0.0000000e+00   1.1348040e+00
   1.5905300e+00   5.6786851e+04   2.0620911e+01   0.0000000e+00   1.1391834e+00
   1.5908400e+00   5.4499179e+04   1.9548338e+01   0.0000000e+00   1.1481638e+00
   1.5911500e+00   5.5689617e+04   2.0414770e+01   0.0000000e+00   1.1500078e+00
   1.5914500e+00   5.6319233e+04   2.0370918e+01   0.0000000e+00   1.1452451e+00
   1.5917600e+00   5.5198763e+04   1.9922226e+01   0.0000000e+00   1.1358812e+00
   1.5920700e+00   5.5118862e+04   2.0156331e+01   0.0000000e+00   1.1290084e+00
   1.5923800e+00   5.4768794e+04   2.0108364e+01   0.0000000e+00   1.1324747e+00
   1.5926800e+00   5.5680476e+04   1.9958870e+01   0.0000000e+00   1.1400362e+00
   1.5929900e+00   5.6507992e+04   2.0335370e+01   0.0000000e+00   1.1465513e+00
   1.5933000e+00   5.6011096e+04   2.0189807e+01   0.0000000e+00   1.1457925e+00
   1.5936100e+00   5.7177503e+04   2.0422352e+01   0.0000000e+00   1.1395204e+00
   1.5939200e+00   5.5976875e+04   2.0098233e+01   0.0000000e+00   1.1298303e+00
   1.5942200e+00   5.5172600e+04   1.9668529e+01   0.0000000e+00   1.1276794e+00
   1.5945300e+00   5.7603103e+04   2.0974720e+01   0.0000000e+00   1.1328637e+00
   1.5948400e+00   5.6055549e+04   2.0452701e+01   0.0000000e+00   1.1374724e+00
   1.5951500e+00   5.5014294e+04   1.9969742e+01   0.0000000e+00   1.1439989e+00
   1.5954600e+00   5.6396936e+04   2.0332769e+01   0.0000000e+00   1.1382172e+00
   1.5957700e+00   5.6316654e+04   2.0347553e+01   0.0000000e+00   1.1300356e+00
   1.5960700e+00   5.6098696e+04   1.9814028e+01   0.0000000e+00   1.1276929e+00
   1.5963800e+00   5.7457992e+04   2.0814469e+01   0.0000000e+00   1.1309114e+00
   1.5966900e+00   6.0727885e+04   2.1886716e+01   0.0000000e+00   1.1372657e+00
   1.5970000e+00   7.0471439e+04   2.4800906e+01   0.0000000e+00   1.1441830e+00
   1.5973100e+00   7.2074913e+04   2.5419074e+01   0.0000000e+00   1.1334443e+00
   1.5976200e+00   6.7781344e+04   2.4073798e+01   0.0000000e+00   1.1288884e+00
   1.5979300e+00   5.9541134e+04   2.1288475e+01   0.0000000e+00   1.1254203e+00
   1.5982400e+00   5.7430273e+04   2.0612182e+01   0.0000000e+00   1.1279034e+00
   1.5985500e+00   5.8148663e+04   2.0844820e+01   0.0000000e+00   1.1351244e+00
   1.5988600e+00   5.7240214e+04   2.0340771e+01   0.0000000e+00   1.1406481e+00
   1.5991700e+00   5.6738527e+04   2.0443645e+01   0.0000000e+00   1.1384250e+00
   1.5994800e+00   5.8199121e+04   2.0943763e+01   0.0000000e+00   1.1322184e+00
   1.5997900e+00   5.7025857e+04   2.0341151e+01   0.0000000e+00   1.1289613e+00
   1.6001000e+00   5.7569528e+04   2.0637318e+01   0.0000000e+00   1.1261897e+00
   1.6004100e+00   5.7867806e+04   2.0734333e+01   0.0000000e+00   1.1287397e+00
   1.6007200e+00   5.9659784e+04   2.1499303e+01   0.0000000e+00   1.1372668e+00
   1.6010300e+00   5.9072801e+04   2.0782225e+01   0.0000000e+00   1.1364383e+00
   1.6013400e+00   5.9071660e+04   2.0707845e+01   0.0000000e+00   1.1327500e+00
   1.6016500e+00   5.9911937e+04   2.1368356e+01   0.0000000e+00   1.1251517e+00
   1.6019600e+00   5.9287914e+04   2.0951514e+01   0.0000000e+00   1.1230992e+00
   1.6022700e+00   5.9652429e+04   2.1067306e+01   0.0000000e+00   1.1253636e+00
   1.6025800e+00   7.7888084e+04   2.9041938e+01   0.0000000e+00   1.1285951e+00
   1.6028900e+00   1.0646642e+05   3.7538435e+01   0.0000000e+00   1.1320952e+00
   1.6032000e+00   1.0953759e+05   3.8042914e+01   0.0000000e+00   1.1312679e+00
   1.6035100e+00   9.0904061e+04   3.2799892e+01   0.0000000e+00   1.1279616e+00
   1.6038200e+00   6.4410545e+04   2.2881863e+01   0.0000000e+00   1.1235300e+00
   1.6041400e+00   6.0070185e+04   2.1350326e+01   0.0000000e+00   1.1254190e+00
   1.6044500e+00   6.0952798e+04   2.1651596e+01   0.0000000e+00   1.1308435e+00
   1.6047600e+00   6.0714397e+04   2.1698400e+01   0.0000000e+00   1.1291525e+00
   1.6050700e+00   6.0270169e+04   2.1304302e+01   0.0000000e+00   1.1307821e+00
   1.6053800e+00   6.0731118e+04   2.1576372e+01   0.0000000e+00   1.1227603e+00
   1.6056900e+00   6.0446451e+04   2.1459808e+01   0.0000000e+00   1.1239048e+00
   1.6060000e+00   6.0952699e+04   2.1777895e+01   0.0000000e+00   1.1256436e+00
   1.6063200e+00   5.9778295e+04   2.1317173e+01   0.0000000e+00   1.1299347e+00
   1.6066300e+00   5.9957524e+04   2.1259225e+01   0.0000000e+00   1.1301596e+00
   1.6069400e+00   6.1328974e+04   2.1515626e+01   0.0000000e+00   1.1294285e+00
   1.6072500e+00   6.1705823e+04   2.1711621e+01   0.0000000e+00   1.1289324e+00
   1.6075700e+00   7.0890679e+04   2.5140965e+01   0.0000000e+00   1.1282624e+00
   1.6078800e+00   7.9645888e+04   2.8021871e+01   0.0000000e+00   1.1268560e+00
   1.6081900e+00   7.7559518e+04   2.7353779e+01   0.0000000e+00   1.1290825e+00
   1.6085000e+00   6.7255765e+04   2.4038932e+01   0.0000000e+00   1.1294315e+00
   1.6088200e+00   6.1882939e+04   2.2008497e+01   0.0000000e+00   1.1298779e+00
   1.6091300e+00   6.0523568e+04   2.1609384e+01   0.0000000e+00   1.1274344e+00
   1.6094400e+00   5.9843256e+04   2.1110309e+01   0.0000000e+00   1.1276876e+00
   1.6097500e+00   6.0338655e+04   2.1909707e+01   0.0000000e+00   1.1219827e+00
   1.6100700e+00   6.2523366e+04   2.2610968e+01   0.0000000e+00   1.1242552e+00
   1.6103800e+00   5.9657217e+04   2.1444973e+01   0.0000000e+00   1.1270026e+00
   1.6106900e+00   6.0352352e+04   2.1477834e+01   0.0000000e+00   1.1281508e+00
   1.6110100e+00   6.2933142e+04   2.2626733e+01   0.0000000e+00   1.1285823e+00
   1.6113200e+00   6.1234327e+04   2.1670667e+01   0.0000000e+00   1.1258398e+00
   1.6116300e+00   6.0918493e+04   2.1657269e+01   0.0000000e+00   1.1258701e+00
   1.6119500e+00   6.3765249e+04   2.2857346e+01   0.0000000e+00   1.1268601e+00
   1.6122600e+00   7.2063498e+04   2.6024638e+01   0.0000000e+00   1.1281041e+00
   1.6125800e+00   1.0531570e+05   3.7262848e+01   0.0000000e+00   1.1285616e+00
   1.6128900e+00   1.1758855e+05   4.0821457e+01   0.0000000e+00   1.1266679e+00
   1.6132000e+00   1.0618676e+05   3.7766762e+01   0.0000000e+00   1.1248312e+00
   1.6135200e+00   7.2181066e+04   2.6133197e+01   0.0000000e+00   1.1239732e+00
   1.6138300e+00   6.3328778e+04   2.2221817e+01   0.0000000e+00   1.1266420e+00
   1.6141500e+00   6.4253998e+04   2.2845702e+01   0.0000000e+00   1.1295779e+00
   1.6144600e+00   6.2260023e+04   2.2037308e+01   0.0000000e+00   1.1269623e+00
   1.6147700e+00   6.1273946e+04   2.1579724e+01   0.0000000e+00   1.1223161e+00
   1.6150900e+00   6.2470276e+04   2.2279903e+01   0.0000000e+00   1.1216360e+00
   1.6154000e+00   6.2594828e+04   2.2547318e+01   0.0000000e+00   1.1221835e+00
   1.6157200e+00   6.2617387e+04   2.2693259e+01   0.0000000e+00   1.1221510e+00
   1.6160300e+00   6.3608219e+04   2.2650208e+01   0.0000000e+00   1.1250263e+00
   1.6163500e+00   6.3548965e+04   2.2579468e+01   0.0000000e+00   1.1236019e+00
   1.6166600e+00   6.1981157e+04   2.2187501e+01   0.0000000e+00   1.1202807e+00
   1.6169800e+00   6.0990416e+04   2.1769081e+01   0.0000000e+00   1.1184403e+00
   1.6172900e+00   6.3803783e+04   2.2611542e+01   0.0000000e+00   1.1150725e+00
   1.6176100e+00   6.2875072e+04   2.2564534e+01   0.0000000e+00   1.1165151e+00
   1.6179300e+00   6.1397909e+04   2.1846569e+01   0.0000000e+00   1.1213035e+00
   1.6182400e+00   6.2819203e+04   2.2563351e+01   0.0000000e+00   1.1200788e+00
   1.6185600e+00   6.3269866e+04   2.2318931e+01   0.0000000e+00   1.1168435e+00
   1.6188700e+00   6.4969616e+04   2.3139167e+01   0.0000000e+00   1.1108413e+00
   1.6191900e+00   7.5719522e+04   2.6707995e+01   0.0000000e+00   1.1080011e+00
   1.6195000e+00   7.9901949e+04   2.7622790e+01   0.0000000e+00   1.1120264e+00
   1.6198200e+00   7.4274153e+04   2.6306573e+01   0.0000000e+00   1.1140647e+00
   1.6201400e+00   6.5098458e+04   2.3707152e+01   0.0000000e+00   1.1149559e+00
   1.6204500e+00   6.4094023e+04   2.2666592e+01   0.0000000e+00   1.1088008e+00
   1.6207700e+00   6.5132719e+04   2.3319599e+01   0.0000000e+00   1.1065139e+00
   1.6210800e+00   6.3631454e+04   2.2702405e+01   0.0000000e+00   1.1032711e+00
   1.6214000e+00   6.4828766e+04   2.2852751e+01   0.0000000e+00   1.1020148e+00
   1.6217200e+00   6.6881373e+04   2.4066026e+01   0.0000000e+00   1.1045748e+00
   1.6220300e+00   6.5063015e+04   2.3118510e+01   0.0000000e+00   1.1059782e+00
   1.6223500e+00   6.6457900e+04   2.3787791e+01   0.0000000e+00   1.1026451e+00
   1.6226700e+00   8.1398102e+04   2.9519163e+01   0.0000000e+00   1.0839282e+00
   1.6229800e+00   6.9373201e+04   2.8068565e+01   0.0000000e+00   1.0948060e+00
   1.6233000e+00   9.0392697e+04   3.3202506e+01   0.0000000e+00   1.1027730e+00
   1.6236200e+00   9.3656995e+04   3.4541127e+01   0.0000000e+00   1.1140093e+00
   1.6239400e+00   7.8492925e+04   3.0602188e+01   0.0000000e+00   1.1199659e+00
   1.6242500e+00   5.7390323e+04   2.3313254e+01   0.0000000e+00   1.1192113e+00
   1.6245700e+00   5.0749815e+04   2.1680110e+01   0.0000000e+00   1.1119759e+00
   1.6248900e+00   4.9203604e+04   2.1347620e+01   0.0000000e+00   1.1012313e+00
   1.6252100e+00   4.7039300e+04   2.0317214e+01   0.0000000e+00   1.1005788e+00
   1.6255200e+00   4.3995318e+04   2.0277374e+01   0.0000000e+00   1.1043586e+00
   1.6258400e+00   4.3106489e+04   1.9859976e+01   0.0000000e+00   1.1099999e+00
   1.6261600e+00   4.1199910e+04   1.9223371e+01   0.0000000e+00   1.1077277e+00
   1.6264800e+00   4.0606251e+04   1.8651423e+01   0.0000000e+00   1.1023239e+00
   1.6268000e+00   4.1315855e+04   1.7935914e+01   0.0000000e+00   1.1013949e+00
   1.6271100e+00   4.0407473e+04   1.6927178e+01   0.0000000e+00   1.1176752e+00
   1.6274300e+00   3.9355614e+04   1.6415116e+01   0.0000000e+00   1.1241042e+00
   1.6277500e+00   3.9331644e+04   1.5410688e+01   0.0000000e+00   1.1333435e+00
   1.6280700e+00   4.1252360e+04   1.5621653e+01   0.0000000e+00   1.1481567e+00
   1.6283900e+00   4.0499982e+04   1.5284904e+01   0.0000000e+00   1.1494887e+00
   1.6287100e+00   4.0605867e+04   1.5077200e+01   0.0000000e+00   1.1434521e+00
   1.6290200e+00   4.0582659e+04   1.5171254e+01   0.0000000e+00   1.1390710e+00
   1.6293400e+00   4.0712783e+04   1.5353555e+01   0.0000000e+00   1.1425293e+00
   1.6296600e+00   4.1031327e+04   1.5526017e+01   0.0000000e+00   1.1506370e+00
   1.6299800e+00   4.2479728e+04   1.5829211e+01   0.0000000e+00   1.1569878e+00
   1.6303000e+00   4.3080151e+04   1.5879782e+01   0.0000000e+00   1.1488797e+00
   1.6306200e+00   4.2798468e+04   1.5896028e+01   0.0000000e+00   1.1425538e+00
   1.6309400e+00   4.3247915e+04   1.5975698e+01   0.0000000e+00   1.1368672e+00
   1.6312600e+00   4.5392934e+04   1.6890990e+01   0.0000000e+00   1.1322604e+00
   1.6315800e+00   5.0497084e+04   1.8320488e+01   0.0000000e+00   1.1410116e+00
   1.6319000e+00   4.9956142e+04   1.8277761e+01   0.0000000e+00   1.1466714e+00
   1.6322200e+00   4.5018284e+04   1.6627415e+01   0.0000000e+00   1.1505432e+00
   1.6325400e+00   4.1839021e+04   1.6027237e+01   0.0000000e+00   1.1398576e+00
   1.6328600e+00   4.1246659e+04   1.5546461e+01   0.0000000e+00   1.1295698e+00
   1.6331800e+00   4.1523727e+04   1.5506149e+01   0.0000000e+00   1.1296397e+00
   1.6335000e+00   4.0992435e+04   1.5250992e+01   0.0000000e+00   1.1365597e+00
   1.6338200e+00   4.3379533e+04   1.6087101e+01   0.0000000e+00   1.1437466e+00
   1.6341400e+00   4.5107264e+04   1.6652366e+01   0.0000000e+00   1.1446260e+00
   1.6344600e+00   4.5712884e+04   1.6993683e+01   0.0000000e+00   1.1383095e+00
   1.6347800e+00   5.2615023e+04   1.9420760e+01   0.0000000e+00   1.1290134e+00
   1.6351000e+00   5.8446476e+04   2.1308523e+01   0.0000000e+00   1.1234702e+00
   1.6354200e+00   5.5960102e+04   2.0239518e+01   0.0000000e+00   1.1268101e+00
   1.6357400e+00   4.6596175e+04   1.6939432e+01   0.0000000e+00   1.1345493e+00
   1.6360600e+00   4.2339695e+04   1.6031171e+01   0.0000000e+00   1.1389503e+00
   1.6363800e+00   4.1358398e+04   1.5504563e+01   0.0000000e+00   1.1367124e+00
   1.6367000e+00   4.1455315e+04   1.5578056e+01   0.0000000e+00   1.1254270e+00
   1.6370200e+00   4.0514173e+04   1.5122760e+01   0.0000000e+00   1.1169140e+00
   1.6373400e+00   3.9692569e+04   1.4995543e+01   0.0000000e+00   1.1186707e+00
   1.6376600e+00   3.8420108e+04   1.4843506e+01   0.0000000e+00   1.1263600e+00
   1.6379800e+00   3.9225088e+04   1.5070310e+01   0.0000000e+00   1.1352123e+00
   1.6383100e+00   4.1999164e+04   1.5708312e+01   0.0000000e+00   1.1341971e+00
   1.6386300e+00   4.6465344e+04   1.7160896e+01   0.0000000e+00   1.1256560e+00
   1.6389500e+00   4.7100266e+04   1.7206901e+01   0.0000000e+00   1.1151522e+00
   1.6392700e+00   4.4078910e+04   1.6531142e+01   0.0000000e+00   1.1122151e+00
   1.6395900e+00   3.9755117e+04   1.4981512e+01   0.0000000e+00   1.1185562e+00
   1.6399100e+00   3.9242191e+04   1.4924129e+01   0.0000000e+00   1.1273295e+00
   1.6402400e+00   3.8571447e+04   1.4748631e+01   0.0000000e+00   1.1312812e+00
   1.6405600e+00   3.8236536e+04   1.4435707e+01   0.0000000e+00   1.1226997e+00
   1.6408800e+00   3.9618976e+04   1.4798932e+01   0.0000000e+00   1.1139046e+00
   1.6412000e+00   4.3105400e+04   1.6151384e+01   0.0000000e+00   1.1055174e+00
   1.6415200e+00   4.2728561e+04   1.5877512e+01   0.0000000e+00   1.1075929e+00
   1.6418500e+00   4.2187520e+04   1.5696295e+01   0.0000000e+00   1.1212188e+00
   1.6421700e+00   4.0227672e+04   1.5178667e+01   0.0000000e+00   1.1287438e+00
   1.6424900e+00   4.0077956e+04   1.5058997e+01   0.0000000e+00   1.1230700e+00
   1.6428100e+00   3.9804308e+04   1.4965534e+01   0.0000000e+00   1.1133146e+00
   1.6431400e+00   3.9616377e+04   1.4830408e+01   0.0000000e+00   1.1035713e+00
   1.6434600e+00   4.0671999e+04   1.5440221e+01   0.0000000e+00   1.1050184e+00
   1.6437800e+00   4.9488153e+04   1.8462347e+01   0.0000000e+00   1.1132173e+00
   1.6441000e+00   5.8875258e+04   2.1262246e+01   0.0000000e+00   1.1215970e+00
   1.6444300e+00   6.0435280e+04   2.1729117e+01   0.0000000e+00   1.1242320e+00
   1.6447500e+00   5.0800237e+04   1.8811069e+01   0.0000000e+00   1.1134421e+00
   1.6450700e+00   4.4134780e+04   1.6314708e+01   0.0000000e+00   1.1016227e+00
   1.6454000e+00   4.2268562e+04   1.5664195e+01   0.0000000e+00   1.0976937e+00
   1.6457200e+00   4.1774961e+04   1.5551002e+01   0.0000000e+00   1.1050858e+00
   1.6460400e+00   4.0777653e+04   1.5284694e+01   0.0000000e+00   1.1146841e+00
   1.6463700e+00   4.1250079e+04   1.5537896e+01   0.0000000e+00   1.1173846e+00
   1.6466900e+00   4.0833776e+04   1.5343530e+01   0.0000000e+00   1.1125856e+00
   1.6470100e+00   4.2215143e+04   1.5871458e+01   0.0000000e+00   1.1001457e+00
   1.6473400e+00   4.7068102e+04   1.7598061e+01   0.0000000e+00   1.0927297e+00
   1.6476600e+00   5.3887252e+04   1.9808588e+01   0.0000000e+00   1.0976094e+00
   1.6479900e+00   5.3159725e+04   1.9533386e+01   0.0000000e+00   1.1070824e+00
   1.6483100e+00   4.6355885e+04   1.7052786e+01   0.0000000e+00   1.1146063e+00
   1.6486300e+00   4.1306331e+04   1.5556388e+01   0.0000000e+00   1.1139728e+00
   1.6489600e+00   4.1382342e+04   1.5613215e+01   0.0000000e+00   1.1022628e+00
   1.6492800e+00   4.1319631e+04   1.5379059e+01   0.0000000e+00   1.0919904e+00
   1.6496100e+00   4.4358534e+04   1.6512633e+01   0.0000000e+00   1.0897665e+00
   1.6499300e+00   5.8186839e+04   2.1314417e+01   0.0000000e+00   1.0991919e+00
   1.6502600e+00   6.3489022e+04   2.2830058e+01   0.0000000e+00   1.1122831e+00
   1.6505800e+00   5.8231046e+04   2.1061038e+01   0.0000000e+00   1.1132066e+00
   1.6509000e+00   4.5850392e+04   1.7158626e+01   0.0000000e+00   1.1033233e+00
   1.6512300e+00   4.1816757e+04   1.5525442e+01   0.0000000e+00   1.0907566e+00
   1.6515500e+00   4.2113209e+04   1.5507619e+01   0.0000000e+00   1.0892993e+00
   1.6518800e+00   4.0983304e+04   1.5353012e+01   0.0000000e+00   1.0942109e+00
   1.6522000e+00   4.1770641e+04   1.5506614e+01   0.0000000e+00   1.1069110e+00
   1.6525300e+00   4.1983203e+04   1.5483012e+01   0.0000000e+00   1.1094706e+00
   1.6528600e+00   4.1911394e+04   1.5618821e+01   0.0000000e+00   1.1035520e+00
   1.6531800e+00   4.3027588e+04   1.5959892e+01   0.0000000e+00   1.0922511e+00
   1.6535100e+00   4.2923461e+04   1.5961209e+01   0.0000000e+00   1.0814803e+00
   1.6538300e+00   4.2436149e+04   1.5662101e+01   0.0000000e+00   1.0885319e+00
   1.6541600e+00   4.2899269e+04   1.6025168e+01   0.0000000e+00   1.0979529e+00
   1.6544800e+00   4.2263996e+04   1.5709194e+01   0.0000000e+00   1.1054855e+00
   1.6548100e+00   4.3717467e+04   1.6132192e+01   0.0000000e+00   1.1098723e+00
   1.6551300e+00   4.8727497e+04   1.8000419e+01   0.0000000e+00   1.0947936e+00
   1.6554600e+00   5.0928079e+04   1.8558032e+01   0.0000000e+00   1.0850717e+00
   1.6557900e+00   4.8132314e+04   1.7913761e+01   0.0000000e+00   1.0861592e+00
   1.6561100e+00   4.2379689e+04   1.5666663e+01   0.0000000e+00   1.0946237e+00
   1.6564400e+00   4.1729504e+04   1.5894597e+01   0.0000000e+00   1.1039036e+00
   1.6567600e+00   4.2826725e+04   1.5762917e+01   0.0000000e+00   1.1072306e+00
   1.6570900e+00   4.1741504e+04   1.5424113e+01   0.0000000e+00   1.0984319e+00
   1.6574200e+00   4.2442061e+04   1.5645146e+01   0.0000000e+00   1.0897921e+00
   1.6577400e+00   4.2516810e+04   1.5754720e+01   0.0000000e+00   1.0835787e+00
   1.6580700e+00   4.2813907e+04   1.5912599e+01   0.0000000e+00   1.0900515e+00
   1.6584000e+00   4.3502456e+04   1.6308647e+01   0.0000000e+00   1.1021373e+00
   1.6587200e+00   4.4530211e+04   1.6441168e+01   0.0000000e+00   1.1072225e+00
   1.6590500e+00   4.4417086e+04   1.6396232e+01   0.0000000e+00   1.1027438e+00
   1.6593800e+00   4.4005830e+04   1.6465674e+01   0.0000000e+00   1.0930438e+00
   1.6597000e+00   4.3963442e+04   1.6539105e+01   0.0000000e+00   1.0849091e+00
   1.6600300e+00   4.5011122e+04   1.6556553e+01   0.0000000e+00   1.0880415e+00
   1.6603600e+00   4.4082331e+04   1.6215528e+01   0.0000000e+00   1.0953547e+00
   1.6606900e+00   4.3503431e+04   1.6052837e+01   0.0000000e+00   1.1066256e+00
   1.6610100e+00   4.6043119e+04   1.7295249e+01   0.0000000e+00   1.1074595e+00
   1.6613400e+00   4.5114031e+04   1.6573583e+01   0.0000000e+00   1.0982962e+00
   1.6616700e+00   4.3506371e+04   1.6325003e+01   0.0000000e+00   1.0849796e+00
   1.6620000e+00   4.3085798e+04   1.6065702e+01   0.0000000e+00   1.0836947e+00
   1.6623200e+00   4.4083447e+04   1.6178822e+01   0.0000000e+00   1.0908970e+00
   1.6626500e+00   4.4362237e+04   1.6330199e+01   0.0000000e+00   1.1053939e+00
   1.6629800e+00   4.3376898e+04   1.6076035e+01   0.0000000e+00   1.1070078e+00
   1.6633100e+00   4.2925030e+04   1.5930502e+01   0.0000000e+00   1.1022883e+00
   1.6636400e+00   4.3116852e+04   1.5952037e+01   0.0000000e+00   1.0874155e+00
   1.6639600e+00   4.2717147e+04   1.5929839e+01   0.0000000e+00   1.0846250e+00
   1.6642900e+00   4.3290148e+04   1.5835625e+01   0.0000000e+00   1.0882050e+00
   1.6646200e+00   4.2833814e+04   1.5579191e+01   0.0000000e+00   1.0981527e+00
   1.6649500e+00   4.2064245e+04   1.5546675e+01   0.0000000e+00   1.1070190e+00
   1.6652800e+00   4.2544790e+04   1.5752084e+01   0.0000000e+00   1.1058339e+00
   1.6656100e+00   4.2894513e+04   1.5792195e+01   0.0000000e+00   1.0940786e+00
   1.6659300e+00   4.3329255e+04   1.5883252e+01   0.0000000e+00   1.0831463e+00
   1.6662600e+00   4.2938459e+04   1.5755898e+01   0.0000000e+00   1.0801834e+00
   1.6665900e+00   4.3590346e+04   1.6066415e+01   0.0000000e+00   1.0893423e+00
   1.6669200e+00   4.3394019e+04   1.5889357e+01   0.0000000e+00   1.1020854e+00
   1.6672500e+00   4.3445384e+04   1.5969823e+01   0.0000000e+00   1.1063316e+00
   1.6675800e+00   4.3532133e+04   1.5867805e+01   0.0000000e+00   1.0988411e+00
   1.6679100e+00   4.2961415e+04   1.5911734e+01   0.0000000e+00   1.0858041e+00
   1.6682400e+00   4.4424737e+04   1.6456268e+01   0.0000000e+00   1.0802154e+00
   1.6685700e+00   5.6913202e+04   2.1704821e+01   0.0000000e+00   1.0835124e+00
   1.6689000e+00   9.3891202e+04   3.5306016e+01   0.0000000e+00   1.0930828e+00
   1.6692300e+00   1.1100054e+05   3.8855633e+01   0.0000000e+00   1.1022446e+00
   1.6695500e+00   9.4726734e+04   3.4146662e+01   0.0000000e+00   1.1004212e+00
   1.6698800e+00   6.0205107e+04   2.2355231e+01   0.0000000e+00   1.0907901e+00
   1.6702100e+00   5.1194032e+04   1.8694244e+01   0.0000000e+00   1.0812611e+00
   1.6705400e+00   6.1819249e+04   2.2275654e+01   0.0000000e+00   1.0801387e+00
   1.6708700e+00   6.6768848e+04   2.3895349e+01   0.0000000e+00   1.0884272e+00
   1.6712000e+00   6.2482845e+04   2.2435784e+01   0.0000000e+00   1.0976550e+00
   1.6715300e+00   4.9224623e+04   1.7974815e+01   0.0000000e+00   1.0989271e+00
   1.6718600e+00   4.5755001e+04   1.6761683e+01   0.0000000e+00   1.0936373e+00
   1.6721900e+00   4.5456924e+04   1.6779243e+01   0.0000000e+00   1.0807201e+00
   1.6725200e+00   4.5410074e+04   1.6750452e+01   0.0000000e+00   1.0754678e+00
   1.6728500e+00   4.9061575e+04   1.8112262e+01   0.0000000e+00   1.0848958e+00
   1.6731800e+00   5.1237739e+04   1.8759326e+01   0.0000000e+00   1.0956927e+00
   1.6735200e+00   5.0814947e+04   1.8403422e+01   0.0000000e+00   1.1007954e+00
   1.6738500e+00   4.6401493e+04   1.7132183e+01   0.0000000e+00   1.0924910e+00
   1.6741800e+00   4.4510084e+04   1.6521111e+01   0.0000000e+00   1.0829945e+00
   1.6745100e+00   4.4579347e+04   1.6729650e+01   0.0000000e+00   1.0764010e+00
   1.6748400e+00   4.4230693e+04   1.6239963e+01   0.0000000e+00   1.0790680e+00
   1.6751700e+00   4.5384437e+04   1.6666421e+01   0.0000000e+00   1.0859167e+00
   1.6755000e+00   4.4820039e+04   1.6394279e+01   0.0000000e+00   1.0927243e+00
   1.6758300e+00   4.6505904e+04   1.7159420e+01   0.0000000e+00   1.0954966e+00
   1.6761600e+00   4.6842301e+04   1.7212526e+01   0.0000000e+00   1.0871939e+00
   1.6764900e+00   4.6890241e+04   1.7364391e+01   0.0000000e+00   1.0779267e+00
   1.6768200e+00   4.5563891e+04   1.6789292e+01   0.0000000e+00   1.0733793e+00
   1.6771600e+00   4.5470294e+04   1.7184317e+01   0.0000000e+00   1.0787123e+00
   1.6774900e+00   4.5560908e+04   1.6579190e+01   0.0000000e+00   1.0864529e+00
   1.6778200e+00   4.4423596e+04   1.6316334e+01   0.0000000e+00   1.0919717e+00
   1.6781500e+00   4.4766027e+04   1.6694831e+01   0.0000000e+00   1.0871267e+00
   1.6784800e+00   4.5969358e+04   1.6791177e+01   0.0000000e+00   1.0792531e+00
   1.6788100e+00   4.6025978e+04   1.6894964e+01   0.0000000e+00   1.0713577e+00
   1.6791500e+00   4.5811583e+04   1.6679595e+01   0.0000000e+00   1.0711947e+00
   1.6794800e+00   4.6906605e+04   1.6914817e+01   0.0000000e+00   1.0784048e+00
   1.6798100e+00   4.7465298e+04   1.7182693e+01   0.0000000e+00   1.0861568e+00
   1.6801400e+00   4.8244530e+04   1.7410163e+01   0.0000000e+00   1.0828032e+00
   1.6804700e+00   4.7506517e+04   1.7203601e+01   0.0000000e+00   1.0731834e+00
   1.6808100e+00   4.5819154e+04   1.6742222e+01   0.0000000e+00   1.0648435e+00
   1.6811400e+00   4.5165519e+04   1.7107670e+01   0.0000000e+00   1.0635611e+00
   1.6814700e+00   4.5834412e+04   1.6976003e+01   0.0000000e+00   1.0660982e+00
   1.6818000e+00   4.6986386e+04   1.7162437e+01   0.0000000e+00   1.0767968e+00
   1.6821400e+00   4.6428688e+04   1.6931709e+01   0.0000000e+00   1.0780911e+00
   1.6824700e+00   4.6611030e+04   1.6854787e+01   0.0000000e+00   1.0719373e+00
   1.6828000e+00   4.6683641e+04   1.7044634e+01   0.0000000e+00   1.0602163e+00
   1.6831400e+00   4.5834815e+04   1.6582087e+01   0.0000000e+00   1.0546233e+00
   1.6834700e+00   4.9255408e+04   1.7974347e+01   0.0000000e+00   1.0572091e+00
   1.6838000e+00   5.5261542e+04   2.0061355e+01   0.0000000e+00   1.0623359e+00
   1.6841300e+00   5.6517329e+04   2.0611923e+01   0.0000000e+00   1.0651403e+00
   1.6844700e+00   5.2403495e+04   1.8835386e+01   0.0000000e+00   1.0663032e+00
   1.6848000e+00   4.7797684e+04   1.7458195e+01   0.0000000e+00   1.0567941e+00
   1.6851300e+00   4.5784189e+04   1.6586291e+01   0.0000000e+00   1.0505036e+00
   1.6854700e+00   4.5297782e+04   1.6493079e+01   0.0000000e+00   1.0455824e+00
   1.6858000e+00   4.4678760e+04   1.6388710e+01   0.0000000e+00   1.0503357e+00
   1.6861300e+00   4.6209950e+04   1.6920374e+01   0.0000000e+00   1.0553367e+00
   1.6864700e+00   4.5982071e+04   1.6789394e+01   0.0000000e+00   1.0580233e+00
   1.6868000e+00   4.6768887e+04   1.6964014e+01   0.0000000e+00   1.0521468e+00
   1.6871400e+00   4.6776297e+04   1.7264336e+01   0.0000000e+00   1.0434975e+00
   1.6874700e+00   4.6030739e+04   1.6911008e+01   0.0000000e+00   1.0364386e+00
   1.6878000e+00   4.5594233e+04   1.6693981e+01   0.0000000e+00   1.0369492e+00
   1.6881400e+00   4.5823308e+04   1.7158072e+01   0.0000000e+00   1.0391786e+00
   1.6884700e+00   4.6273940e+04   1.6896170e+01   0.0000000e+00   1.0451459e+00
   1.6888100e+00   4.6916900e+04   1.7215962e+01   0.0000000e+00   1.0424999e+00
   1.6891400e+00   4.6619029e+04   1.7160795e+01   0.0000000e+00   1.0323110e+00
   1.6894700e+00   4.6688207e+04   1.7273986e+01   0.0000000e+00   1.0194867e+00
   1.6898100e+00   6.0659734e+04   2.2953741e+01   0.0000000e+00   1.0226394e+00
   1.6901400e+00   8.5152359e+04   3.1128628e+01   0.0000000e+00   1.0235386e+00
   1.6904800e+00   9.1176665e+04   3.1986057e+01   0.0000000e+00   1.0260672e+00
   1.6908100e+00   7.4120844e+04   2.6944693e+01   0.0000000e+00   1.0284972e+00
   1.6911500e+00   5.1433186e+04   1.8873507e+01   0.0000000e+00   1.0238866e+00
   1.6914800e+00   4.6833853e+04   1.6967619e+01   0.0000000e+00   1.0159685e+00
   1.6918200e+00   4.4869898e+04   1.6694534e+01   0.0000000e+00   1.0085493e+00
   1.6921500e+00   4.5971130e+04   1.6641205e+01   0.0000000e+00   1.0095432e+00
   1.6924900e+00   4.5869797e+04   1.7048361e+01   0.0000000e+00   1.0143516e+00
   1.6928200e+00   4.5212453e+04   1.6898375e+01   0.0000000e+00   1.0176929e+00
   1.6931600e+00   4.5927406e+04   1.6980319e+01   0.0000000e+00   1.0153232e+00
   1.6934900e+00   4.4675234e+04   1.6681212e+01   0.0000000e+00   1.0078437e+00
   1.6938300e+00   4.5619317e+04   1.6789996e+01   0.0000000e+00   1.0019465e+00
   1.6941600e+00   4.6684262e+04   1.7121613e+01   0.0000000e+00   1.0009594e+00
   1.6945000e+00   4.6384585e+04   1.7098522e+01   0.0000000e+00   1.0039919e+00
   1.6948300e+00   4.9082942e+04   1.7855896e+01   0.0000000e+00   1.0081918e+00
   1.6951700e+00   5.9263421e+04   2.1440475e+01   0.0000000e+00   1.0078797e+00
   1.6955100e+00   6.3520424e+04   2.2679215e+01   0.0000000e+00   1.0034733e+00
   1.6958400e+00   5.9006381e+04   2.1304128e+01   0.0000000e+00   9.9696163e-01
   1.6961800e+00   5.0554578e+04   1.8449832e+01   0.0000000e+00   9.8937311e-01
   1.6965100e+00   4.7220001e+04   1.7273476e+01   0.0000000e+00   9.8972009e-01
   1.6968500e+00   4.6776197e+04   1.7002029e+01   0.0000000e+00   9.9630714e-01
   1.6971900e+00   4.6326503e+04   1.6803850e+01   0.0000000e+00   9.9827062e-01
   1.6975200e+00   4.7132226e+04   1.7233128e+01   0.0000000e+00   9.9777613e-01
   1.6978600e+00   4.7004658e+04   1.7174329e+01   0.0000000e+00   9.8852865e-01
   1.6981900e+00   4.5891484e+04   1.6692472e+01   0.0000000e+00   9.8197790e-01
   1.6985300e+00   4.7668253e+04   1.7482704e+01   0.0000000e+00   9.8166804e-01
   1.6988700e+00   4.7142129e+04   1.7162777e+01   0.0000000e+00   9.8117573e-01
   1.6992000e+00   4.6372029e+04   1.6747707e+01   0.0000000e+00   9.8434499e-01
   1.6995400e+00   4.7987163e+04   1.7639923e+01   0.0000000e+00   9.8537882e-01
   1.6998800e+00   4.7430522e+04   1.7415998e+01   0.0000000e+00   9.8323290e-01
   1.7002100e+00   5.5986222e+04   2.0748360e+01   0.0000000e+00   9.7542159e-01
   1.7005500e+00   8.0633654e+04   2.9361116e+01   0.0000000e+00   9.6621036e-01
   1.7008900e+00   9.1324070e+04   3.2084974e+01   0.0000000e+00   9.6533996e-01
   1.7012200e+00   8.1336430e+04   2.9170388e+01   0.0000000e+00   9.6968662e-01
   1.7015600e+00   5.6562781e+04   2.1467320e+01   0.0000000e+00   9.7585335e-01
   1.7019000e+00   4.8160345e+04   2.0969240e+01   0.0000000e+00   9.7684103e-01
   1.7022400e+00   4.7102549e+04   1.6997802e+01   0.0000000e+00   9.6983574e-01
   1.7025700e+00   4.5254670e+04   1.6623724e+01   0.0000000e+00   9.6308784e-01
   1.7029100e+00   4.6252229e+04   1.6946214e+01   0.0000000e+00   9.5931155e-01
   1.7032500e+00   4.5864089e+04   1.6997011e+01   0.0000000e+00   9.6237630e-01
   1.7035900e+00   4.5007851e+04   1.6562090e+01   0.0000000e+00   9.6611570e-01
   1.7039200e+00   4.5715094e+04   1.7422422e+01   0.0000000e+00   9.6873984e-01
   1.7042600e+00   4.5227167e+04   1.6644149e+01   0.0000000e+00   9.6614245e-01
   1.7046000e+00   4.5210046e+04   1.6647225e+01   0.0000000e+00   9.5743544e-01
   1.7049400e+00   4.4740915e+04   1.6425559e+01   0.0000000e+00   9.5416681e-01
   1.7052700e+00   4.5683175e+04   1.6715885e+01   0.0000000e+00   9.5057881e-01
   1.7056100e+00   4.6027121e+04   1.6826075e+01   0.0000000e+00   9.5378304e-01
   1.7059500e+00   4.5334853e+04   1.6729746e+01   0.0000000e+00   9.5921178e-01
   1.7062900e+00   4.5285239e+04   1.6496457e+01   0.0000000e+00   9.6014098e-01
   1.7066300e+00   4.5302342e+04   1.6607607e+01   0.0000000e+00   9.5629384e-01
   1.7069700e+00   4.5179227e+04   1.6350918e+01   0.0000000e+00   9.4600224e-01
   1.7073000e+00   4.9673861e+04   1.8143604e+01   0.0000000e+00   9.4305501e-01
   1.7076400e+00   5.6602618e+04   2.0207780e+01   0.0000000e+00   9.4390397e-01
   1.7079800e+00   5.6694032e+04   2.0239091e+01   0.0000000e+00   9.5061457e-01
   1.7083200e+00   5.1377060e+04   1.8593218e+01   0.0000000e+00   9.5351812e-01
   1.7086600e+00   4.5865600e+04   1.6628161e+01   0.0000000e+00   9.5185688e-01
   1.7090000e+00   4.4355978e+04   1.6252667e+01   0.0000000e+00   9.4342171e-01
   1.7093400e+00   4.4159864e+04   1.6333547e+01   0.0000000e+00   9.3254051e-01
   1.7096700e+00   4.4905282e+04   1.6685417e+01   0.0000000e+00   9.3110729e-01
   1.7100100e+00   4.5523941e+04   1.6769643e+01   0.0000000e+00   9.3796128e-01
   1.7103500e+00   4.5184999e+04   1.6668807e+01   0.0000000e+00   9.4750519e-01
   1.7106900e+00   4.5016691e+04   1.6197334e+01   0.0000000e+00   9.4684975e-01
   1.7110300e+00   4.6597607e+04   1.7238358e+01   0.0000000e+00   9.3999538e-01
   1.7113700e+00   4.6410365e+04   1.6979810e+01   0.0000000e+00   9.3374752e-01
   1.7117100e+00   5.1775593e+04   1.8966733e+01   0.0000000e+00   9.2863937e-01
   1.7120500e+00   6.9853676e+04   2.5364586e+01   0.0000000e+00   9.2777429e-01
   1.7123900e+00   7.7629233e+04   2.7524005e+01   0.0000000e+00   9.3591422e-01
   1.7127300e+00   6.9763502e+04   2.5071719e+01   0.0000000e+00   9.3902983e-01
   1.7130700e+00   5.4292803e+04   2.0238337e+01   0.0000000e+00   9.3592600e-01
   1.7134100e+00   4.7120812e+04   1.7246556e+01   0.0000000e+00   9.2919450e-01
   1.7137500e+00   4.5788991e+04   1.6625065e+01   0.0000000e+00   9.2320473e-01
   1.7140900e+00   4.5267118e+04   1.6478760e+01   0.0000000e+00   9.2110280e-01
   1.7144300e+00   4.6821755e+04   1.7069981e+01   0.0000000e+00   9.2609718e-01
   1.7147700e+00   4.6335786e+04   1.6780259e+01   0.0000000e+00   9.3205499e-01
   1.7151100e+00   4.5115307e+04   1.6754733e+01   0.0000000e+00   9.3519599e-01
   1.7154500e+00   4.6239697e+04   1.6810332e+01   0.0000000e+00   9.2794622e-01
   1.7157900e+00   4.5816868e+04   1.6575252e+01   0.0000000e+00   9.2035691e-01
   1.7161300e+00   4.5379466e+04   1.6427161e+01   0.0000000e+00   9.1594420e-01
   1.7164700e+00   4.6978132e+04   1.7258841e+01   0.0000000e+00   9.1639913e-01
   1.7168100e+00   4.6049636e+04   1.6857608e+01   0.0000000e+00   9.2411426e-01
   1.7171500e+00   4.8378676e+04   1.7657047e+01   0.0000000e+00   9.2924739e-01
   1.7174900e+00   4.8106581e+04   1.7488372e+01   0.0000000e+00   9.2644022e-01
   1.7178300e+00   4.7489242e+04   1.7213093e+01   0.0000000e+00   9.1808577e-01
   1.7181700e+00   4.8000860e+04   1.7611534e+01   0.0000000e+00   9.1009672e-01
   1.7185100e+00   4.7496345e+04   1.7098703e+01   0.0000000e+00   9.0953209e-01
   1.7188500e+00   4.8084364e+04   1.7734765e+01   0.0000000e+00   9.1367443e-01
   1.7191900e+00   4.8638561e+04   1.8122243e+01   0.0000000e+00   9.1968902e-01
   1.7195300e+00   4.7171127e+04   1.7246356e+01   0.0000000e+00   9.1982039e-01
   1.7198700e+00   4.8486364e+04   2.0465748e+01   0.0000000e+00   9.1701054e-01
   1.7202200e+00   4.7967758e+04   1.7353450e+01   0.0000000e+00   9.0625034e-01
   1.7205600e+00   5.1267243e+04   1.8331517e+01   0.0000000e+00   8.9502709e-01
   1.7209000e+00   5.4315291e+04   1.9448306e+01   0.0000000e+00   8.9823028e-01
   1.7212400e+00   5.5561843e+04   1.9922412e+01   0.0000000e+00   9.0519696e-01
   1.7215800e+00   5.1563402e+04   1.8558444e+01   0.0000000e+00   9.1464903e-01
   1.7219200e+00   4.9403686e+04   1.7920599e+01   0.0000000e+00   9.1336579e-01
   1.7222600e+00   4.8894744e+04   1.7591737e+01   0.0000000e+00   9.0286282e-01
   1.7226100e+00   4.7909114e+04   1.7515879e+01   0.0000000e+00   8.9536529e-01
   1.7229500e+00   4.7142499e+04   1.7235546e+01   0.0000000e+00   8.9209594e-01
   1.7232900e+00   4.9169692e+04   1.7848680e+01   0.0000000e+00   8.9572656e-01
   1.7236300e+00   4.8664786e+04   1.7714326e+01   0.0000000e+00   9.0329775e-01
   1.7239700e+00   4.9694753e+04   1.7827454e+01   0.0000000e+00   9.0484775e-01
   1.7243100e+00   5.5672477e+04   1.9779050e+01   0.0000000e+00   8.9799086e-01
   1.7246600e+00   6.2579973e+04   2.2140683e+01   0.0000000e+00   8.8836865e-01
   1.7250000e+00   6.3144606e+04   2.2480904e+01   0.0000000e+00   8.8182189e-01
   1.7253400e+00   5.8234986e+04   2.0654124e+01   0.0000000e+00   8.8464866e-01
   1.7256800e+00   5.0391046e+04   1.8035375e+01   0.0000000e+00   8.8912625e-01
   1.7260300e+00   4.9679914e+04   1.7967099e+01   0.0000000e+00   8.9489017e-01
   1.7263700e+00   4.8648055e+04   1.7412605e+01   0.0000000e+00   8.9264537e-01
   1.7267100e+00   4.7600981e+04   1.7135113e+01   0.0000000e+00   8.8496246e-01
   1.7270500e+00   4.8152505e+04   1.7574659e+01   0.0000000e+00   8.7530364e-01
   1.7274000e+00   4.7239539e+04   1.7076299e+01   0.0000000e+00   8.7229503e-01
   1.7277400e+00   4.8917434e+04   1.7731695e+01   0.0000000e+00   8.7430790e-01
   1.7280800e+00   5.0215041e+04   1.8036416e+01   0.0000000e+00   8.8125248e-01
   1.7284200e+00   4.8756002e+04   1.7649583e+01   0.0000000e+00   8.8375383e-01
   1.7287700e+00   4.8765623e+04   1.7720567e+01   0.0000000e+00   8.7749406e-01
   1.7291100e+00   4.7157338e+04   1.7279395e+01   0.0000000e+00   8.6801261e-01
   1.7294500e+00   4.6769249e+04   1.7155505e+01   0.0000000e+00   8.5907292e-01
   1.7298000e+00   4.7549170e+04   1.7202214e+01   0.0000000e+00   8.6172297e-01
   1.7301400e+00   4.7597933e+04   1.7473788e+01   5.8375380e+01   8.6788608e-01
   1.7304800e+00   4.8869578e+04   1.7796427e+01   1.6517709e+03   8.7234091e-01
   1.7308300e+00   4.7330918e+04   1.7022668e+01   2.5284206e+02   8.7139932e-01
   1.7311700e+00   4.6575607e+04   1.7064874e+01  -6.2779968e+02   8.6026347e-01
   1.7315100e+00   4.6926051e+04   1.7209545e+01  -6.9262107e+02   8.5188351e-01
   1.7318600e+00   4.7861474e+04   1.7274404e+01  -4.2405576e+02   8.4737113e-01
   1.7322000e+00   4.6852401e+04   1.7369864e+01  -2.2589903e+03   8.4991651e-01
   1.7325400e+00   5.0378503e+04   1.8474418e+01   4.0626554e+02   8.5633973e-01
   1.7328900e+00   5.2950615e+04   1.8946606e+01   2.2081089e+03   8.6024744e-01
   1.7332300e+00   5.5457220e+04   1.9601959e+01   4.1346145e+03   8.5513490e-01
   1.7335700e+00   5.1929687e+04   1.8736305e+01   2.7441593e+02   8.4661850e-01
   1.7339200e+00   4.8778179e+04   1.7890629e+01  -2.9514328e+03   8.4025589e-01
   1.7342600e+00   4.8401400e+04   1.8315940e+01  -3.1740727e+03   8.4057613e-01
   1.7346100e+00   4.9984219e+04   1.8038976e+01  -1.2697990e+03   8.4500653e-01
   1.7349500e+00   5.1073920e+04   1.8326980e+01   2.2442552e+02   8.5044040e-01
   1.7352900e+00   5.1182890e+04   1.8471872e+01   7.1689598e+02   8.4876627e-01
   1.7356400e+00   5.2840554e+04   1.9120555e+01   2.6139796e+03   8.4107318e-01
   1.7359800e+00   5.3390185e+04   1.9611959e+01   3.1244906e+03   8.3235169e-01
   1.7363300e+00   5.2481028e+04   1.8751623e+01   1.7742893e+03   8.2924629e-01
   1.7366700e+00   5.0329309e+04   1.8232200e+01  -1.2953451e+03   8.3143009e-01
   1.7370200e+00   5.1092267e+04   1.8658343e+01  -1.9125342e+03   8.3702700e-01
   1.7373600e+00   5.0032618e+04   1.8295903e+01  -4.6815245e+03   8.4125702e-01
   1.7377100e+00   5.1066207e+04   1.8336865e+01  -5.4367531e+03   8.3911611e-01
   1.7380500e+00   5.7192240e+04   2.0590533e+01  -8.5533109e+02   8.3054330e-01
   1.7384000e+00   6.5820612e+04   2.3350978e+01   6.7933409e+03   8.2162510e-01
   1.7387400e+00   6.7239784e+04   2.3820327e+01   8.0295405e+03   8.2176679e-01
   1.7390900e+00   6.0390600e+04   2.1511980e+01   1.8707582e+03   8.2669714e-01
   1.7394300e+00   5.3459107e+04   1.9204495e+01  -3.6009297e+03   8.3167783e-01
   1.7397800e+00   5.2144670e+04   1.8664197e+01  -2.9468398e+03   8.3094357e-01
   1.7401200e+00   5.0780667e+04   1.8273951e+01  -2.1833489e+03   8.2709867e-01
   1.7404700e+00   4.9716833e+04   1.8325534e+01  -1.3114616e+03   8.1689699e-01
   1.7408100e+00   4.9633417e+04   1.7908043e+01   7.5195321e+01   8.1278893e-01
   1.7411600e+00   4.8847881e+04   1.7811180e+01   1.4242537e+02   8.1318777e-01
   1.7415000e+00   4.8420909e+04   1.7795444e+01  -7.2765368e+01   8.2099031e-01
   1.7418500e+00   4.9346614e+04   1.8071191e+01   4.9970100e+02   8.2430384e-01
   1.7421900e+00   5.0805098e+04   1.8627693e+01   1.1691577e+03   8.2170135e-01
   1.7425400e+00   5.3881464e+04   1.9486095e+01   3.1583787e+03   8.1574652e-01
   1.7428800e+00   5.4114932e+04   1.9411308e+01   2.1256957e+03   8.0949554e-01
   1.7432300e+00   5.2995258e+04   1.9401534e+01  -3.4140831e+02   8.0660852e-01
   1.7435800e+00   5.2149208e+04   1.8820471e+01  -2.5239589e+03   8.1182164e-01
   1.7439200e+00   5.0959527e+04   1.8504069e+01  -4.9318101e+03   8.1530766e-01
   1.7442700e+00   5.2296775e+04   1.8865827e+01  -4.5623945e+03   8.1692195e-01
   1.7446100e+00   5.8182018e+04   2.1041904e+01   7.4837029e+02   8.1267313e-01
   1.7449600e+00   6.4372494e+04   2.3211251e+01   6.8770286e+03   8.0695792e-01
   1.7453100e+00   6.3376019e+04   2.2484326e+01   6.3861074e+03   8.0066187e-01
   1.7456500e+00   5.4824135e+04   1.9831928e+01  -1.1319976e+03   8.0400328e-01
   1.7460000e+00   5.1123832e+04   1.8280924e+01  -3.4094678e+03   8.0514536e-01
   1.7463400e+00   5.0395584e+04   1.8327615e+01  -2.5426650e+03   8.1068721e-01
   1.7466900e+00   5.0315792e+04   1.8308976e+01  -1.1034165e+03   8.1130025e-01
   1.7470400e+00   4.9720609e+04   1.7858937e+01  -4.8106406e+02   8.0426829e-01
   1.7473800e+00   4.9652197e+04   1.7872709e+01   2.0669768e+02   7.9935639e-01
   1.7477300e+00   5.0986860e+04   1.8333915e+01   1.7639695e+03   7.9770717e-01
   1.7480800e+00   5.0741038e+04   1.8159177e+01   1.2239427e+03   8.0001263e-01
   1.7484200e+00   5.0467640e+04   1.8334252e+01   2.3116407e+02   8.0591997e-01
   1.7487700e+00   5.1608298e+04   1.8709761e+01   3.7087894e+02   8.0944529e-01
   1.7491200e+00   5.1538085e+04   1.8437516e+01  -8.1167402e+02   8.0615679e-01
   1.7494600e+00   5.0907555e+04   1.8093546e+01  -2.4936973e+03   7.9985964e-01
   1.7498100e+00   5.3520850e+04   1.9330676e+01  -7.2083330e+02   7.9594695e-01
   1.7501600e+00   5.5890474e+04   2.0023418e+01   1.1253467e+03   7.9472984e-01
   1.7505100e+00   5.6355421e+04   2.0378675e+01   1.4291872e+03   7.9879930e-01
   1.7508500e+00   5.6722564e+04   2.0307736e+01   1.9756161e+03   8.0323376e-01
   1.7512000e+00   5.5302249e+04   1.9546200e+01   9.9196518e+02   8.0488312e-01
   1.7515500e+00   5.2213587e+04   1.8739699e+01  -1.5259978e+03   7.9986860e-01
   1.7519000e+00   5.0692681e+04   1.8301343e+01  -2.4754567e+03   7.9448358e-01
   1.7522400e+00   5.1864625e+04   1.8582889e+01  -8.4351129e+02   7.9149600e-01
   1.7525900e+00   5.2668197e+04   1.8782378e+01   2.4106830e+02   7.9483093e-01
   1.7529400e+00   5.2721170e+04   1.8811301e+01   3.8283821e+02   8.0071817e-01
   1.7532900e+00   5.3527637e+04   1.9088964e+01   1.1203128e+03   8.0194041e-01
   1.7536300e+00   5.3365822e+04   1.9313231e+01   7.9507090e+02   7.9983463e-01
   1.7539800e+00   5.2360167e+04   1.8934017e+01  -3.9861750e+02   7.9525576e-01
   1.7543300e+00   5.3077352e+04   1.9012440e+01   1.6295444e+02   7.8936770e-01
   1.7546800e+00   5.3319700e+04   1.9351867e+01   3.1534978e+02   7.8916621e-01
   1.7550200e+00   5.2405338e+04   1.8966827e+01  -6.1455230e+02   7.9276520e-01
   1.7553700e+00   5.2324821e+04   1.8777283e+01  -6.4512336e+02   7.9744315e-01
   1.7557200e+00   5.2980214e+04   1.9448197e+01   1.0878915e+02   7.9791459e-01
   1.7560700e+00   5.3512813e+04   1.9557081e+01   7.7273859e+02   7.9559426e-01
   1.7564200e+00   5.1722815e+04   1.8410446e+01  -8.6186120e+02   7.9005100e-01
   1.7567700e+00   5.2659065e+04   2.0487310e+01   2.5141185e+02   7.8702464e-01
   1.7571100e+00   5.1886985e+04   1.8774115e+01  -3.2410658e+02   7.8766824e-01
   1.7574600e+00   5.1187753e+04   1.8255999e+01  -8.1764813e+02   7.9309176e-01
   1.7578100e+00   5.2287861e+04   1.8619720e+01   4.7052831e+02   7.9774607e-01
   1.7581600e+00   5.3228642e+04   1.9196527e+01   1.5353091e+03   7.9774307e-01
   1.7585100e+00   5.2325766e+04   1.8728345e+01   6.3258170e+02   7.9355646e-01
   1.7588600e+00   5.2082639e+04   1.8782436e+01   2.0886268e+02   7.8674422e-01
   1.7592100e+00   5.2427439e+04   1.8768831e+01   1.6124936e+02   7.8411199e-01
   1.7595500e+00   5.1949091e+04   1.8672224e+01  -9.0278284e+02   7.8838955e-01
   1.7599000e+00   5.2526636e+04   1.9077094e+01  -1.0210104e+03   7.9436010e-01
   1.7602500e+00   5.2483309e+04   1.8875395e+01  -1.7260546e+03   7.9578796e-01
   1.7606000e+00   5.4307301e+04   1.9419675e+01  -3.5273817e+02   7.9400973e-01
   1.7609500e+00   5.4266209e+04   1.9229762e+01  -4.7365833e+02   7.8853302e-01
   1.7613000e+00   5.4569831e+04   1.9538511e+01   2.0170945e+02   7.8453885e-01
   1.7616500e+00   5.5367067e+04   1.9596308e+01   1.7677037e+03   7.8121738e-01
   1.7620000e+00   5.4197278e+04   1.9493690e+01   1.5443618e+03   7.8539838e-01
   1.7623500e+00   5.4128095e+04   1.9370707e+01   2.2300336e+03   7.9182316e-01
   1.7627000e+00   5.3953455e+04   1.9245609e+01   2.1653479e+03   7.9348424e-01
   1.7630500e+00   5.3356483e+04   1.8973761e+01   6.0580462e+02   7.8967371e-01
   1.7633900e+00   5.5054455e+04   1.9639768e+01  -4.0625598e+00   7.8426294e-01
   1.7637400e+00   5.5173126e+04   1.9677454e+01  -3.5440720e+03   7.7971422e-01
   1.7640900e+00   5.5475188e+04   1.9683711e+01  -7.9337872e+03   7.8059083e-01
   1.7644400e+00   5.8473184e+04   2.0631919e+01  -1.0049194e+04   7.8422820e-01
   1.7647900e+00   7.1289475e+04   2.5636735e+01  -1.9838567e+03   7.8855314e-01
   1.7651400e+00   9.2818628e+04   3.2875715e+01   1.5929630e+04   7.8802873e-01
   1.7654900e+00   9.6312515e+04   3.3414624e+01   1.7516985e+04   7.8344668e-01
   1.7658400e+00   8.1286311e+04   2.8861798e+01   2.5356177e+03   7.7683339e-01
   1.7661900e+00   6.5568720e+04   2.3158439e+01  -1.1318535e+04   7.7335597e-01
   1.7665400e+00   6.1325998e+04   2.1690011e+01  -1.2334602e+04   7.7656779e-01
   1.7668900e+00   6.7399794e+04   2.4057082e+01  -2.3193111e+03   7.8275205e-01
   1.7672400e+00   6.9819433e+04   2.4689470e+01   4.0789311e+03   7.8674115e-01
   1.7675900e+00   6.6408818e+04   2.3166722e+01   4.1230991e+03   7.8308598e-01
   1.7679400e+00   6.0524709e+04   2.1467661e+01   8.1765050e+02   7.7852033e-01
   1.7682900e+00   5.6630125e+04   1.9905928e+01  -1.4911814e+03   7.7412397e-01
   1.7686400e+00   5.6234047e+04   1.9851209e+01  -1.2028089e+03   7.7338199e-01
   1.7690000e+00   5.7472506e+04   2.0564339e+01   5.6196014e+01   7.7435889e-01
   1.7693500e+00   5.8064105e+04   2.0417779e+01   3.0878903e+02   7.7981015e-01
   1.7697000e+00   5.9332479e+04   2.1142333e+01   1.1716484e+03   7.8447203e-01
   1.7700500e+00   6.0108085e+04   2.1367822e+01   1.6943283e+03   7.7895439e-01
   1.7704000e+00   5.8777104e+04   2.0640099e+01   3.7297861e+02   7.7275187e-01
   1.7707500e+00   5.7205410e+04   2.0501567e+01  -9.2910416e+02   7.6986164e-01
   1.7711000e+00   5.7231663e+04   2.0325082e+01  -4.6409717e+02   7.6904756e-01
   1.7714500e+00   5.6383223e+04   2.0145150e+01  -8.4080041e+02   7.7213048e-01
   1.7718000e+00   5.6094791e+04   2.0021649e+01  -7.5785150e+02   7.7719566e-01
   1.7721500e+00   5.6496349e+04   1.9972397e+01  -1.7660741e+02   7.7590051e-01
   1.7725000e+00   5.6030871e+04   1.9678545e+01  -6.8255446e+02   7.6891915e-01
   1.7728500e+00   5.7177503e+04   2.0368722e+01   2.3734519e+02   7.6268417e-01
   1.7732100e+00   5.9009100e+04   2.0691969e+01   1.7333611e+03   7.6075864e-01
   1.7735600e+00   5.8167393e+04   2.0495928e+01   5.4002330e+02   7.6032747e-01
   1.7739100e+00   5.6981743e+04   2.0483980e+01  -9.3308121e+02   7.6405696e-01
   1.7742600e+00   5.9013446e+04   2.0864216e+01   9.2207376e+02   7.6366462e-01
   1.7746100e+00   5.8976920e+04   2.0907538e+01   8.2557421e+02   7.5958705e-01
   1.7749600e+00   5.6924853e+04   2.0118540e+01  -1.1982745e+03   7.5549665e-01
   1.7753100e+00   5.7225943e+04   2.0362105e+01  -8.2760383e+02   7.4725882e-01
   1.7756700e+00   5.7291523e+04   2.0486430e+01  -6.9863102e+02   7.4164388e-01
   1.7760200e+00   5.8180658e+04   2.0743330e+01   2.1447401e+02   7.4261705e-01
   1.7763700e+00   5.8953428e+04   2.0537485e+01   9.6090065e+02   7.4354772e-01
   1.7767200e+00   5.8438903e+04   2.0555529e+01   3.8046446e+02   7.4403042e-01
   1.7770700e+00   5.7044467e+04   2.0520997e+01  -1.0946631e+03   7.4009017e-01
   1.7774200e+00   5.8302331e+04   2.0704296e+01   9.4517986e+01   7.3128473e-01
   1.7777800e+00   5.8986997e+04   2.0961098e+01   7.3973609e+02   7.2323420e-01
   1.7781300e+00   5.8219509e+04   2.0550934e+01  -3.7027325e+01   7.2042782e-01
   1.7784800e+00   5.8635631e+04   2.0733677e+01   3.8388147e+02   7.2023215e-01
   1.7788300e+00   5.8694985e+04   2.0706838e+01   4.3392124e+02   7.1869294e-01
   1.7791900e+00   5.7948485e+04   2.0584791e+01  -3.6610619e+02   7.1639413e-01
   1.7795400e+00   5.7456852e+04   2.0355349e+01  -9.7595784e+02   7.0946697e-01
   1.7798900e+00   5.8199121e+04   2.0419552e+01  -4.1930338e+02   6.9939667e-01
   1.7802400e+00   5.8754226e+04   2.0837061e+01   0.0000000e+00   6.9320066e-01
   1.7805900e+00   5.8441983e+04   2.0598251e+01   0.0000000e+00   6.9162773e-01
   1.7809500e+00   6.0154884e+04   2.1205661e+01   0.0000000e+00   6.8841099e-01
   1.7813000e+00   6.1334453e+04   2.1491368e+01   0.0000000e+00   6.8396849e-01
   1.7816500e+00   6.0159121e+04   2.1152182e+01   0.0000000e+00   6.7481072e-01
   1.7820000e+00   5.9682518e+04   2.0887018e+01   0.0000000e+00   6.6539550e-01
   1.7823600e+00   5.8306951e+04   2.0605507e+01   0.0000000e+00   6.5801958e-01
   1.7827100e+00   6.0631104e+04   2.1423389e+01   0.0000000e+00   6.4772523e-01
   1.7830600e+00   5.8024694e+04   2.0468698e+01   0.0000000e+00   6.4277016e-01
   1.7834200e+00   5.8939109e+04   2.0692379e+01   0.0000000e+00   6.3809751e-01
   1.7837700e+00   6.0064019e+04   2.1334899e+01   0.0000000e+00   6.3177794e-01
   1.7841200e+00   5.9383384e+04   2.0890537e+01   0.0000000e+00   6.2259029e-01
   1.7844800e+00   5.8962082e+04   2.0952254e+01   0.0000000e+00   6.0929114e-01
   1.7848300e+00   6.0331291e+04   2.1373619e+01   0.0000000e+00   5.9708360e-01
   1.7851800e+00   5.9122681e+04   2.0882899e+01   0.0000000e+00   5.8461841e-01
   1.7855400e+00   6.0097812e+04   2.1216617e+01   0.0000000e+00   5.8050924e-01
   1.7858900e+00   6.0031608e+04   2.1344082e+01   0.0000000e+00   5.7583574e-01
   1.7862400e+00   5.9451317e+04   2.0854966e+01   0.0000000e+00   5.6405562e-01
   1.7866000e+00   6.0576074e+04   2.1233330e+01   0.0000000e+00   5.5014536e-01
   1.7869500e+00   5.8639237e+04   2.0708722e+01   0.0000000e+00   5.3834903e-01
   1.7873000e+00   6.1248380e+04   2.1587276e+01   0.0000000e+00   5.2535181e-01
   1.7876600e+00   6.6989096e+04   2.3722710e+01   0.0000000e+00   5.1554243e-01
   1.7880100e+00   7.5134480e+04   2.6545200e+01   0.0000000e+00   5.0561309e-01
   1.7883600e+00   7.6406667e+04   2.6868450e+01   0.0000000e+00   4.9491837e-01
   1.7887200e+00   6.7880131e+04   2.4015462e+01   0.0000000e+00   4.8319091e-01
   1.7890700e+00   6.3074607e+04   2.2020349e+01   0.0000000e+00   4.6919727e-01
   1.7894200e+00   6.0981365e+04   2.1375682e+01   0.0000000e+00   4.5547428e-01
   1.7897800e+00   6.0709407e+04   2.1203003e+01   0.0000000e+00   4.4442573e-01
   1.7901300e+00   6.2413788e+04   2.1837163e+01   0.0000000e+00   4.3355152e-01
   1.7904900e+00   6.0408824e+04   2.1164913e+01   0.0000000e+00   4.2342986e-01
   1.7908400e+00   6.1065923e+04   2.1354112e+01   0.0000000e+00   4.1321297e-01
   1.7912000e+00   6.1325998e+04   2.1630875e+01   0.0000000e+00   4.0042369e-01
   1.7915500e+00   5.9998507e+04   2.1013695e+01   0.0000000e+00   3.8878061e-01
   1.7919000e+00   6.2040628e+04   2.1823839e+01   0.0000000e+00   3.7442432e-01
   1.7922600e+00   6.1902364e+04   2.1542975e+01   0.0000000e+00   3.6235732e-01
   1.7926100e+00   6.1512226e+04   2.1522026e+01   0.0000000e+00   3.5348302e-01
   1.7929700e+00   6.3519813e+04   2.2798408e+01   0.0000000e+00   3.4515800e-01
   1.7933200e+00   6.3246313e+04   2.2601145e+01   0.0000000e+00   3.3688881e-01
   1.7936800e+00   6.1623187e+04   2.2027670e+01   0.0000000e+00   3.2794750e-01
   1.7940300e+00   6.3115772e+04   2.2171894e+01   0.0000000e+00   3.1616223e-01
   1.7943900e+00   6.3276157e+04   2.2398341e+01   0.0000000e+00   3.0790277e-01
   1.7947400e+00   6.4475211e+04   2.2547263e+01   0.0000000e+00   3.0059534e-01
   1.7951000e+00   6.5040162e+04   2.2603753e+01   0.0000000e+00   2.9680039e-01
   1.7954500e+00   6.7879367e+04   2.6126660e+01   0.0000000e+00   3.3883136e-01
