   1.1890102e+00   0.0000000e+00   0.0000000e+00   0.0000000e+00   0.0000000e+00
   1.1892121e+00   0.0000000e+00   0.0000000e+00   0.0000000e+00   0.0000000e+00
   1.1894142e+00   0.0000000e+00   0.0000000e+00   0.0000000e+00   0.0000000e+00
   1.1896164e+00   0.0000000e+00   0.0000000e+00   0.0000000e+00   0.0000000e+00
   1.1898188e+00   0.0000000e+00   0.0000000e+00   0.0000000e+00   0.0000000e+00
   1.1900213e+00   0.0000000e+00   0.0000000e+00   0.0000000e+00   0.0000000e+00
   1.1902240e+00   0.0000000e+00   0.0000000e+00   0.0000000e+00   0.0000000e+00
   1.1904269e+00   0.0000000e+00   0.0000000e+00   0.0000000e+00   0.0000000e+00
   1.1906300e+00   0.0000000e+00   0.0000000e+00   0.0000000e+00   0.0000000e+00
   1.1908332e+00   0.0000000e+00   0.0000000e+00   0.0000000e+00   0.0000000e+00
   1.1910366e+00   0.0000000e+00   0.0000000e+00   0.0000000e+00   0.0000000e+00
   1.1912401e+00   0.0000000e+00   0.0000000e+00   0.0000000e+00   0.0000000e+00
   1.1914439e+00   0.0000000e+00   0.0000000e+00   0.0000000e+00   0.0000000e+00
   1.1916478e+00   0.0000000e+00   0.0000000e+00   0.0000000e+00   0.0000000e+00
   1.1918518e+00   0.0000000e+00   0.0000000e+00   0.0000000e+00   0.0000000e+00
   1.1920560e+00   0.0000000e+00   0.0000000e+00   0.0000000e+00   0.0000000e+00
   1.1922604e+00   0.0000000e+00   0.0000000e+00   0.0000000e+00   0.0000000e+00
   1.1924650e+00   0.0000000e+00   0.0000000e+00   0.0000000e+00   0.0000000e+00
   1.1926697e+00   0.0000000e+00   0.0000000e+00   0.0000000e+00   0.0000000e+00
   1.1928746e+00   0.0000000e+00   0.0000000e+00   0.0000000e+00   0.0000000e+00
   1.1930796e+00   0.0000000e+00   0.0000000e+00   0.0000000e+00   0.0000000e+00
   1.1932849e+00   0.0000000e+00   0.0000000e+00   0.0000000e+00   0.0000000e+00
   1.1934902e+00   0.0000000e+00   0.0000000e+00   0.0000000e+00   0.0000000e+00
   1.1936958e+00   0.0000000e+00   0.0000000e+00   0.0000000e+00   0.0000000e+00
   1.1939015e+00   3.8027840e+05   1.6718615e+02   0.0000000e+00   9.9220441e-01
   1.1941074e+00   3.6847873e+05   1.6607409e+02   0.0000000e+00   9.9639612e-01
   1.1943134e+00   3.6844624e+05   1.6972731e+02   0.0000000e+00   9.9556799e-01
   1.1945196e+00   3.6808758e+05   1.6599649e+02   0.0000000e+00   9.9683335e-01
   1.1947260e+00   3.5790774e+05   1.6046699e+02   0.0000000e+00   9.9584044e-01
   1.1949325e+00   3.6076873e+05   1.6015390e+02   0.0000000e+00   1.0003816e+00
   1.1951392e+00   3.6878309e+05   1.5867803e+02   0.0000000e+00   1.0025057e+00
   1.1953460e+00   3.6130217e+05   1.6064554e+02   0.0000000e+00   1.0045661e+00
   1.1955530e+00   3.5860636e+05   1.7226373e+02   0.0000000e+00   1.0043275e+00
   1.1957602e+00   3.6322312e+05   1.6006145e+02   0.0000000e+00   1.0073654e+00
   1.1959675e+00   3.6091370e+05   1.6120778e+02   0.0000000e+00   1.0059800e+00
   1.1961750e+00   3.6150077e+05   1.6269463e+02   0.0000000e+00   1.0084572e+00
   1.1963826e+00   3.5616527e+05   1.5484423e+02   0.0000000e+00   1.0123591e+00
   1.1965905e+00   3.6225370e+05   1.5714594e+02   0.0000000e+00   1.0117752e+00
   1.1967984e+00   3.6173831e+05   1.6744548e+02   0.0000000e+00   1.0158969e+00
   1.1970065e+00   3.5009240e+05   1.5337723e+02   0.0000000e+00   1.0157659e+00
   1.1972148e+00   3.6347363e+05   1.6601165e+02   0.0000000e+00   1.0140588e+00
   1.1974233e+00   3.6334197e+05   1.6195904e+02   0.0000000e+00   1.0175513e+00
   1.1976319e+00   3.6905454e+05   1.8626649e+02   0.0000000e+00   1.0182136e+00
   1.1978406e+00   3.4989314e+05   1.6488232e+02   0.0000000e+00   1.0208594e+00
   1.1980496e+00   3.5342910e+05   1.8123925e+02   0.0000000e+00   1.0204571e+00
   1.1982586e+00   3.5924474e+05   1.9152319e+02   0.0000000e+00   1.0244653e+00
   1.1984679e+00   3.5393723e+05   1.6231452e+02   0.0000000e+00   1.0242405e+00
   1.1986773e+00   3.6529315e+05   1.8032777e+02   0.0000000e+00   1.0271396e+00
   1.1988868e+00   3.6825486e+05   1.5849042e+02   0.0000000e+00   1.0273366e+00
   1.1990965e+00   3.8286095e+05   2.1186167e+02   0.0000000e+00   1.0298380e+00
   1.1993064e+00   3.8295901e+05   2.0378294e+02   0.0000000e+00   1.0280985e+00
   1.1995164e+00   3.6611150e+05   1.6195694e+02   0.0000000e+00   1.0340316e+00
   1.1997266e+00   3.6387050e+05   1.7196657e+02   0.0000000e+00   1.0336153e+00
   1.1999369e+00   3.7423371e+05   1.6336162e+02   0.0000000e+00   1.0382348e+00
   1.2001474e+00   3.7764821e+05   1.6170343e+02   0.0000000e+00   1.0370718e+00
   1.2003580e+00   3.6548319e+05   1.5639397e+02   0.0000000e+00   1.0355658e+00
   1.2005688e+00   3.6626249e+05   1.5267993e+02   0.0000000e+00   1.0404298e+00
   1.2007797e+00   3.8715554e+05   1.7120574e+02   0.0000000e+00   1.0440566e+00
   1.2009908e+00   3.8459271e+05   1.6317913e+02   0.0000000e+00   1.0462545e+00
   1.2012021e+00   3.7081211e+05   1.4541253e+02   0.0000000e+00   1.0472052e+00
   1.2014135e+00   3.6509499e+05   1.5871704e+02   0.0000000e+00   1.0466735e+00
   1.2016251e+00   3.6064050e+05   1.4152081e+02   0.0000000e+00   1.0468326e+00
   1.2018368e+00   3.6270409e+05   1.5260923e+02   0.0000000e+00   1.0493369e+00
   1.2020486e+00   3.6474047e+05   1.5308783e+02   0.0000000e+00   1.0526246e+00
   1.2022607e+00   3.7310431e+05   1.5620410e+02   0.0000000e+00   1.0525902e+00
   1.2024728e+00   3.6954596e+05   1.5588349e+02   0.0000000e+00   1.0511444e+00
   1.2026851e+00   3.7243128e+05   1.4477817e+02   0.0000000e+00   1.0520886e+00
   1.2028976e+00   3.8145548e+05   1.4872712e+02   0.0000000e+00   1.0530748e+00
   1.2031102e+00   3.9400804e+05   1.6465512e+02   0.0000000e+00   1.0549486e+00
   1.2033230e+00   3.8610406e+05   1.5254482e+02   0.0000000e+00   1.0545903e+00
   1.2035359e+00   3.7575049e+05   1.4501789e+02   0.0000000e+00   1.0565756e+00
   1.2037490e+00   3.6574462e+05   1.4700807e+02   0.0000000e+00   1.0560461e+00
   1.2039622e+00   3.6540484e+05   1.3886386e+02   0.0000000e+00   1.0617801e+00
   1.2041756e+00   3.6848423e+05   1.3970208e+02   0.0000000e+00   1.0600064e+00
   1.2043891e+00   3.7549732e+05   1.7186478e+02   0.0000000e+00   1.0609669e+00
   1.2046028e+00   3.6745272e+05   1.3945933e+02   0.0000000e+00   1.0596951e+00
   1.2048166e+00   3.6009379e+05   1.3805993e+02   0.0000000e+00   1.0620581e+00
   1.2050306e+00   3.6465180e+05   1.3865333e+02   0.0000000e+00   1.0619300e+00
   1.2052447e+00   3.5947240e+05   1.3731032e+02   0.0000000e+00   1.0658729e+00
   1.2054590e+00   3.6939536e+05   1.4395200e+02   0.0000000e+00   1.0668080e+00
   1.2056734e+00   3.6543515e+05   1.3982047e+02   0.0000000e+00   1.0658669e+00
   1.2058879e+00   3.6524872e+05   1.4147580e+02   0.0000000e+00   1.0685214e+00
   1.2061026e+00   3.6606949e+05   1.4159463e+02   0.0000000e+00   1.0675765e+00
   1.2063175e+00   3.6913045e+05   1.3906506e+02   0.0000000e+00   1.0692647e+00
   1.2065325e+00   3.6554438e+05   1.4116265e+02   0.0000000e+00   1.0686306e+00
   1.2067476e+00   3.6400897e+05   1.3791919e+02   0.0000000e+00   1.0705426e+00
   1.2069629e+00   3.6115645e+05   1.3761201e+02   0.0000000e+00   1.0713534e+00
   1.2071784e+00   3.6743859e+05   1.3783489e+02   0.0000000e+00   1.0724900e+00
   1.2073939e+00   3.7051995e+05   1.4141830e+02   0.0000000e+00   1.0742397e+00
   1.2076097e+00   3.7135562e+05   1.4535551e+02   0.0000000e+00   1.0718207e+00
   1.2078255e+00   3.6985714e+05   1.3898212e+02   0.0000000e+00   1.0753391e+00
   1.2080415e+00   3.7334842e+05   1.4216196e+02   0.0000000e+00   1.0748593e+00
   1.2082577e+00   3.7749259e+05   1.3707945e+02   0.0000000e+00   1.0780867e+00
   1.2084740e+00   3.8143336e+05   1.4876669e+02   0.0000000e+00   1.0765633e+00
   1.2086905e+00   3.8237210e+05   1.4353187e+02   0.0000000e+00   1.0808201e+00
   1.2089070e+00   3.8360535e+05   1.4459397e+02   0.0000000e+00   1.0762336e+00
   1.2091238e+00   3.7570821e+05   1.3998970e+02   0.0000000e+00   1.0821185e+00
   1.2093407e+00   3.8392777e+05   1.4964769e+02   0.0000000e+00   1.0777959e+00
   1.2095577e+00   3.8869377e+05   1.4292998e+02   0.0000000e+00   1.0821265e+00
   1.2097748e+00   3.9264742e+05   1.4509866e+02   0.0000000e+00   1.0784026e+00
   1.2099921e+00   3.9128347e+05   1.4290117e+02   0.0000000e+00   1.0827984e+00
   1.2102096e+00   3.9440825e+05   1.4496533e+02   0.0000000e+00   1.0832757e+00
   1.2104272e+00   3.9023437e+05   1.4340450e+02   0.0000000e+00   1.0830678e+00
   1.2106449e+00   3.9234424e+05   1.4327493e+02   0.0000000e+00   1.0825067e+00
   1.2108627e+00   3.8460719e+05   1.4349998e+02   0.0000000e+00   1.0825354e+00
   1.2110808e+00   3.8835384e+05   1.4059959e+02  -4.4188954e+03   1.0899053e+00
   1.2112989e+00   3.8574592e+05   1.4177480e+02  -1.2988749e+04   1.0891521e+00
   1.2115172e+00   3.8965802e+05   1.4353542e+02  -1.6268508e+04   1.0868656e+00
   1.2117356e+00   4.0745532e+05   1.4793393e+02  -5.8069221e+03   1.0890412e+00
   1.2119542e+00   4.3223195e+05   1.5613988e+02   1.2728614e+04   1.0875452e+00
   1.2121729e+00   4.5046087e+05   1.6630628e+02   2.6883805e+04   1.0888453e+00
   1.2123917e+00   4.4687110e+05   1.6347179e+02   2.2023224e+04   1.0915140e+00
   1.2126107e+00   4.2224937e+05   1.5581549e+02  -1.0045839e+03   1.0880250e+00
   1.2128298e+00   3.8854612e+05   1.3987250e+02  -3.0726376e+04   1.0921941e+00
   1.2130491e+00   3.9490361e+05   1.4207394e+02  -1.8844499e+04   1.0928307e+00
   1.2132685e+00   4.0862311e+05   1.4623601e+02   9.7245033e+02   1.0953444e+00
   1.2134880e+00   4.0856109e+05   1.4793966e+02   6.7197557e+03   1.0917258e+00
   1.2137077e+00   4.1059282e+05   1.4843585e+02   1.3673210e+04   1.0990787e+00
   1.2139275e+00   3.9631557e+05   1.4316839e+02   3.1378145e+03   1.0944495e+00
   1.2141474e+00   3.8605133e+05   1.4078543e+02  -4.5860751e+03   1.0965117e+00
   1.2143675e+00   3.8634487e+05   1.4161652e+02  -2.7841266e+03   1.0980222e+00
   1.2145877e+00   3.9007127e+05   1.4236672e+02   1.6924924e+03   1.0989072e+00
   1.2148080e+00   3.8995378e+05   1.4333406e+02   1.8753928e+03   1.0976702e+00
   1.2150285e+00   3.8102297e+05   1.3958905e+02  -6.9131517e+03   1.1004061e+00
   1.2152491e+00   3.8867490e+05   1.4105641e+02   9.5615381e+02   1.1009809e+00
   1.2154699e+00   3.8814277e+05   1.4357207e+02   8.6268367e+02   1.1030262e+00
   1.2156908e+00   3.9136955e+05   1.4199988e+02   4.7965400e+03   1.1040468e+00
   1.2159118e+00   3.8847337e+05   1.4141811e+02   2.8305628e+03   1.1050977e+00
   1.2161330e+00   3.7801163e+05   1.3810209e+02  -6.5928210e+03   1.1040688e+00
   1.2163542e+00   3.8418036e+05   1.4075751e+02   5.7178182e+02   1.1029739e+00
   1.2165757e+00   3.8393200e+05   1.4080313e+02   1.1297497e+03   1.1036044e+00
   1.2167972e+00   3.8385446e+05   1.4056811e+02   1.5624056e+03   1.1062100e+00
   1.2170189e+00   3.7748341e+05   1.3823212e+02  -4.6384008e+03   1.1057688e+00
   1.2172407e+00   3.7978594e+05   1.3948971e+02  -2.4914371e+03   1.1057563e+00
   1.2174627e+00   3.8340417e+05   1.4107995e+02   6.9307232e+02   1.1078046e+00
   1.2176848e+00   3.8468599e+05   1.4079736e+02   1.3122603e+03   1.1080126e+00
   1.2179070e+00   3.9245899e+05   1.4373721e+02   8.2199935e+03   1.1105088e+00
   1.2181293e+00   3.8888735e+05   1.4276290e+02   3.5812619e+03   1.1134530e+00
   1.2183518e+00   3.8324051e+05   1.3952894e+02  -3.3331278e+03   1.1081068e+00
   1.2185744e+00   3.8324099e+05   1.4070682e+02  -4.7549463e+03   1.1077730e+00
   1.2187971e+00   3.8581678e+05   1.4228161e+02  -3.6252011e+03   1.1096066e+00
   1.2190200e+00   3.8338580e+05   1.4091869e+02  -7.2908161e+03   1.1092897e+00
   1.2192430e+00   3.9490551e+05   1.4694325e+02   3.5180099e+03   1.1108681e+00
   1.2194661e+00   4.0068282e+05   1.4523085e+02   9.4254222e+03   1.1147215e+00
   1.2196894e+00   3.9182661e+05   1.4177934e+02   1.7665376e+03   1.1117794e+00
   1.2199128e+00   3.8357452e+05   1.4034697e+02  -4.1801032e+03   1.1126425e+00
   1.2201363e+00   3.8162977e+05   1.3944416e+02  -2.9239416e+03   1.1140653e+00
   1.2203599e+00   3.8104268e+05   1.3973438e+02   1.0646832e+02   1.1145198e+00
   1.2205837e+00   3.8322969e+05   1.4050695e+02   5.6377861e+03   1.1163523e+00
   1.2208076e+00   3.7577329e+05   1.3919920e+02   4.6970205e+02   1.1175924e+00
   1.2210316e+00   3.7365652e+05   1.4148481e+02  -1.1307808e+03   1.1168677e+00
   1.2212558e+00   3.7801355e+05   1.3839918e+02   1.4941523e+03   1.1206617e+00
   1.2214800e+00   3.8296561e+05   1.3982834e+02   2.3811284e+03   1.1219072e+00
   1.2217044e+00   3.8593877e+05   1.3986274e+02  -6.4368298e+02   1.1189341e+00
   1.2219290e+00   3.8407923e+05   1.4053957e+02  -9.5567016e+03   1.1196533e+00
   1.2221536e+00   3.8356123e+05   1.4067508e+02  -1.6960068e+04   1.1189277e+00
   1.2223784e+00   4.0214414e+05   1.4633128e+02  -3.7723182e+03   1.1221354e+00
   1.2226033e+00   4.2657166e+05   1.5235142e+02   1.7858240e+04   1.1243970e+00
   1.2228284e+00   4.2567618e+05   1.5637566e+02   1.7369817e+04   1.1240899e+00
   1.2230535e+00   4.1600500e+05   1.5272440e+02   1.1233562e+04   1.1226045e+00
   1.2232788e+00   3.9736438e+05   1.4532343e+02  -1.5145286e+03   1.1228147e+00
   1.2235042e+00   3.8237847e+05   1.3903029e+02  -9.5413063e+03   1.1246505e+00
   1.2237297e+00   3.6994443e+05   1.3927379e+02  -1.5442940e+04   1.1251850e+00
   1.2239554e+00   3.7196106e+05   1.3798488e+02  -8.6501188e+03   1.1252425e+00
   1.2241812e+00   3.8033694e+05   1.4077097e+02   1.8892283e+03   1.1265449e+00
   1.2244071e+00   3.8457296e+05   1.4344601e+02   5.4641130e+03   1.1231605e+00
   1.2246331e+00   3.8732545e+05   1.4341666e+02   5.1638435e+03   1.1255449e+00
   1.2248592e+00   3.8820705e+05   1.4501767e+02   1.5228264e+03   1.1300439e+00
   1.2250855e+00   3.8943629e+05   1.4395123e+02  -2.0851751e+03   1.1308402e+00
   1.2253119e+00   3.9467212e+05   1.4506039e+02  -8.9520193e+02   1.1282399e+00
   1.2255384e+00   4.0524198e+05   1.4835516e+02   7.2317023e+03   1.1266857e+00
   1.2257650e+00   3.9812505e+05   1.4763306e+02  -3.6456833e+02   1.1246857e+00
   1.2259918e+00   3.9764968e+05   1.4347538e+02   5.0429875e+02   1.1296264e+00
   1.2262187e+00   3.8725303e+05   1.4334216e+02  -7.3108189e+03   1.1312328e+00
   1.2264457e+00   3.8889506e+05   1.4352339e+02  -2.7450995e+03   1.1302415e+00
   1.2266728e+00   3.9103246e+05   1.4276252e+02   1.6477181e+03   1.1274347e+00
   1.2269000e+00   3.9440335e+05   1.4366719e+02   5.6928651e+03   1.1286390e+00
   1.2271274e+00   3.9893319e+05   1.4556983e+02   8.6999340e+03   1.1352620e+00
   1.2273549e+00   3.9254159e+05   1.4452096e+02  -1.5780184e+03   1.1331658e+00
   1.2275824e+00   3.9245889e+05   1.4440795e+02  -7.5551071e+03   1.1292042e+00
   1.2278102e+00   3.9261505e+05   1.4224259e+02  -1.4456417e+04   1.1294310e+00
   1.2280380e+00   4.0125157e+05   1.4690526e+02  -1.2854041e+04   1.1340662e+00
   1.2282659e+00   4.2496144e+05   1.5375361e+02   5.1284139e+03   1.1349043e+00
   1.2284940e+00   4.5022809e+05   1.6203753e+02   2.7067035e+04   1.1362263e+00
   1.2287222e+00   4.4177344e+05   1.5960502e+02   1.8340011e+04   1.1372681e+00
   1.2289505e+00   4.1720283e+05   1.5150525e+02  -3.3642948e+03   1.1352239e+00
   1.2291789e+00   3.9511627e+05   1.4665389e+02  -1.9933689e+04   1.1335105e+00
   1.2294075e+00   4.0212252e+05   1.4622128e+02  -5.6857710e+03   1.1351207e+00
   1.2296361e+00   3.9406883e+05   1.4393124e+02  -5.9124486e+03   1.1357710e+00
   1.2298649e+00   3.9100494e+05   1.4648334e+02  -1.6743573e+03   1.1344435e+00
   1.2300938e+00   3.9435739e+05   1.4507405e+02   7.5590519e+03   1.1343202e+00
   1.2303228e+00   3.8772846e+05   1.4217885e+02   4.8086887e+03   1.1352875e+00
   1.2305519e+00   3.8153995e+05   1.4442331e+02   2.5650342e+02   1.1392155e+00
   1.2307811e+00   3.8534809e+05   1.4306987e+02   3.5321070e+03   1.1400800e+00
   1.2310105e+00   3.8730906e+05   1.4305141e+02   3.1263475e+03   1.1409342e+00
   1.2312399e+00   3.8182241e+05   1.4122794e+02  -6.0191312e+03   1.1359216e+00
   1.2314695e+00   3.8976072e+05   1.4363169e+02  -2.3451037e+03   1.1362585e+00
   1.2316992e+00   3.9226572e+05   1.4595579e+02  -3.9592411e+03   1.1390836e+00
   1.2319290e+00   3.9466510e+05   1.4642866e+02  -4.8225526e+03   1.1435749e+00
   1.2321589e+00   4.0002785e+05   1.4575679e+02  -1.3184353e+03   1.1437595e+00
   1.2323889e+00   4.1066637e+05   1.4981259e+02   9.1217059e+03   1.1430333e+00
   1.2326191e+00   4.0759953e+05   1.5033809e+02   7.3936774e+03   1.1420337e+00
   1.2328493e+00   4.0022804e+05   1.4793441e+02   2.3832223e+03   1.1413421e+00
   1.2330797e+00   3.9524302e+05   1.4628287e+02  -4.4087342e+01   1.1466227e+00
   1.2333102e+00   3.8947572e+05   1.4444371e+02  -4.0207039e+03   1.1485702e+00
   1.2335408e+00   3.9094989e+05   1.4486421e+02  -2.3928882e+03   1.1484063e+00
   1.2337715e+00   3.9478639e+05   1.4749553e+02  -5.8431521e+02   1.1431369e+00
   1.2340023e+00   3.9824444e+05   1.4860717e+02  -1.3876234e+03   1.1466222e+00
   1.2342332e+00   3.9822029e+05   1.4682166e+02  -7.4152463e+03   1.1500838e+00
   1.2344642e+00   4.0162768e+05   1.4850797e+02  -1.0811147e+04   1.1557820e+00
   1.2346954e+00   4.2086178e+05   1.5214827e+02   1.9934037e+03   1.1555239e+00
   1.2349266e+00   4.3868766e+05   1.5660233e+02   1.4881559e+04   1.1516653e+00
   1.2351580e+00   4.4201448e+05   1.5702793e+02   1.5556353e+04   1.1557292e+00
   1.2353895e+00   4.3350844e+05   1.5661675e+02   6.9775671e+03   1.1628883e+00
   1.2356211e+00   4.1467590e+05   1.5204710e+02  -9.5931065e+03   1.1624250e+00
   1.2358527e+00   4.0889205e+05   1.4923556e+02  -1.1461044e+04   1.1602248e+00
   1.2360845e+00   4.0651553e+05   1.4753436e+02  -9.1803974e+03   1.1599564e+00
   1.2363165e+00   4.1358055e+05   1.5017905e+02   2.3727573e+03   1.1594023e+00
   1.2365485e+00   4.0951239e+05   1.5072618e+02   1.9129642e+03   1.1668135e+00
   1.2367806e+00   4.0405749e+05   1.4624652e+02  -1.2164864e+03   1.1725824e+00
   1.2370128e+00   4.1014604e+05   1.4764287e+02   5.8252415e+03   1.1698337e+00
   1.2372452e+00   4.0619961e+05   1.4878681e+02   1.6154862e+03   1.1694121e+00
   1.2374776e+00   4.0798506e+05   1.4753959e+02   2.2198855e+03   1.1725729e+00
   1.2377102e+00   4.0398643e+05   1.4678266e+02  -3.5350011e+03   1.1756890e+00
   1.2379428e+00   4.1199524e+05   1.4996093e+02   2.4553013e+03   1.1802411e+00
   1.2381756e+00   4.1347033e+05   1.4935363e+02   1.9020514e+03   1.1818283e+00
   1.2384084e+00   4.0992956e+05   1.5049260e+02  -3.4807764e+03   1.1794197e+00
   1.2386414e+00   4.1307652e+05   1.5206227e+02  -1.8296064e+03   1.1786703e+00
   1.2388745e+00   4.1553231e+05   1.5244861e+02  -3.8577650e+02   1.1823209e+00
   1.2391077e+00   4.1200274e+05   1.5267117e+02  -4.3305895e+03   1.1862520e+00
   1.2393410e+00   4.1317654e+05   1.5474229e+02  -2.9133241e+03   1.1923220e+00
   1.2395744e+00   4.1973344e+05   1.5368686e+02   4.5131537e+03   1.1905195e+00
   1.2398079e+00   4.2319423e+05   1.5404694e+02   9.3069807e+03   1.1906167e+00
   1.2400415e+00   4.1647613e+05   1.5165912e+02   4.0922396e+03   1.1934701e+00
   1.2402752e+00   4.0720737e+05   1.5170678e+02  -3.8810075e+03   1.1984623e+00
   1.2405090e+00   4.0937010e+05   1.4986915e+02  -1.0082937e+03   1.2025465e+00
   1.2407429e+00   4.0235237e+05   1.4896499e+02  -8.1691858e+03   1.2012078e+00
   1.2409769e+00   4.1205893e+05   1.5492395e+02   4.8023001e+02   1.1991963e+00
   1.2412110e+00   4.1533855e+05   1.5316980e+02   1.9823438e+03   1.2082163e+00
   1.2414452e+00   4.1341504e+05   1.5273007e+02  -2.0147803e+03   1.2158718e+00
   1.2416795e+00   4.1030783e+05   1.5153565e+02  -6.9329872e+03   1.2192022e+00
   1.2419139e+00   4.1884606e+05   1.5177805e+02   5.9843344e+02   1.2178871e+00
   1.2421485e+00   4.2927739e+05   1.5869405e+02   1.1193641e+04   1.2162888e+00
   1.2423831e+00   4.2691480e+05   1.5587553e+02   1.0245977e+04   1.2214372e+00
   1.2426178e+00   4.1691783e+05   1.5732986e+02   2.6795320e+03   1.2301937e+00
   1.2428526e+00   4.0170286e+05   1.4949305e+02  -9.5811315e+03   1.2365984e+00
   1.2430875e+00   3.9846287e+05   1.4868186e+02  -9.9612503e+03   1.2371627e+00
   1.2433226e+00   4.0824166e+05   1.5334495e+02   1.9992086e+03   1.2337003e+00
   1.2435577e+00   4.0341648e+05   1.5265878e+02  -1.7253686e+03   1.2350529e+00
   1.2437929e+00   4.0105893e+05   1.4900253e+02  -4.1989339e+03   1.2430867e+00
   1.2440282e+00   4.1113127e+05   1.5057831e+02   4.6725295e+03   1.2493074e+00
   1.2442636e+00   4.1630203e+05   1.5235131e+02   7.8863034e+03   1.2526171e+00
   1.2444991e+00   4.1107623e+05   1.5253821e+02   3.7053786e+02   1.2486041e+00
   1.2447348e+00   4.1040657e+05   1.5010270e+02  -2.5118274e+03   1.2518143e+00
   1.2449705e+00   4.1351636e+05   1.5194686e+02  -1.2257454e+03   1.2607385e+00
   1.2452063e+00   4.1942762e+05   1.5596701e+02   0.0000000e+00   1.2677665e+00
   1.2454422e+00   4.1302042e+05   1.5094604e+02   0.0000000e+00   1.2699325e+00
   1.2456782e+00   4.1286576e+05   1.5051774e+02   0.0000000e+00   1.2705963e+00
   1.2459143e+00   4.1967333e+05   1.5354068e+02   0.0000000e+00   1.2735949e+00
   1.2461505e+00   4.1601149e+05   1.5158187e+02   0.0000000e+00   1.2793180e+00
   1.2463868e+00   4.1619207e+05   1.5215128e+02   0.0000000e+00   1.2851570e+00
   1.2466231e+00   4.1726419e+05   1.5044516e+02   0.0000000e+00   1.2881793e+00
   1.2468596e+00   4.2031199e+05   1.5176157e+02   0.0000000e+00   1.2864105e+00
   1.2470962e+00   4.1461832e+05   1.5069730e+02   0.0000000e+00   1.2854920e+00
   1.2473329e+00   4.1427773e+05   1.4995872e+02   0.0000000e+00   1.2927669e+00
   1.2475696e+00   4.1603901e+05   1.5072248e+02   0.0000000e+00   1.3024690e+00
   1.2478065e+00   4.1451730e+05   1.5067987e+02   0.0000000e+00   1.3036296e+00
   1.2480434e+00   4.2319555e+05   1.5274638e+02   0.0000000e+00   1.3065671e+00
   1.2482805e+00   4.3306422e+05   1.5491568e+02   0.0000000e+00   1.3047992e+00
   1.2485176e+00   4.2737727e+05   1.5304451e+02   0.0000000e+00   1.3076252e+00
   1.2487548e+00   4.1936260e+05   1.5295123e+02   0.0000000e+00   1.3177815e+00
   1.2489922e+00   4.2256126e+05   1.5250162e+02   0.0000000e+00   1.3244762e+00
   1.2492296e+00   4.2394644e+05   1.5327237e+02   0.0000000e+00   1.3262422e+00
   1.2494671e+00   4.2354111e+05   1.5528790e+02   0.0000000e+00   1.3258638e+00
   1.2497047e+00   4.2910678e+05   1.5825379e+02   0.0000000e+00   1.3281126e+00
   1.2499424e+00   4.3584100e+05   1.5848423e+02   0.0000000e+00   1.3384930e+00
   1.2501802e+00   4.3268864e+05   1.5960387e+02   0.0000000e+00   1.3405282e+00
   1.2504180e+00   4.3490430e+05   1.5703065e+02   0.0000000e+00   1.3380486e+00
   1.2506560e+00   4.3167958e+05   1.5867343e+02   0.0000000e+00   1.3358939e+00
   1.2508941e+00   4.2960727e+05   1.6544307e+02   0.0000000e+00   1.3431653e+00
   1.2511322e+00   4.2448669e+05   1.5775629e+02   0.0000000e+00   1.3496473e+00
   1.2513704e+00   4.3092848e+05   1.5939288e+02   0.0000000e+00   1.3559200e+00
   1.2516088e+00   4.3329117e+05   1.5891936e+02   0.0000000e+00   1.3544782e+00
   1.2518472e+00   4.3308600e+05   1.6032009e+02   0.0000000e+00   1.3514573e+00
   1.2520857e+00   4.2779925e+05   1.5757878e+02   0.0000000e+00   1.3510043e+00
   1.2523243e+00   4.2770751e+05   1.5700188e+02   0.0000000e+00   1.3634715e+00
   1.2525630e+00   4.3544612e+05   1.6057303e+02   0.0000000e+00   1.3698578e+00
   1.2528017e+00   4.3116669e+05   1.5877010e+02   0.0000000e+00   1.3681999e+00
   1.2530406e+00   4.2600565e+05   1.5753149e+02   0.0000000e+00   1.3673313e+00
   1.2532795e+00   4.2882666e+05   1.5948871e+02   0.0000000e+00   1.3711113e+00
   1.2535185e+00   4.3911974e+05   1.6010653e+02   0.0000000e+00   1.3765539e+00
   1.2537577e+00   4.4088962e+05   1.6183104e+02   0.0000000e+00   1.3802379e+00
   1.2539969e+00   4.3964119e+05   1.6352170e+02   0.0000000e+00   1.3814280e+00
   1.2542362e+00   4.4527928e+05   1.6424832e+02   0.0000000e+00   1.3823188e+00
   1.2544755e+00   4.3873401e+05   1.6310709e+02   0.0000000e+00   1.3849189e+00
   1.2547150e+00   4.4212802e+05   1.6208289e+02   0.0000000e+00   1.3944990e+00
   1.2549545e+00   4.4663214e+05   1.6802289e+02   0.0000000e+00   1.3974470e+00
   1.2551942e+00   4.5271735e+05   1.6364478e+02   0.0000000e+00   1.3974351e+00
   1.2554339e+00   4.5977755e+05   1.6465230e+02   0.0000000e+00   1.3944263e+00
   1.2556737e+00   4.6091858e+05   1.6619420e+02   0.0000000e+00   1.3952614e+00
   1.2559136e+00   4.5954822e+05   1.6436002e+02   0.0000000e+00   1.4071301e+00
   1.2561536e+00   4.4942769e+05   1.6136659e+02   0.0000000e+00   1.4114050e+00
   1.2563936e+00   4.6242675e+05   1.6505500e+02   0.0000000e+00   1.4103111e+00
   1.2566337e+00   4.6519316e+05   1.6461606e+02   0.0000000e+00   1.4074019e+00
   1.2568740e+00   4.6735474e+05   1.6584576e+02   0.0000000e+00   1.4085866e+00
   1.2571143e+00   4.6296988e+05   1.6412097e+02   0.0000000e+00   1.4149008e+00
   1.2573547e+00   4.6250940e+05   1.6710988e+02   0.0000000e+00   1.4205981e+00
   1.2575951e+00   4.5978672e+05   1.6559227e+02   0.0000000e+00   1.4197588e+00
   1.2578357e+00   4.6403414e+05   1.6375860e+02   0.0000000e+00   1.4153876e+00
   1.2580763e+00   4.7172222e+05   1.6873492e+02   0.0000000e+00   1.4167128e+00
   1.2583170e+00   4.7021161e+05   1.6702339e+02   0.0000000e+00   1.4184670e+00
   1.2585578e+00   4.6835926e+05   1.6601301e+02   0.0000000e+00   1.4252729e+00
   1.2587987e+00   4.7596852e+05   1.6985924e+02   0.0000000e+00   1.4215765e+00
   1.2590397e+00   4.7612446e+05   1.6958068e+02   0.0000000e+00   1.4208502e+00
   1.2592807e+00   4.6946461e+05   1.6481241e+02   0.0000000e+00   1.4257187e+00
   1.2595218e+00   4.6969711e+05   1.6681783e+02   0.0000000e+00   1.4325817e+00
   1.2597630e+00   4.6774390e+05   1.6754071e+02   0.0000000e+00   1.4334654e+00
   1.2600043e+00   4.7327444e+05   1.6735584e+02   0.0000000e+00   1.4356807e+00
   1.2602456e+00   4.7138702e+05   1.6888039e+02   0.0000000e+00   1.4379888e+00
   1.2604871e+00   4.7586407e+05   1.6931242e+02   0.0000000e+00   1.4353375e+00
   1.2607286e+00   4.8634592e+05   1.7479776e+02   0.0000000e+00   1.4394671e+00
   1.2609702e+00   4.7795577e+05   1.7107463e+02   0.0000000e+00   1.4446139e+00
   1.2612119e+00   4.8043594e+05   1.7072151e+02   0.0000000e+00   1.4466494e+00
   1.2614536e+00   4.7429897e+05   1.6978721e+02   0.0000000e+00   1.4414242e+00
   1.2616954e+00   4.8122466e+05   1.7108349e+02   0.0000000e+00   1.4446448e+00
   1.2619373e+00   4.7716600e+05   1.6960839e+02   0.0000000e+00   1.4470341e+00
   1.2621793e+00   4.7099656e+05   1.7200297e+02   0.0000000e+00   1.4511658e+00
   1.2624214e+00   4.7818241e+05   1.7274922e+02   0.0000000e+00   1.4498033e+00
   1.2626635e+00   4.7681704e+05   1.6895120e+02   0.0000000e+00   1.4465160e+00
   1.2629057e+00   4.8366431e+05   1.7246357e+02   0.0000000e+00   1.4484419e+00
   1.2631480e+00   4.8385758e+05   1.7502615e+02   0.0000000e+00   1.4474160e+00
   1.2633904e+00   4.8737099e+05   1.7794915e+02   0.0000000e+00   1.4502488e+00
   1.2636328e+00   4.8974745e+05   1.7672786e+02   0.0000000e+00   1.4483072e+00
   1.2638753e+00   4.8843856e+05   1.7619982e+02   0.0000000e+00   1.4495292e+00
   1.2641179e+00   4.9132272e+05   1.7582552e+02   0.0000000e+00   1.4511508e+00
   1.2643605e+00   4.9315697e+05   1.7436713e+02   0.0000000e+00   1.4527414e+00
   1.2646033e+00   4.9219912e+05   1.7999094e+02   0.0000000e+00   1.4550113e+00
   1.2648461e+00   4.8830667e+05   1.7600036e+02   0.0000000e+00   1.4534806e+00
   1.2650890e+00   4.8533451e+05   1.7101919e+02   0.0000000e+00   1.4559715e+00
   1.2653319e+00   4.9458488e+05   1.7595670e+02   0.0000000e+00   1.4570173e+00
   1.2655749e+00   5.0122634e+05   1.8063229e+02   0.0000000e+00   1.4585219e+00
   1.2658180e+00   5.0266297e+05   1.7883810e+02   0.0000000e+00   1.4661227e+00
   1.2660612e+00   5.0014706e+05   1.7938709e+02   0.0000000e+00   1.4626502e+00
   1.2663044e+00   5.1196475e+05   1.8064123e+02   0.0000000e+00   1.4574865e+00
   1.2665478e+00   5.1790908e+05   1.8426719e+02   0.0000000e+00   1.4532133e+00
   1.2667911e+00   5.2401937e+05   1.8588537e+02   0.0000000e+00   1.4629921e+00
   1.2670346e+00   5.2183065e+05   1.8348713e+02   0.0000000e+00   1.4717970e+00
   1.2672781e+00   5.2607644e+05   1.8761375e+02   0.0000000e+00   1.4661165e+00
   1.2675217e+00   5.1534054e+05   1.8065746e+02   0.0000000e+00   1.4612724e+00
   1.2677654e+00   5.1347835e+05   1.8352834e+02   0.0000000e+00   1.4645973e+00
   1.2680091e+00   5.2862022e+05   1.8544976e+02   0.0000000e+00   1.4683428e+00
   1.2682529e+00   5.3284204e+05   1.8696239e+02   0.0000000e+00   1.4694048e+00
   1.2684968e+00   5.3279622e+05   1.8637563e+02   0.0000000e+00   1.4689403e+00
   1.2687408e+00   5.3309403e+05   1.8684108e+02   0.0000000e+00   1.4653867e+00
   1.2689848e+00   5.3610945e+05   1.9023097e+02   0.0000000e+00   1.4603215e+00
   1.2692289e+00   5.3045555e+05   1.8736683e+02   0.0000000e+00   1.4622590e+00
   1.2694730e+00   5.3177909e+05   1.8916536e+02   0.0000000e+00   1.4678235e+00
   1.2697172e+00   5.3812015e+05   1.8785740e+02   0.0000000e+00   1.4671592e+00
   1.2699615e+00   5.3880597e+05   1.8895435e+02   0.0000000e+00   1.4657221e+00
   1.2702059e+00   5.3551690e+05   1.8618461e+02   0.0000000e+00   1.4680085e+00
   1.2704503e+00   5.2853525e+05   1.8668468e+02   0.0000000e+00   1.4727061e+00
   1.2706948e+00   5.3314760e+05   1.8762016e+02   0.0000000e+00   1.4775918e+00
   1.2709394e+00   5.3035876e+05   1.8806352e+02   0.0000000e+00   1.4780647e+00
   1.2711840e+00   5.3072425e+05   1.8585637e+02   0.0000000e+00   1.4719965e+00
   1.2714287e+00   5.3349264e+05   1.8511584e+02   0.0000000e+00   1.4702476e+00
   1.2716734e+00   5.2612840e+05   1.8440523e+02   0.0000000e+00   1.4755208e+00
   1.2719182e+00   5.3698048e+05   1.8777619e+02   0.0000000e+00   1.4798786e+00
   1.2721631e+00   5.3755840e+05   1.8824560e+02   0.0000000e+00   1.4811809e+00
   1.2724081e+00   5.4028288e+05   1.8925209e+02   0.0000000e+00   1.4721277e+00
   1.2726531e+00   5.3560447e+05   1.8572783e+02   0.0000000e+00   1.4689728e+00
   1.2728982e+00   5.3444563e+05   1.8710012e+02   0.0000000e+00   1.4749306e+00
   1.2731433e+00   5.3621484e+05   1.8865151e+02   0.0000000e+00   1.4846631e+00
   1.2733885e+00   5.3649429e+05   1.8828535e+02   0.0000000e+00   1.4802095e+00
   1.2736338e+00   5.3818925e+05   1.8732251e+02   0.0000000e+00   1.4755297e+00
   1.2738791e+00   5.4549335e+05   1.8916648e+02   0.0000000e+00   1.4739046e+00
   1.2741245e+00   5.4793208e+05   1.9160335e+02   0.0000000e+00   1.4759187e+00
   1.2743700e+00   5.4980887e+05   1.9139902e+02   0.0000000e+00   1.4826611e+00
   1.2746155e+00   5.5184434e+05   1.9065056e+02   0.0000000e+00   1.4836480e+00
   1.2748611e+00   5.4604375e+05   1.9132442e+02   0.0000000e+00   1.4784245e+00
   1.2751067e+00   5.6618005e+05   1.9782468e+02   0.0000000e+00   1.4739152e+00
   1.2753524e+00   5.6404034e+05   1.9739407e+02   0.0000000e+00   1.4782948e+00
   1.2755982e+00   5.6256808e+05   1.9790457e+02   0.0000000e+00   1.4852526e+00
   1.2758440e+00   5.5154182e+05   1.9206822e+02   0.0000000e+00   1.4867251e+00
   1.2760899e+00   5.4907205e+05   1.9216537e+02   0.0000000e+00   1.4783451e+00
   1.2763359e+00   5.7317929e+05   2.0091213e+02   0.0000000e+00   1.4748316e+00
   1.2765819e+00   5.6936732e+05   2.0184189e+02   0.0000000e+00   1.4779343e+00
   1.2768279e+00   5.5485700e+05   1.9567246e+02   0.0000000e+00   1.4805124e+00
   1.2770741e+00   5.3973291e+05   1.8753673e+02   0.0000000e+00   1.4853106e+00
   1.2773203e+00   5.5488916e+05   1.9528459e+02   0.0000000e+00   1.4755448e+00
   1.2775665e+00   5.6349852e+05   1.9567194e+02   0.0000000e+00   1.4707161e+00
   1.2778128e+00   5.5617022e+05   1.9577388e+02   0.0000000e+00   1.4706812e+00
   1.2780592e+00   5.8563035e+05   2.0679828e+02   0.0000000e+00   1.4801930e+00
   1.2783056e+00   5.9677238e+05   2.1183849e+02   0.0000000e+00   1.4812683e+00
   1.2785521e+00   5.9280032e+05   2.0797607e+02   0.0000000e+00   1.4842902e+00
   1.2787986e+00   5.6430789e+05   1.9877222e+02   0.0000000e+00   1.4770679e+00
   1.2790452e+00   5.5285955e+05   1.9361249e+02   0.0000000e+00   1.4782094e+00
   1.2792918e+00   5.5030586e+05   1.9212070e+02   0.0000000e+00   1.4877580e+00
   1.2795386e+00   5.5356009e+05   1.9223763e+02   0.0000000e+00   1.4937362e+00
   1.2797853e+00   5.6103780e+05   1.9849793e+02   0.0000000e+00   1.4840742e+00
   1.2800321e+00   5.7462872e+05   2.0373020e+02   0.0000000e+00   1.4782249e+00
   1.2802790e+00   5.7631317e+05   2.0041938e+02   0.0000000e+00   1.4809284e+00
   1.2805259e+00   6.0137741e+05   2.0901813e+02   0.0000000e+00   1.4909420e+00
   1.2807729e+00   6.1333969e+05   2.1410742e+02   0.0000000e+00   1.4910266e+00
   1.2810200e+00   6.0212397e+05   2.1097843e+02   0.0000000e+00   1.4835510e+00
   1.2812670e+00   5.7744800e+05   2.0172964e+02   0.0000000e+00   1.4764681e+00
   1.2815142e+00   5.7683272e+05   2.0080609e+02   0.0000000e+00   1.4777303e+00
   1.2817614e+00   5.7100736e+05   1.9834066e+02   0.0000000e+00   1.4869680e+00
   1.2820087e+00   5.6692230e+05   1.9815786e+02   0.0000000e+00   1.4937048e+00
   1.2822560e+00   5.8511602e+05   2.0435032e+02   0.0000000e+00   1.4894183e+00
   1.2825033e+00   5.7953868e+05   2.0330182e+02   0.0000000e+00   1.4826228e+00
   1.2827507e+00   5.7326040e+05   2.0434996e+02   0.0000000e+00   1.4777122e+00
   1.2829982e+00   5.7202268e+05   2.0001323e+02   0.0000000e+00   1.4853392e+00
   1.2832457e+00   5.8637898e+05   2.0416038e+02   0.0000000e+00   1.4908113e+00
   1.2834933e+00   5.9948769e+05   2.0915802e+02   0.0000000e+00   1.4849378e+00
   1.2837409e+00   5.9529615e+05   2.0948137e+02   0.0000000e+00   1.4786953e+00
   1.2839886e+00   5.9448309e+05   2.0704851e+02   0.0000000e+00   1.4795513e+00
   1.2842363e+00   5.9304800e+05   2.0756197e+02   0.0000000e+00   1.4904330e+00
   1.2844841e+00   5.9079142e+05   2.0567332e+02   0.0000000e+00   1.4968224e+00
   1.2847319e+00   5.9102958e+05   2.0515005e+02   0.0000000e+00   1.4945161e+00
   1.2849798e+00   5.9755391e+05   2.0833774e+02   0.0000000e+00   1.4812717e+00
   1.2852277e+00   6.0188778e+05   2.0833900e+02   0.0000000e+00   1.4787696e+00
   1.2854757e+00   6.0334014e+05   2.0968257e+02   0.0000000e+00   1.4871798e+00
   1.2857237e+00   5.9743479e+05   2.1116468e+02   0.0000000e+00   1.4917458e+00
   1.2859718e+00   6.0190946e+05   2.1237877e+02   0.0000000e+00   1.4959269e+00
   1.2862199e+00   6.0830472e+05   2.1158271e+02   0.0000000e+00   1.4855016e+00
   1.2864681e+00   6.0585594e+05   2.1162874e+02   0.0000000e+00   1.4801305e+00
   1.2867163e+00   6.1329055e+05   2.1227050e+02   0.0000000e+00   1.4905990e+00
   1.2869646e+00   6.1206872e+05   2.1359710e+02   0.0000000e+00   1.4992117e+00
   1.2872129e+00   6.1991259e+05   2.1632756e+02   0.0000000e+00   1.4974578e+00
   1.2874613e+00   6.3359559e+05   2.1994762e+02   0.0000000e+00   1.4931146e+00
   1.2877097e+00   6.1841485e+05   2.1706581e+02   0.0000000e+00   1.4776482e+00
   1.2879581e+00   6.1785999e+05   2.1709939e+02   0.0000000e+00   1.4871927e+00
   1.2882066e+00   6.1615559e+05   2.1582167e+02   0.0000000e+00   1.4978574e+00
   1.2884552e+00   6.1790580e+05   2.1471426e+02   0.0000000e+00   1.4989426e+00
   1.2887038e+00   6.2233376e+05   2.1637843e+02   0.0000000e+00   1.4927693e+00
   1.2889524e+00   6.1937195e+05   2.1649129e+02   0.0000000e+00   1.4888730e+00
   1.2892011e+00   6.2967160e+05   2.2053280e+02   0.0000000e+00   1.4932547e+00
   1.2894498e+00   6.3084221e+05   2.1921541e+02   0.0000000e+00   1.5010390e+00
   1.2896986e+00   6.2103968e+05   2.1659383e+02   0.0000000e+00   1.5043914e+00
   1.2899474e+00   6.4224469e+05   2.2297346e+02   0.0000000e+00   1.4924669e+00
   1.2901963e+00   6.6618539e+05   2.3171205e+02   0.0000000e+00   1.4837102e+00
   1.2904452e+00   7.3681481e+05   2.5401478e+02   0.0000000e+00   1.4946915e+00
   1.2906941e+00   7.4035368e+05   2.5536130e+02   0.0000000e+00   1.5017763e+00
   1.2909431e+00   7.0854050e+05   2.4535573e+02   0.0000000e+00   1.5035336e+00
   1.2911922e+00   6.4605257e+05   2.2485416e+02   0.0000000e+00   1.4914344e+00
   1.2914413e+00   6.4244764e+05   2.2274513e+02   0.0000000e+00   1.4856857e+00
   1.2916904e+00   6.5153914e+05   2.2693013e+02   0.0000000e+00   1.4888368e+00
   1.2919395e+00   6.7302116e+05   2.3737828e+02   0.0000000e+00   1.4946224e+00
   1.2921887e+00   6.7870876e+05   2.3971097e+02   0.0000000e+00   1.4999106e+00
   1.2924380e+00   6.6838137e+05   2.3406141e+02   0.0000000e+00   1.4950729e+00
   1.2926873e+00   6.5636247e+05   2.3369329e+02   0.0000000e+00   1.4906374e+00
   1.2929366e+00   6.4395370e+05   2.2523772e+02   0.0000000e+00   1.4919957e+00
   1.2931860e+00   6.5116891e+05   2.3091253e+02   0.0000000e+00   1.5002875e+00
   1.2934354e+00   6.5820624e+05   2.2891941e+02   0.0000000e+00   1.5058104e+00
   1.2936849e+00   6.5873787e+05   2.3190341e+02   0.0000000e+00   1.4946487e+00
   1.2939343e+00   6.6475609e+05   2.3401412e+02   0.0000000e+00   1.4916861e+00
   1.2941839e+00   6.7374751e+05   2.3614204e+02   0.0000000e+00   1.4883958e+00
   1.2944335e+00   6.8020770e+05   2.3556798e+02   0.0000000e+00   1.5017621e+00
   1.2946831e+00   6.8451449e+05   2.3609624e+02   0.0000000e+00   1.5067421e+00
   1.2949327e+00   6.8431290e+05   2.3655103e+02   0.0000000e+00   1.5040327e+00
   1.2951824e+00   6.8765719e+05   2.3724374e+02   0.0000000e+00   1.4942536e+00
   1.2954321e+00   6.9461458e+05   2.3757686e+02   0.0000000e+00   1.4953488e+00
   1.2956819e+00   6.9977001e+05   2.3949440e+02   0.0000000e+00   1.5065305e+00
   1.2959317e+00   6.9717112e+05   2.3958437e+02   0.0000000e+00   1.5139349e+00
   1.2961815e+00   6.8215637e+05   2.3593220e+02   0.0000000e+00   1.5061849e+00
   1.2964314e+00   6.8581811e+05   2.3767284e+02   0.0000000e+00   1.4993580e+00
   1.2966813e+00   6.9278985e+05   2.4016198e+02   0.0000000e+00   1.4980395e+00
   1.2969313e+00   7.0093579e+05   2.4135867e+02   0.0000000e+00   1.5057732e+00
   1.2971812e+00   6.9929376e+05   2.4019651e+02   0.0000000e+00   1.5113491e+00
   1.2974313e+00   7.0269949e+05   2.4150669e+02   0.0000000e+00   1.5110455e+00
   1.2976813e+00   7.0762316e+05   2.4848310e+02   0.0000000e+00   1.4964926e+00
   1.2979314e+00   7.1697998e+05   2.4553976e+02   0.0000000e+00   1.4987704e+00
   1.2981815e+00   7.1573241e+05   2.4502095e+02   0.0000000e+00   1.5056277e+00
   1.2984317e+00   7.3365713e+05   2.5371897e+02   0.0000000e+00   1.5126353e+00
   1.2986819e+00   7.3927123e+05   2.5373739e+02   0.0000000e+00   1.5136774e+00
   1.2989321e+00   7.2387126e+05   2.4923469e+02   0.0000000e+00   1.5063214e+00
   1.2991824e+00   7.1468038e+05   2.4641485e+02   0.0000000e+00   1.5054867e+00
   1.2994327e+00   7.1793401e+05   2.4689559e+02   0.0000000e+00   1.5099512e+00
   1.2996830e+00   7.1052194e+05   2.4650792e+02   0.0000000e+00   1.5147299e+00
   1.2999334e+00   7.2028276e+05   2.4990808e+02   0.0000000e+00   1.5135165e+00
   1.3001838e+00   7.1975294e+05   2.4980944e+02   0.0000000e+00   1.5089780e+00
   1.3004342e+00   7.2460433e+05   2.5122171e+02   0.0000000e+00   1.5078706e+00
   1.3006847e+00   7.3159313e+05   2.5240494e+02   0.0000000e+00   1.5114615e+00
   1.3009352e+00   7.3440054e+05   2.5223098e+02   0.0000000e+00   1.5168386e+00
   1.3011857e+00   7.3902876e+05   2.5427313e+02   0.0000000e+00   1.5183464e+00
   1.3014362e+00   7.4367443e+05   2.5588777e+02   0.0000000e+00   1.5096565e+00
   1.3016868e+00   7.6838917e+05   2.6457426e+02   0.0000000e+00   1.5057057e+00
   1.3019374e+00   8.1220854e+05   2.7987470e+02   0.0000000e+00   1.5107157e+00
   1.3021881e+00   8.2192312e+05   2.8277788e+02   0.0000000e+00   1.5132265e+00
   1.3024388e+00   8.0237403e+05   2.8179278e+02   0.0000000e+00   1.5093939e+00
   1.3026895e+00   7.7141093e+05   2.6750032e+02   0.0000000e+00   1.5083896e+00
   1.3029402e+00   7.6650691e+05   2.6377739e+02   0.0000000e+00   1.5057206e+00
   1.3031910e+00   7.6101048e+05   2.6281032e+02   0.0000000e+00   1.5073270e+00
   1.3034418e+00   7.6214675e+05   2.6108839e+02   0.0000000e+00   1.5107968e+00
   1.3036926e+00   7.7549577e+05   2.6751129e+02   0.0000000e+00   1.5040095e+00
   1.3039434e+00   7.7308783e+05   2.6837251e+02   0.0000000e+00   1.4983180e+00
   1.3041943e+00   7.7454276e+05   2.6608065e+02   0.0000000e+00   1.5000454e+00
   1.3044452e+00   7.8536678e+05   2.7038018e+02   0.0000000e+00   1.5004559e+00
   1.3046962e+00   7.9309128e+05   2.6948545e+02   0.0000000e+00   1.5019557e+00
   1.3049471e+00   8.1227966e+05   2.7964457e+02   0.0000000e+00   1.4973467e+00
   1.3051981e+00   8.3032591e+05   2.8492204e+02   0.0000000e+00   1.4892133e+00
   1.3054491e+00   8.2291398e+05   2.7912112e+02   0.0000000e+00   1.4897107e+00
   1.3057002e+00   8.1429536e+05   2.7982517e+02   0.0000000e+00   1.4869833e+00
   1.3059512e+00   8.1725389e+05   2.8075648e+02   0.0000000e+00   1.4875937e+00
   1.3062023e+00   8.2233077e+05   2.8035570e+02   0.0000000e+00   1.4823491e+00
   1.3064534e+00   8.1826335e+05   2.7920578e+02   0.0000000e+00   1.4812254e+00
   1.3067046e+00   8.2466991e+05   2.7892066e+02   0.0000000e+00   1.4779118e+00
   1.3069558e+00   8.3431502e+05   2.8253777e+02   0.0000000e+00   1.4725966e+00
   1.3072070e+00   8.4234300e+05   2.8771127e+02   0.0000000e+00   1.4678911e+00
   1.3074582e+00   8.4775942e+05   2.8895114e+02   0.0000000e+00   1.4640823e+00
   1.3077094e+00   8.5877471e+05   2.9230931e+02   0.0000000e+00   1.4609397e+00
   1.3079607e+00   1.0517678e+06   3.1501801e+02   0.0000000e+00   1.4077217e+00
   1.3082120e+00   8.6361904e+05   3.3918952e+02   0.0000000e+00   1.4539267e+00
   1.3084633e+00   8.2764667e+05   3.2276366e+02   0.0000000e+00   1.4660502e+00
   1.3087146e+00   7.4091326e+05   3.1594004e+02   0.0000000e+00   1.4684084e+00
   1.3089660e+00   6.5361047e+05   2.9898976e+02   0.0000000e+00   1.4674675e+00
   1.3092174e+00   6.1314682e+05   2.9157969e+02   0.0000000e+00   1.4680206e+00
   1.3094688e+00   5.8029484e+05   2.9171240e+02   0.0000000e+00   1.4653837e+00
   1.3097202e+00   5.4996533e+05   2.7392938e+02   0.0000000e+00   1.4552296e+00
   1.3099716e+00   5.1683323e+05   2.6446736e+02   0.0000000e+00   1.4475133e+00
   1.3102231e+00   4.8867272e+05   2.5733470e+02   0.0000000e+00   1.4367824e+00
   1.3104746e+00   4.5302926e+05   2.4483636e+02   0.0000000e+00   1.4332997e+00
   1.3107261e+00   4.3318100e+05   2.2334867e+02   0.0000000e+00   1.4312140e+00
   1.3109776e+00   4.1067556e+05   2.0234375e+02   0.0000000e+00   1.4261338e+00
   1.3112292e+00   4.0351395e+05   1.8843446e+02   0.0000000e+00   1.4297385e+00
   1.3114808e+00   3.8845448e+05   1.7030760e+02   0.0000000e+00   1.4475516e+00
   1.3117323e+00   3.7749259e+05   1.5582312e+02   0.0000000e+00   1.4482275e+00
   1.3119840e+00   3.7430944e+05   1.4273065e+02   0.0000000e+00   1.4537591e+00
   1.3122356e+00   3.9190908e+05   1.4362314e+02   0.0000000e+00   1.4671418e+00
   1.3124872e+00   4.0419426e+05   1.4520077e+02   0.0000000e+00   1.4659362e+00
   1.3127389e+00   4.0730358e+05   1.4729184e+02   0.0000000e+00   1.4636067e+00
   1.3129906e+00   3.8688610e+05   1.4086255e+02   0.0000000e+00   1.4619386e+00
   1.3132423e+00   3.7468000e+05   1.3851385e+02   0.0000000e+00   1.4614955e+00
   1.3134940e+00   3.7834415e+05   1.3952835e+02   0.0000000e+00   1.4575858e+00
   1.3137457e+00   3.8594548e+05   1.3896372e+02   0.0000000e+00   1.4517929e+00
   1.3139975e+00   3.7596152e+05   1.3757637e+02   0.0000000e+00   1.4400124e+00
   1.3142492e+00   3.8612935e+05   1.4016919e+02   0.0000000e+00   1.4420321e+00
   1.3145010e+00   3.7776779e+05   1.3917768e+02   0.0000000e+00   1.4442172e+00
   1.3147528e+00   3.8040054e+05   1.3878227e+02   0.0000000e+00   1.4332566e+00
   1.3150046e+00   3.9963382e+05   1.4605430e+02   0.0000000e+00   1.4269643e+00
   1.3152565e+00   4.2265226e+05   1.5443951e+02   0.0000000e+00   1.4185065e+00
   1.3155083e+00   4.2165310e+05   1.5311436e+02   0.0000000e+00   1.4252146e+00
   1.3157602e+00   4.0314409e+05   1.4767408e+02   0.0000000e+00   1.4247865e+00
   1.3160121e+00   3.8732739e+05   1.3972058e+02   0.0000000e+00   1.4191733e+00
   1.3162640e+00   3.9081864e+05   1.4170835e+02   0.0000000e+00   1.4129475e+00
   1.3165159e+00   3.9174264e+05   1.4030358e+02   0.0000000e+00   1.4070474e+00
   1.3167678e+00   3.8822543e+05   1.4161637e+02   0.0000000e+00   1.4060059e+00
   1.3170197e+00   3.8428149e+05   1.5179621e+02   0.0000000e+00   1.4095694e+00
   1.3172717e+00   3.8053731e+05   1.4031223e+02   0.0000000e+00   1.4084641e+00
   1.3175236e+00   3.8531114e+05   1.4395186e+02   0.0000000e+00   1.4006079e+00
   1.3177756e+00   3.8589032e+05   1.4015361e+02   0.0000000e+00   1.3913548e+00
   1.3180276e+00   3.8323511e+05   1.3922439e+02   0.0000000e+00   1.3918663e+00
   1.3182796e+00   3.8182464e+05   1.3731071e+02   0.0000000e+00   1.3956932e+00
   1.3185316e+00   3.7249311e+05   1.3818428e+02   0.0000000e+00   1.3950004e+00
   1.3187836e+00   3.8019827e+05   1.4028447e+02   0.0000000e+00   1.3899187e+00
   1.3190356e+00   3.6918153e+05   1.3416606e+02   0.0000000e+00   1.3826653e+00
   1.3192877e+00   3.7595147e+05   1.3656580e+02   0.0000000e+00   1.3837835e+00
   1.3195397e+00   3.6551852e+05   1.3493714e+02   0.0000000e+00   1.3912360e+00
   1.3197918e+00   3.7810720e+05   1.3703721e+02   0.0000000e+00   1.3922723e+00
   1.3200438e+00   3.7240022e+05   1.3418641e+02   0.0000000e+00   1.3867109e+00
   1.3202959e+00   3.7422713e+05   1.3487818e+02   0.0000000e+00   1.3796843e+00
   1.3205480e+00   3.9410830e+05   1.4340934e+02   0.0000000e+00   1.3823506e+00
   1.3208001e+00   3.8572108e+05   1.3910723e+02   0.0000000e+00   1.3906081e+00
   1.3210522e+00   3.7995086e+05   1.3876264e+02   0.0000000e+00   1.3946946e+00
   1.3213043e+00   3.6984201e+05   1.3529449e+02   0.0000000e+00   1.3883127e+00
   1.3215565e+00   3.6573844e+05   1.3338002e+02   0.0000000e+00   1.3791731e+00
   1.3218086e+00   3.6287942e+05   1.3313971e+02   0.0000000e+00   1.3809439e+00
   1.3220607e+00   3.6075122e+05   1.3309101e+02   0.0000000e+00   1.3885632e+00
   1.3223129e+00   3.5868264e+05   1.3262186e+02   0.0000000e+00   1.3981477e+00
   1.3225650e+00   3.6409422e+05   1.3507603e+02   0.0000000e+00   1.3895326e+00
   1.3228172e+00   3.9110899e+05   1.4244551e+02   0.0000000e+00   1.3779779e+00
   1.3230694e+00   3.9611390e+05   1.4350873e+02   0.0000000e+00   1.3813588e+00
   1.3233215e+00   3.8400567e+05   1.3989643e+02   0.0000000e+00   1.3909183e+00
   1.3235737e+00   3.7323615e+05   1.3697402e+02   0.0000000e+00   1.3962601e+00
   1.3238259e+00   3.6984201e+05   1.3630221e+02   0.0000000e+00   1.3925816e+00
   1.3240781e+00   3.6351307e+05   1.3359254e+02   0.0000000e+00   1.3802121e+00
   1.3243303e+00   3.6199782e+05   1.3252540e+02   0.0000000e+00   1.3781347e+00
   1.3245825e+00   3.6186232e+05   1.3375615e+02   0.0000000e+00   1.3816546e+00
   1.3248347e+00   3.6295277e+05   1.3291177e+02   0.0000000e+00   1.3865268e+00
   1.3250869e+00   3.6930333e+05   1.3390490e+02   0.0000000e+00   1.3820222e+00
   1.3253391e+00   3.6966782e+05   1.3629534e+02   0.0000000e+00   1.3656880e+00
   1.3255914e+00   3.7141058e+05   1.3736101e+02   0.0000000e+00   1.3544726e+00
   1.3258436e+00   3.7585547e+05   1.3801056e+02   0.0000000e+00   1.3533529e+00
   1.3260958e+00   3.7197161e+05   1.3645377e+02   0.0000000e+00   1.3545631e+00
   1.3263480e+00   3.7824314e+05   1.3862795e+02   0.0000000e+00   1.3414313e+00
   1.3266003e+00   3.7854752e+05   1.3778560e+02   0.0000000e+00   1.3185762e+00
   1.3268525e+00   3.7279583e+05   1.3659057e+02   0.0000000e+00   1.3032099e+00
   1.3271047e+00   3.7771969e+05   1.3834056e+02   0.0000000e+00   1.2949434e+00
   1.3273570e+00   3.7135566e+05   1.3462093e+02   0.0000000e+00   1.2876708e+00
   1.3276092e+00   3.7007135e+05   1.3555528e+02   0.0000000e+00   1.2715366e+00
   1.3278614e+00   3.7257702e+05   1.3690735e+02   0.0000000e+00   1.2400956e+00
   1.3281137e+00   3.7456629e+05   1.3706313e+02   0.0000000e+00   1.2122997e+00
   1.3283659e+00   3.7089695e+05   1.3436535e+02   0.0000000e+00   1.1978800e+00
   1.3286182e+00   3.7644128e+05   1.3606464e+02   0.0000000e+00   1.1833421e+00
   1.3288704e+00   3.7644128e+05   1.3604658e+02   0.0000000e+00   1.1602483e+00
   1.3291226e+00   3.7183263e+05   1.3485443e+02   0.0000000e+00   1.1227342e+00
   1.3293749e+00   3.7412285e+05   1.3626840e+02   0.0000000e+00   1.0867515e+00
   1.3296271e+00   3.7619915e+05   1.3651500e+02   0.0000000e+00   1.0632545e+00
   1.3298794e+00   3.7546996e+05   1.3586199e+02   0.0000000e+00   1.0423353e+00
   1.3301316e+00   3.7680781e+05   1.3618243e+02   0.0000000e+00   1.0131744e+00
   1.3303838e+00   3.7485601e+05   1.3446899e+02   0.0000000e+00   9.7358626e-01
   1.3306361e+00   3.7565792e+05   1.3537095e+02   0.0000000e+00   9.3612013e-01
   1.3308883e+00   3.6962372e+05   1.3358682e+02   0.0000000e+00   9.0288906e-01
   1.3311405e+00   3.8135629e+05   1.3855604e+02   0.0000000e+00   8.7988594e-01
   1.3313927e+00   3.8164812e+05   1.3855027e+02   0.0000000e+00   8.4952425e-01
   1.3316450e+00   3.8450103e+05   1.3994771e+02   0.0000000e+00   8.1329796e-01
   1.3318972e+00   3.8828962e+05   1.4000560e+02   0.0000000e+00   7.7571550e-01
   1.3321494e+00   3.8085803e+05   1.3750324e+02   0.0000000e+00   7.4263726e-01
   1.3324016e+00   3.7776560e+05   1.3674394e+02   0.0000000e+00   7.2022541e-01
   1.3326538e+00   3.8166139e+05   1.3845084e+02   0.0000000e+00   6.9371564e-01
   1.3329060e+00   3.8707874e+05   1.4174097e+02   0.0000000e+00   6.6081433e-01
   1.3331582e+00   3.7984090e+05   1.3748965e+02   0.0000000e+00   6.3151693e-01
   1.3334104e+00   3.7168548e+05   1.3507643e+02   0.0000000e+00   6.0170397e-01
   1.3336626e+00   3.7610223e+05   1.3574864e+02   0.0000000e+00   5.7975674e-01
   1.3339148e+00   3.7606558e+05   1.3645911e+02   0.0000000e+00   5.5992260e-01
   1.3341669e+00   3.8074100e+05   1.3793714e+02   0.0000000e+00   5.3556658e-01
   1.3344191e+00   3.7442287e+05   1.3700826e+02   0.0000000e+00   5.0973706e-01
   1.3346713e+00   3.8068491e+05   1.3606527e+02   0.0000000e+00   4.8469041e-01
   1.3349234e+00   3.7966679e+05   1.3808452e+02   0.0000000e+00   4.6639204e-01
   1.3351756e+00   3.8179489e+05   1.3708460e+02   0.0000000e+00   4.5150913e-01
   1.3354277e+00   3.8351948e+05   1.3721317e+02   0.0000000e+00   4.3331709e-01
   1.3356798e+00   3.7794927e+05   1.3644761e+02   0.0000000e+00   4.1386898e-01
   1.3359320e+00   3.8073995e+05   1.3957586e+02   0.0000000e+00   3.9679387e-01
   1.3361841e+00   3.8647140e+05   1.4079958e+02   0.0000000e+00   3.8223456e-01
   1.3364362e+00   3.7952934e+05   1.3701448e+02   0.0000000e+00   3.7149183e-01
   1.3366883e+00   3.8239116e+05   1.3838597e+02   0.0000000e+00   3.5864942e-01
   1.3369404e+00   3.8588367e+05   1.3809419e+02   0.0000000e+00   3.4191629e-01
   1.3371924e+00   3.9447690e+05   1.4151906e+02   0.0000000e+00   3.2925255e-01
   1.3374445e+00   3.9298120e+05   1.4092808e+02   0.0000000e+00   3.1896701e-01
   1.3376966e+00   3.9177406e+05   1.3941861e+02   0.0000000e+00   3.1031499e-01
   1.3379486e+00   3.8811522e+05   1.4055432e+02   0.0000000e+00   3.0197893e-01
   1.3382006e+00   3.9136379e+05   1.3919246e+02   0.0000000e+00   2.8962840e-01
   1.3384527e+00   3.8958455e+05   1.4245326e+02   0.0000000e+00   2.8174540e-01
   1.3387047e+00   3.8624611e+05   1.4042075e+02   0.0000000e+00   2.7373515e-01
   1.3389567e+00   3.8524730e+05   1.3909260e+02   0.0000000e+00   2.6531410e-01
   1.3392087e+00   3.8511227e+05   1.3769863e+02   0.0000000e+00   2.5907317e-01
   1.3394607e+00   3.9371107e+05   1.4240209e+02   0.0000000e+00   2.5314270e-01
   1.3397126e+00   3.8493574e+05   1.3868019e+02   0.0000000e+00   2.4465473e-01
   1.3399646e+00   3.8096399e+05   1.3832319e+02   0.0000000e+00   2.4034019e-01
   1.3402165e+00   3.8565687e+05   1.3915920e+02   0.0000000e+00   2.3414764e-01
   1.3404685e+00   3.8281313e+05   1.3731783e+02   0.0000000e+00   2.2881158e-01
   1.3407204e+00   3.8036321e+05   1.3589079e+02   0.0000000e+00   2.2314575e-01
   1.3409723e+00   3.7653856e+05   1.3700635e+02   0.0000000e+00   2.1943907e-01
   1.3412242e+00   3.8507895e+05   1.3681244e+02   0.0000000e+00   2.1349779e-01
   1.3414760e+00   3.8850185e+05   1.3711745e+02   0.0000000e+00   2.0973333e-01
   1.3417279e+00   3.7953825e+05   1.3608804e+02   0.0000000e+00   2.0683505e-01
   1.3419797e+00   3.8577347e+05   1.3829183e+02   0.0000000e+00   2.0180648e-01
   1.3422316e+00   3.8679437e+05   1.4063225e+02   0.0000000e+00   1.9948106e-01
   1.3424834e+00   3.8850978e+05   1.4044108e+02   0.0000000e+00   1.9576808e-01
   1.3427352e+00   3.9048205e+05   1.4057371e+02   0.0000000e+00   1.9231461e-01
   1.3429870e+00   3.8896845e+05   1.4129319e+02   0.0000000e+00   1.8965727e-01
   1.3432387e+00   3.9402297e+05   1.4454269e+02   0.0000000e+00   1.8741274e-01
   1.3434905e+00   3.8430839e+05   1.3971022e+02   0.0000000e+00   1.8609269e-01
   1.3437422e+00   3.8865656e+05   1.4034986e+02   0.0000000e+00   1.8284286e-01
   1.3439939e+00   3.8681271e+05   1.4103895e+02   0.0000000e+00   1.7967754e-01
   1.3442456e+00   3.7962098e+05   1.3653459e+02   0.0000000e+00   1.7741948e-01
   1.3444973e+00   3.9360685e+05   1.4252388e+02   0.0000000e+00   1.7714402e-01
   1.3447489e+00   3.8892258e+05   1.3961665e+02   0.0000000e+00   1.7406268e-01
   1.3450006e+00   3.8728872e+05   1.3998418e+02   0.0000000e+00   1.7354003e-01
   1.3452522e+00   3.8236364e+05   1.3770519e+02   0.0000000e+00   1.6940702e-01
   1.3455038e+00   3.8239748e+05   1.3888999e+02   0.0000000e+00   1.6894968e-01
   1.3457554e+00   3.8323887e+05   1.4004580e+02   0.0000000e+00   1.6827498e-01
   1.3460070e+00   3.8209509e+05   1.3703652e+02   0.0000000e+00   1.6461231e-01
   1.3462585e+00   3.8277318e+05   1.3796993e+02   0.0000000e+00   1.6313251e-01
   1.3465100e+00   3.9362522e+05   1.4092266e+02   0.0000000e+00   1.6158724e-01
   1.3467615e+00   3.9127762e+05   1.3962365e+02   0.0000000e+00   1.6054766e-01
   1.3470130e+00   3.9744463e+05   1.4291592e+02   0.0000000e+00   1.6004628e-01
   1.3472645e+00   3.8359702e+05   1.3980918e+02   0.0000000e+00   1.6161669e-01
   1.3475159e+00   3.8922640e+05   1.3943422e+02   0.0000000e+00   1.5887306e-01
   1.3477673e+00   3.8338713e+05   1.3879434e+02   0.0000000e+00   1.5845375e-01
   1.3480187e+00   3.8499289e+05   1.3781566e+02   0.0000000e+00   1.5759459e-01
   1.3482701e+00   3.8496887e+05   1.4109199e+02   0.0000000e+00   1.5935953e-01
   1.3485215e+00   3.8592959e+05   1.3851873e+02   0.0000000e+00   1.5409807e-01
   1.3487728e+00   3.7681698e+05   1.3686446e+02   0.0000000e+00   1.5375668e-01
   1.3490241e+00   3.7665204e+05   1.3682986e+02   0.0000000e+00   1.5232170e-01
   1.3492754e+00   3.7673707e+05   1.3833229e+02   0.0000000e+00   1.5366277e-01
   1.3495266e+00   3.7840075e+05   1.3619320e+02   0.0000000e+00   1.5215367e-01
   1.3497779e+00   3.8112670e+05   1.3833928e+02   0.0000000e+00   1.5125444e-01
   1.3500291e+00   3.7815307e+05   1.3730452e+02   0.0000000e+00   1.5037733e-01
   1.3502803e+00   3.8516483e+05   1.3998384e+02   0.0000000e+00   1.4986114e-01
   1.3505314e+00   3.8697649e+05   1.3990386e+02   0.0000000e+00   1.4812202e-01
   1.3507826e+00   3.7409545e+05   1.3529007e+02   0.0000000e+00   1.4850547e-01
   1.3510337e+00   3.8060235e+05   1.3886255e+02   0.0000000e+00   1.4875250e-01
   1.3512848e+00   3.8049150e+05   1.3651060e+02   0.0000000e+00   1.4658471e-01
   1.3515358e+00   3.8326263e+05   1.3757456e+02   0.0000000e+00   1.4580780e-01
   1.3517869e+00   3.8047393e+05   1.3680226e+02   0.0000000e+00   1.4532996e-01
   1.3520379e+00   3.8206340e+05   1.3695530e+02   0.0000000e+00   1.4561874e-01
   1.3522889e+00   3.8927919e+05   1.4224966e+02   0.0000000e+00   1.4421549e-01
   1.3525398e+00   3.9185698e+05   1.3972021e+02   0.0000000e+00   1.4412632e-01
   1.3527908e+00   3.9597094e+05   1.4139377e+02   0.0000000e+00   1.4388254e-01
   1.3530417e+00   3.9099879e+05   1.4162697e+02   0.0000000e+00   1.4333172e-01
   1.3532925e+00   3.7862217e+05   1.4103632e+02   0.0000000e+00   1.4952548e-01
   1.3535434e+00   3.9539897e+05   1.4537911e+02   0.0000000e+00   1.4526382e-01
   1.3537942e+00   3.9379052e+05   1.4220565e+02   0.0000000e+00   1.4230337e-01
   1.3540450e+00   3.9857002e+05   1.4388375e+02   0.0000000e+00   1.4106149e-01
   1.3542957e+00   3.9992499e+05   1.4289174e+02   0.0000000e+00   1.4096860e-01
   1.3545465e+00   3.9902244e+05   1.4269839e+02   0.0000000e+00   1.3963948e-01
   1.3547972e+00   3.9482304e+05   1.4158086e+02   0.0000000e+00   1.3893996e-01
   1.3550478e+00   3.9056206e+05   1.3990077e+02   0.0000000e+00   1.3847504e-01
   1.3552985e+00   3.9591268e+05   1.4329117e+02   0.0000000e+00   1.3892248e-01
   1.3555491e+00   3.9639914e+05   1.4582220e+02   0.0000000e+00   1.4121830e-01
   1.3557997e+00   3.9103856e+05   1.4027439e+02   0.0000000e+00   1.3752941e-01
   1.3560502e+00   3.9170590e+05   1.4052092e+02   0.0000000e+00   1.3708641e-01
   1.3563007e+00   3.8708791e+05   1.4176500e+02   0.0000000e+00   1.3855278e-01
   1.3565512e+00   3.8554969e+05   1.3943259e+02   0.0000000e+00   1.3644215e-01
   1.3568017e+00   3.9076920e+05   1.4206449e+02   0.0000000e+00   1.3696905e-01
   1.3570521e+00   3.9443335e+05   1.4088151e+02   0.0000000e+00   1.3565671e-01
   1.3573025e+00   3.9843197e+05   1.4256378e+02   0.0000000e+00   1.3605785e-01
   1.3575528e+00   3.9648066e+05   1.4206203e+02   0.0000000e+00   1.3588985e-01
   1.3578031e+00   3.9884851e+05   1.4200779e+02   0.0000000e+00   1.3500456e-01
   1.3580534e+00   4.0205882e+05   1.4468748e+02   0.0000000e+00   1.3547382e-01
   1.3583037e+00   3.9069035e+05   1.4061474e+02   0.0000000e+00   1.3404870e-01
   1.3585539e+00   3.8981414e+05   1.4135859e+02   0.0000000e+00   1.3605121e-01
   1.3588041e+00   3.9582832e+05   1.4381499e+02   0.0000000e+00   1.3430003e-01
   1.3590542e+00   3.9470673e+05   1.4264047e+02   0.0000000e+00   1.3491765e-01
   1.3593044e+00   3.9006008e+05   1.4332421e+02   0.0000000e+00   1.3688954e-01
   1.3595544e+00   3.9447246e+05   1.4380350e+02   0.0000000e+00   1.3348593e-01
   1.3598045e+00   3.9365542e+05   1.4344361e+02   0.0000000e+00   1.3645644e-01
   1.3600545e+00   3.9537005e+05   1.4543501e+02   0.0000000e+00   1.3537982e-01
   1.3603045e+00   3.9687588e+05   1.4333872e+02   0.0000000e+00   1.3267867e-01
   1.3605544e+00   4.0010115e+05   1.4489322e+02   0.0000000e+00   1.3370864e-01
   1.3608043e+00   3.9717803e+05   1.4259557e+02   0.0000000e+00   1.3185623e-01
   1.3610542e+00   3.9567310e+05   1.4225625e+02   0.0000000e+00   1.3259890e-01
   1.3613040e+00   3.8838136e+05   1.4138392e+02   0.0000000e+00   1.3403691e-01
   1.3615538e+00   3.9524607e+05   1.4230137e+02   0.0000000e+00   1.3191306e-01
   1.3618035e+00   3.9030776e+05   1.4182837e+02   0.0000000e+00   1.3331137e-01
   1.3620533e+00   3.9592945e+05   1.4476888e+02   0.0000000e+00   1.3395604e-01
   1.3623029e+00   3.9354498e+05   1.4124244e+02   0.0000000e+00   1.3131355e-01
   1.3625526e+00   3.8652834e+05   1.4219215e+02   0.0000000e+00   1.3280385e-01
   1.3628022e+00   3.8844532e+05   1.4020010e+02   0.0000000e+00   1.3061505e-01
   1.3630517e+00   3.9133518e+05   1.3930844e+02   0.0000000e+00   1.3087715e-01
   1.3633013e+00   3.8200588e+05   1.3797555e+02   0.0000000e+00   1.3355435e-01
   1.3635507e+00   3.9360685e+05   1.4059563e+02   0.0000000e+00   1.3075451e-01
   1.3638002e+00   3.9706852e+05   1.4200866e+02   0.0000000e+00   1.3215395e-01
   1.3640496e+00   3.9704975e+05   1.4075395e+02   0.0000000e+00   1.3042021e-01
   1.3642989e+00   3.9786529e+05   1.4241066e+02   0.0000000e+00   1.3145376e-01
   1.3645483e+00   3.9054880e+05   1.4149644e+02   0.0000000e+00   1.3111617e-01
   1.3647975e+00   3.9887809e+05   1.4231432e+02   0.0000000e+00   1.3135805e-01
   1.3650468e+00   3.9781408e+05   1.4192678e+02   0.0000000e+00   1.3086409e-01
   1.3652960e+00   3.9759344e+05   1.4131631e+02   0.0000000e+00   1.3150838e-01
   1.3655451e+00   4.0431547e+05   1.4462516e+02   0.0000000e+00   1.3170547e-01
   1.3657942e+00   4.0420635e+05   1.4658640e+02   0.0000000e+00   1.3340730e-01
   1.3660433e+00   4.0515942e+05   1.4518419e+02   0.0000000e+00   1.3123505e-01
   1.3662923e+00   4.0498524e+05   1.4437899e+02   0.0000000e+00   1.3192916e-01
   1.3665413e+00   4.0069600e+05   1.4360937e+02   0.0000000e+00   1.3348130e-01
   1.3667903e+00   4.0009573e+05   1.4393531e+02   0.0000000e+00   1.3164719e-01
   1.3670392e+00   4.1026897e+05   1.4671305e+02   0.0000000e+00   1.3180174e-01
   1.3672880e+00   4.0696145e+05   1.4553360e+02   0.0000000e+00   1.3401648e-01
   1.3675368e+00   4.1187264e+05   1.4882893e+02   0.0000000e+00   1.3495959e-01
   1.3677856e+00   4.1332370e+05   1.4733057e+02   0.0000000e+00   1.3346814e-01
   1.3680343e+00   4.1309341e+05   1.4756888e+02   0.0000000e+00   1.3373584e-01
   1.3682830e+00   4.1187069e+05   1.4811726e+02   0.0000000e+00   1.3489650e-01
   1.3685316e+00   4.0782886e+05   1.4678871e+02   0.0000000e+00   1.3634774e-01
   1.3687802e+00   4.1236840e+05   1.4910020e+02   0.0000000e+00   1.3787972e-01
   1.3690287e+00   4.0745532e+05   1.4486436e+02   0.0000000e+00   1.3487917e-01
   1.3692772e+00   4.1098813e+05   1.4712259e+02   0.0000000e+00   1.3724036e-01
   1.3695257e+00   4.0749205e+05   1.4569146e+02   0.0000000e+00   1.3785200e-01
   1.3697741e+00   4.1084689e+05   1.4590161e+02   0.0000000e+00   1.3691620e-01
   1.3700224e+00   4.0624312e+05   1.4708135e+02   0.0000000e+00   1.3893026e-01
   1.3702707e+00   4.1055658e+05   1.5111605e+02   0.0000000e+00   1.3940971e-01
   1.3705190e+00   4.0454420e+05   1.4610927e+02   0.0000000e+00   1.3928675e-01
   1.3707672e+00   4.1467218e+05   1.5099926e+02   0.0000000e+00   1.3992512e-01
   1.3710153e+00   4.0970023e+05   1.4754030e+02   0.0000000e+00   1.4039029e-01
   1.3712635e+00   4.0348812e+05   1.4491845e+02   0.0000000e+00   1.4147183e-01
   1.3715115e+00   4.0503092e+05   1.4624921e+02   0.0000000e+00   1.4290284e-01
   1.3717595e+00   4.0420345e+05   1.4545095e+02   0.0000000e+00   1.4375567e-01
   1.3720075e+00   4.0370237e+05   1.4381907e+02   0.0000000e+00   1.4327749e-01
   1.3722554e+00   4.0175973e+05   1.4602378e+02   0.0000000e+00   1.4623198e-01
   1.3725033e+00   4.0701243e+05   1.4561183e+02   0.0000000e+00   1.4528874e-01
   1.3727511e+00   4.0483863e+05   1.4498268e+02   0.0000000e+00   1.4658420e-01
   1.3729988e+00   3.9825362e+05   1.4228124e+02   0.0000000e+00   1.4835006e-01
   1.3732466e+00   3.9770262e+05   1.4277797e+02   0.0000000e+00   1.4880359e-01
   1.3734942e+00   3.9859551e+05   1.4295048e+02   0.0000000e+00   1.5003710e-01
   1.3737418e+00   3.9700393e+05   1.4136214e+02   0.0000000e+00   1.5121122e-01
   1.3739894e+00   3.9857087e+05   1.4250653e+02   0.0000000e+00   1.5254525e-01
   1.3742369e+00   3.9928561e+05   1.4310904e+02   0.0000000e+00   1.5376985e-01
   1.3744843e+00   3.9895155e+05   1.4531973e+02   0.0000000e+00   1.5903707e-01
   1.3747317e+00   3.9495865e+05   1.4241364e+02   0.0000000e+00   1.5716095e-01
   1.3749791e+00   3.9517720e+05   1.4143459e+02   0.0000000e+00   1.5949779e-01
   1.3752264e+00   4.0730401e+05   1.4487282e+02   0.0000000e+00   1.6023609e-01
   1.3754736e+00   4.1522991e+05   1.4743148e+02   0.0000000e+00   1.6196462e-01
   1.3757208e+00   4.0416668e+05   1.4380959e+02   0.0000000e+00   1.6457610e-01
   1.3759679e+00   4.0474662e+05   1.4453489e+02   0.0000000e+00   1.6459753e-01
   1.3762150e+00   4.0513190e+05   1.4526141e+02   0.0000000e+00   1.6820228e-01
   1.3764620e+00   4.1012590e+05   1.4629095e+02   0.0000000e+00   1.6891122e-01
   1.3767090e+00   4.1451517e+05   1.5034436e+02   0.0000000e+00   1.7054036e-01
   1.3769559e+00   4.1053826e+05   1.4829456e+02   0.0000000e+00   1.7112210e-01
   1.3772028e+00   4.2293737e+05   1.5047635e+02   0.0000000e+00   1.7432229e-01
   1.3774496e+00   4.1373672e+05   1.4620862e+02   0.0000000e+00   1.7700285e-01
   1.3776963e+00   4.1228711e+05   1.4825039e+02   0.0000000e+00   1.7923457e-01
   1.3779430e+00   4.1827731e+05   1.4898298e+02   0.0000000e+00   1.8126366e-01
   1.3781897e+00   4.2215784e+05   1.5000210e+02   0.0000000e+00   1.8347405e-01
   1.3784362e+00   4.2296489e+05   1.5166631e+02   0.0000000e+00   1.8803084e-01
   1.3786828e+00   4.2282915e+05   1.4901293e+02   0.0000000e+00   1.8844394e-01
   1.3789292e+00   4.2538119e+05   1.5130317e+02   0.0000000e+00   1.9240361e-01
   1.3791756e+00   4.3080019e+05   1.5428464e+02   0.0000000e+00   1.9591984e-01
   1.3794220e+00   4.3232587e+05   1.5346175e+02   0.0000000e+00   1.9907226e-01
   1.3796683e+00   4.2882895e+05   1.5353954e+02   0.0000000e+00   2.0382604e-01
   1.3799145e+00   4.3176214e+05   1.5403777e+02   0.0000000e+00   2.0670575e-01
   1.3801607e+00   4.3378761e+05   1.5411252e+02   0.0000000e+00   2.0957182e-01
   1.3804068e+00   4.3383160e+05   1.5435901e+02   0.0000000e+00   2.1168546e-01
   1.3806528e+00   4.3720193e+05   1.5624413e+02   0.0000000e+00   2.1805264e-01
   1.3808988e+00   4.3695425e+05   1.5486361e+02   0.0000000e+00   2.2155981e-01
   1.3811448e+00   4.3619046e+05   1.5479232e+02   0.0000000e+00   2.2701678e-01
   1.3813906e+00   4.3435391e+05   1.5779325e+02   0.0000000e+00   2.3406641e-01
   1.3816364e+00   4.3914637e+05   1.6438216e+02   0.0000000e+00   2.3666470e-01
   1.3818822e+00   4.4519654e+05   1.5652375e+02   0.0000000e+00   2.4198637e-01
   1.3821279e+00   4.4492590e+05   1.5906200e+02   0.0000000e+00   2.4792121e-01
   1.3823735e+00   4.5111705e+05   1.5918678e+02   0.0000000e+00   2.5020287e-01
   1.3826191e+00   4.4135746e+05   1.5566013e+02   0.0000000e+00   2.5748667e-01
   1.3828646e+00   4.5127385e+05   1.5969709e+02   0.0000000e+00   2.6575251e-01
   1.3831100e+00   4.5395972e+05   1.6179578e+02   0.0000000e+00   2.7268773e-01
   1.3833554e+00   4.4635795e+05   1.6502028e+02   0.0000000e+00   2.8125451e-01
   1.3836007e+00   4.4519654e+05   1.6002667e+02   0.0000000e+00   2.8569241e-01
   1.3838460e+00   4.4635592e+05   1.5709698e+02   0.0000000e+00   2.9572745e-01
   1.3840912e+00   4.4321965e+05   1.5879046e+02   0.0000000e+00   3.0581379e-01
   1.3843363e+00   4.4882457e+05   1.5722388e+02   0.0000000e+00   3.1336295e-01
   1.3845813e+00   4.4721931e+05   1.5854312e+02   0.0000000e+00   3.2313332e-01
   1.3848263e+00   4.5142512e+05   1.5903061e+02   0.0000000e+00   3.3164518e-01
   1.3850713e+00   4.5344545e+05   1.5970152e+02   0.0000000e+00   3.4356152e-01
   1.3853161e+00   4.5161797e+05   1.5945057e+02   0.0000000e+00   3.5483226e-01
   1.3855610e+00   4.5845659e+05   1.6214923e+02   0.0000000e+00   3.6581595e-01
   1.3858057e+00   4.5386991e+05   1.5931695e+02   0.0000000e+00   3.7708493e-01
   1.3860504e+00   4.4543043e+05   1.5632128e+02   0.0000000e+00   3.9050359e-01
   1.3862950e+00   4.4840260e+05   1.5757438e+02   0.0000000e+00   4.0464932e-01
   1.3865395e+00   4.5076932e+05   1.5777305e+02   0.0000000e+00   4.1789938e-01
   1.3867840e+00   4.5547525e+05   1.6073143e+02   0.0000000e+00   4.3149329e-01
   1.3870284e+00   4.5404053e+05   1.6007237e+02   0.0000000e+00   4.4712457e-01
   1.3872727e+00   4.5740900e+05   1.6297617e+02   0.0000000e+00   4.6531564e-01
   1.3875170e+00   4.4716419e+05   1.5821604e+02   0.0000000e+00   4.8090385e-01
   1.3877612e+00   4.5698885e+05   1.5980409e+02   0.0000000e+00   4.9571316e-01
   1.3880053e+00   4.6286897e+05   1.6282593e+02   0.0000000e+00   5.1312687e-01
   1.3882494e+00   4.6383217e+05   1.6244919e+02   0.0000000e+00   5.3371966e-01
   1.3884934e+00   4.6311665e+05   1.6261649e+02   0.0000000e+00   5.5365980e-01
   1.3887373e+00   4.5956240e+05   1.6098561e+02   0.0000000e+00   5.7046792e-01
   1.3889812e+00   4.6202269e+05   1.6190599e+02   0.0000000e+00   5.8957060e-01
   1.3892250e+00   4.6118107e+05   1.6309857e+02   0.0000000e+00   6.1349427e-01
   1.3894687e+00   4.6618712e+05   1.6410352e+02   0.0000000e+00   6.3598772e-01
   1.3897123e+00   4.6515420e+05   1.6318813e+02   0.0000000e+00   6.5673425e-01
   1.3899559e+00   4.6975505e+05   1.6724201e+02   0.0000000e+00   6.7360465e-01
   1.3901994e+00   4.7376817e+05   1.6660849e+02   0.0000000e+00   6.9512095e-01
   1.3904429e+00   4.7170717e+05   1.6523814e+02   0.0000000e+00   7.2081341e-01
   1.3906862e+00   4.7546411e+05   1.6886484e+02   0.0000000e+00   7.4373559e-01
   1.3909295e+00   4.8240197e+05   1.6971925e+02   0.0000000e+00   7.6158206e-01
   1.3911728e+00   4.8078424e+05   1.7050361e+02   0.0000000e+00   7.8104526e-01
   1.3914159e+00   4.8860651e+05   1.7108794e+02   0.0000000e+00   8.0371735e-01
   1.3916590e+00   4.9142351e+05   1.7190633e+02   0.0000000e+00   8.2818360e-01
   1.3919020e+00   4.9631501e+05   1.7505651e+02   0.0000000e+00   8.4744091e-01
   1.3921449e+00   4.9752633e+05   1.7620995e+02   0.0000000e+00   8.6398782e-01
   1.3923878e+00   4.9258482e+05   1.7196860e+02   0.0000000e+00   8.8111798e-01
   1.3926306e+00   4.9001406e+05   1.6999988e+02   0.0000000e+00   9.0352622e-01
   1.3928733e+00   4.8806662e+05   1.7058606e+02   0.0000000e+00   9.1971984e-01
   1.3931159e+00   4.9725914e+05   1.7454686e+02   0.0000000e+00   9.3097089e-01
   1.3933585e+00   5.0175726e+05   1.7934012e+02   0.0000000e+00   9.4275679e-01
   1.3936010e+00   5.0157655e+05   1.8949054e+02   0.0000000e+00   9.6090930e-01
   1.3938434e+00   4.9217157e+05   1.7351637e+02   0.0000000e+00   9.7596175e-01
   1.3940857e+00   4.9978969e+05   1.7695565e+02   0.0000000e+00   9.8369003e-01
   1.3943280e+00   4.9459959e+05   1.7646664e+02   0.0000000e+00   9.9147140e-01
   1.3945702e+00   4.9776368e+05   1.7508846e+02   0.0000000e+00   1.0028498e+00
   1.3948123e+00   4.9353548e+05   1.7325237e+02   0.0000000e+00   1.0149568e+00
   1.3950543e+00   5.0118960e+05   1.7504841e+02   0.0000000e+00   1.0207584e+00
   1.3952963e+00   5.0034211e+05   1.7535984e+02   0.0000000e+00   1.0220146e+00
   1.3955382e+00   5.0028045e+05   1.7488451e+02   0.0000000e+00   1.0251683e+00
   1.3957800e+00   5.0562515e+05   1.7540771e+02   0.0000000e+00   1.0322541e+00
   1.3960217e+00   5.0263034e+05   1.7673313e+02   0.0000000e+00   1.0367264e+00
   1.3962634e+00   5.0343952e+05   1.7554251e+02   0.0000000e+00   1.0387823e+00
   1.3965049e+00   5.0795945e+05   1.7738596e+02   0.0000000e+00   1.0336061e+00
   1.3967464e+00   5.0332014e+05   1.7575133e+02   0.0000000e+00   1.0353229e+00
   1.3969879e+00   5.0092388e+05   1.7672380e+02   0.0000000e+00   1.0374009e+00
   1.3972292e+00   5.0665338e+05   1.7896930e+02   0.0000000e+00   1.0403682e+00
   1.3974704e+00   5.1248763e+05   1.7931024e+02   0.0000000e+00   1.0347472e+00
   1.3977116e+00   5.1042327e+05   1.8029346e+02   0.0000000e+00   1.0299142e+00
   1.3979527e+00   5.1111794e+05   1.7922749e+02   0.0000000e+00   1.0330547e+00
   1.3981937e+00   5.1012599e+05   1.7969546e+02   0.0000000e+00   1.0348036e+00
   1.3984347e+00   5.1335151e+05   1.7946916e+02   0.0000000e+00   1.0270667e+00
   1.3986755e+00   5.1277676e+05   1.7804165e+02   0.0000000e+00   1.0227325e+00
   1.3989163e+00   5.1707924e+05   1.8021241e+02   0.0000000e+00   1.0178745e+00
   1.3991570e+00   5.1821922e+05   1.7920839e+02   0.0000000e+00   1.0211700e+00
   1.3993976e+00   5.1286585e+05   1.8085185e+02   0.0000000e+00   1.0179825e+00
   1.3996381e+00   5.1615697e+05   1.8290891e+02   0.0000000e+00   1.0120179e+00
   1.3998786e+00   5.1606524e+05   1.8049913e+02   0.0000000e+00   1.0048367e+00
   1.4001190e+00   5.1205031e+05   1.8078396e+02   0.0000000e+00   1.0073578e+00
   1.4003592e+00   5.2008660e+05   1.8131749e+02   0.0000000e+00   1.0015345e+00
   1.4005994e+00   5.1789073e+05   1.8109130e+02   0.0000000e+00   9.9791907e-01
   1.4008396e+00   5.1741089e+05   1.8095091e+02   0.0000000e+00   9.9224648e-01
   1.4010796e+00   5.2097545e+05   1.8113631e+02   0.0000000e+00   9.8815879e-01
   1.4013195e+00   5.1995831e+05   1.8179361e+02   0.0000000e+00   9.9063699e-01
   1.4015594e+00   5.2867859e+05   1.8382589e+02   0.0000000e+00   9.8865821e-01
   1.4017992e+00   5.1889033e+05   1.8042781e+02   0.0000000e+00   9.7965481e-01
   1.4020389e+00   5.1173207e+05   1.7828651e+02   0.0000000e+00   9.7551171e-01
   1.4022785e+00   5.2117721e+05   1.8248797e+02   0.0000000e+00   9.7699528e-01
   1.4025180e+00   5.1862460e+05   1.8026342e+02   0.0000000e+00   9.7675999e-01
   1.4027574e+00   5.2561213e+05   1.8244503e+02   0.0000000e+00   9.7197214e-01
   1.4029968e+00   5.2027903e+05   1.8004020e+02   0.0000000e+00   9.6756592e-01
   1.4032361e+00   5.1663398e+05   1.7997894e+02   0.0000000e+00   9.6549565e-01
   1.4034753e+00   5.2332128e+05   1.8450182e+02   0.0000000e+00   9.6685009e-01
   1.4037143e+00   5.1997664e+05   1.8255979e+02   0.0000000e+00   9.6563018e-01
   1.4039534e+00   5.2583767e+05   1.8223844e+02   0.0000000e+00   9.6096759e-01
   1.4041923e+00   5.1986850e+05   1.8299848e+02   0.0000000e+00   9.5719095e-01
   1.4044311e+00   5.2416630e+05   1.8249436e+02   0.0000000e+00   9.6038052e-01
   1.4046699e+00   5.3325610e+05   1.8454313e+02   0.0000000e+00   9.6205236e-01
   1.4049085e+00   5.3410005e+05   1.8514630e+02   0.0000000e+00   9.5994037e-01
   1.4051471e+00   5.3612784e+05   1.8699369e+02   0.0000000e+00   9.5613602e-01
   1.4053856e+00   5.4138642e+05   1.8702058e+02   0.0000000e+00   9.5378029e-01
   1.4056239e+00   5.3857832e+05   1.9049518e+02   0.0000000e+00   9.5479667e-01
   1.4058622e+00   5.4603732e+05   1.9122052e+02   0.0000000e+00   9.5574960e-01
   1.4061005e+00   5.4623639e+05   1.9147933e+02   0.0000000e+00   9.5106539e-01
   1.4063386e+00   5.4707872e+05   1.9092443e+02   0.0000000e+00   9.5035343e-01
   1.4065766e+00   5.4616434e+05   1.9077704e+02   0.0000000e+00   9.5429384e-01
   1.4068146e+00   5.4094248e+05   1.8764426e+02   0.0000000e+00   9.5679016e-01
   1.4070524e+00   5.5182441e+05   1.9416871e+02   0.0000000e+00   9.5062192e-01
   1.4072902e+00   5.5927419e+05   1.9798716e+02   0.0000000e+00   9.4607925e-01
   1.4075278e+00   5.5596592e+05   1.9274950e+02   0.0000000e+00   9.4875588e-01
   1.4077654e+00   5.6562885e+05   1.9743933e+02   0.0000000e+00   9.5334305e-01
   1.4080029e+00   5.6207326e+05   1.9525618e+02   0.0000000e+00   9.5353864e-01
   1.4082403e+00   5.6244244e+05   1.9501156e+02   0.0000000e+00   9.4993127e-01
   1.4084776e+00   5.6471072e+05   1.9601290e+02   0.0000000e+00   9.4893132e-01
   1.4087148e+00   5.6348229e+05   1.9493707e+02   0.0000000e+00   9.5123217e-01
   1.4089519e+00   5.6530779e+05   1.9676505e+02   0.0000000e+00   9.5367520e-01
   1.4091889e+00   5.6909638e+05   1.9835195e+02   0.0000000e+00   9.4924036e-01
   1.4094258e+00   5.7444384e+05   1.9906049e+02   0.0000000e+00   9.4621274e-01
   1.4096627e+00   5.7341703e+05   1.9838346e+02   0.0000000e+00   9.4958256e-01
   1.4098994e+00   5.7200638e+05   1.9889093e+02   0.0000000e+00   9.5542663e-01
   1.4101361e+00   5.7021035e+05   1.9834515e+02   0.0000000e+00   9.5386159e-01
   1.4103726e+00   5.7137782e+05   1.9734004e+02   0.0000000e+00   9.4987471e-01
   1.4106091e+00   5.7367365e+05   1.9855541e+02   0.0000000e+00   9.4760717e-01
   1.4108454e+00   5.7439858e+05   1.9972347e+02   0.0000000e+00   9.5192652e-01
   1.4110817e+00   5.8376165e+05   2.0172552e+02   0.0000000e+00   9.5266314e-01
   1.4113179e+00   5.7463872e+05   2.0161923e+02   0.0000000e+00   9.4989247e-01
   1.4115539e+00   5.7909533e+05   2.0266298e+02   0.0000000e+00   9.4864268e-01
   1.4117899e+00   5.8129694e+05   2.0178311e+02   0.0000000e+00   9.5117973e-01
   1.4120258e+00   5.8259009e+05   2.0248576e+02   0.0000000e+00   9.5474982e-01
   1.4122616e+00   5.9058057e+05   2.0534697e+02   0.0000000e+00   9.5323146e-01
   1.4124972e+00   5.8554770e+05   2.0239960e+02   0.0000000e+00   9.4907629e-01
   1.4127328e+00   5.9431007e+05   2.0486923e+02   0.0000000e+00   9.4761741e-01
   1.4129683e+00   5.9718998e+05   2.0474816e+02   0.0000000e+00   9.5079043e-01
   1.4132037e+00   5.9336907e+05   2.0463353e+02   0.0000000e+00   9.5326407e-01
   1.4134390e+00   5.9520906e+05   2.0378467e+02   0.0000000e+00   9.5000906e-01
   1.4136742e+00   6.0074277e+05   2.0657689e+02   0.0000000e+00   9.4733619e-01
   1.4139093e+00   6.0549624e+05   2.0910447e+02   0.0000000e+00   9.4770829e-01
   1.4141443e+00   6.1109740e+05   2.1120906e+02   0.0000000e+00   9.5052264e-01
   1.4143792e+00   6.1404359e+05   2.2110735e+02   0.0000000e+00   9.4927534e-01
   1.4146140e+00   6.0995700e+05   2.1272520e+02   0.0000000e+00   9.4568528e-01
   1.4148487e+00   6.1748734e+05   2.1351150e+02   0.0000000e+00   9.4503931e-01
   1.4150833e+00   6.0116642e+05   2.0685561e+02   0.0000000e+00   9.4559393e-01
   1.4153178e+00   6.1601807e+05   2.1322881e+02   0.0000000e+00   9.4727820e-01
   1.4155521e+00   6.1997179e+05   2.1253802e+02   0.0000000e+00   9.4442405e-01
   1.4157864e+00   6.1958651e+05   2.1227423e+02   0.0000000e+00   9.3994086e-01
   1.4160206e+00   6.2627388e+05   2.1705461e+02   0.0000000e+00   9.3720894e-01
   1.4162547e+00   6.2391567e+05   2.1302049e+02   0.0000000e+00   9.4208251e-01
   1.4164887e+00   6.3213475e+05   2.1832994e+02   0.0000000e+00   9.4521170e-01
   1.4167226e+00   6.3145846e+05   2.1867069e+02   0.0000000e+00   9.3706645e-01
   1.4169564e+00   6.3389795e+05   2.1696273e+02   0.0000000e+00   9.3498681e-01
   1.4171900e+00   6.4521685e+05   2.2307960e+02   0.0000000e+00   9.3884845e-01
   1.4174236e+00   6.4333632e+05   2.2119227e+02   0.0000000e+00   9.3886942e-01
   1.4176571e+00   6.5576347e+05   2.2570392e+02   0.0000000e+00   9.3460916e-01
   1.4178904e+00   6.5873837e+05   2.2572595e+02   0.0000000e+00   9.3231032e-01
   1.4181237e+00   6.5551552e+05   2.2373460e+02   0.0000000e+00   9.3185425e-01
   1.4183569e+00   6.5422508e+05   2.2492273e+02   0.0000000e+00   9.3229350e-01
   1.4185899e+00   6.5514583e+05   2.2560464e+02   0.0000000e+00   9.3138673e-01
   1.4188229e+00   6.6029085e+05   2.2589323e+02   0.0000000e+00   9.2811539e-01
   1.4190557e+00   6.5835309e+05   2.2425079e+02   0.0000000e+00   9.2484521e-01
   1.4192884e+00   6.6448764e+05   2.3020755e+02   0.0000000e+00   9.2848085e-01
   1.4195211e+00   6.6425156e+05   2.2906949e+02   0.0000000e+00   9.2948750e-01
   1.4197536e+00   6.7396484e+05   2.3154734e+02   0.0000000e+00   9.2402794e-01
   1.4199860e+00   6.6487334e+05   2.3158308e+02   0.0000000e+00   9.2091906e-01
   1.4202183e+00   6.7368774e+05   2.3440667e+02   0.0000000e+00   9.1907744e-01
   1.4204505e+00   6.7689972e+05   2.3393092e+02   0.0000000e+00   9.2015834e-01
   1.4206826e+00   6.8182577e+05   2.3543406e+02   0.0000000e+00   9.2050726e-01
   1.4209146e+00   6.9497351e+05   2.3610426e+02   0.0000000e+00   9.1449638e-01
   1.4211465e+00   6.9163357e+05   2.3624681e+02   0.0000000e+00   9.1405721e-01
   1.4213782e+00   7.0198155e+05   2.4253382e+02   0.0000000e+00   9.1757481e-01
   1.4216099e+00   7.0095414e+05   2.4022252e+02   0.0000000e+00   9.1764687e-01
   1.4218415e+00   7.0096278e+05   2.3945271e+02   0.0000000e+00   9.1304182e-01
   1.4220729e+00   6.9177132e+05   2.3694621e+02   0.0000000e+00   9.0808250e-01
   1.4223042e+00   6.7944263e+05   2.3464997e+02   0.0000000e+00   9.0906708e-01
   1.4225355e+00   6.8604744e+05   2.3309573e+02   0.0000000e+00   9.1247883e-01
   1.4227666e+00   6.7665393e+05   2.3212606e+02   0.0000000e+00   9.1300458e-01
   1.4229976e+00   6.9219342e+05   2.3955479e+02   0.0000000e+00   9.0860010e-01
   1.4232285e+00   6.9529064e+05   2.3837819e+02   0.0000000e+00   9.0380591e-01
   1.4234593e+00   7.0337906e+05   2.4177862e+02   0.0000000e+00   9.0624361e-01
   1.4236899e+00   7.1171144e+05   2.4392603e+02   0.0000000e+00   9.1075802e-01
   1.4239205e+00   7.2010809e+05   2.4483571e+02   0.0000000e+00   9.0771037e-01
   1.4241510e+00   7.1070736e+05   2.4311001e+02   0.0000000e+00   9.0295446e-01
   1.4243813e+00   7.0539786e+05   2.4035700e+02   0.0000000e+00   9.0007135e-01
   1.4246115e+00   7.0110940e+05   2.3823330e+02   0.0000000e+00   9.0228203e-01
   1.4248416e+00   6.9916533e+05   2.4020815e+02   0.0000000e+00   9.0443602e-01
   1.4250716e+00   7.1234946e+05   2.4236521e+02   0.0000000e+00   8.9695292e-01
   1.4253015e+00   7.0536266e+05   2.4209283e+02   0.0000000e+00   8.9347459e-01
   1.4255313e+00   7.1244451e+05   2.4399979e+02   0.0000000e+00   8.9711989e-01
   1.4257609e+00   7.1727335e+05   2.4653096e+02   0.0000000e+00   8.9850771e-01
   1.4259905e+00   7.1532436e+05   2.4342347e+02   0.0000000e+00   8.9798910e-01
   1.4262199e+00   7.3032296e+05   2.5191660e+02   0.0000000e+00   8.9231484e-01
   1.4264492e+00   7.3616853e+05   2.5250567e+02   0.0000000e+00   8.9303098e-01
   1.4266784e+00   7.3828968e+05   2.5197271e+02   0.0000000e+00   8.9188614e-01
   1.4269075e+00   7.4970591e+05   2.5390407e+02   0.0000000e+00   8.9451986e-01
   1.4271365e+00   7.4305065e+05   2.5934029e+02   0.0000000e+00   8.9151135e-01
   1.4273654e+00   7.4343676e+05   2.5233017e+02   0.0000000e+00   8.8799823e-01
   1.4275941e+00   7.5535211e+05   2.5673776e+02   0.0000000e+00   8.8599064e-01
   1.4278227e+00   7.5808736e+05   2.5818162e+02   0.0000000e+00   8.9129062e-01
   1.4280512e+00   7.6429613e+05   2.6002872e+02   0.0000000e+00   8.8822713e-01
   1.4282796e+00   7.6885811e+05   2.6449973e+02   0.0000000e+00   8.8273643e-01
   1.4285079e+00   7.7477390e+05   2.6431593e+02   0.0000000e+00   8.8115936e-01
   1.4287360e+00   7.8795756e+05   2.6805330e+02   0.0000000e+00   8.8111989e-01
   1.4289641e+00   7.7359182e+05   2.6440881e+02   0.0000000e+00   8.8085163e-01
   1.4291920e+00   7.8281936e+05   2.6471673e+02   0.0000000e+00   8.7710896e-01
   1.4294198e+00   7.9095389e+05   2.6710197e+02   0.0000000e+00   8.7315790e-01
   1.4296475e+00   7.9171354e+05   2.6971665e+02   0.0000000e+00   8.7656279e-01
   1.4298750e+00   8.0103540e+05   2.7362640e+02   0.0000000e+00   8.7858919e-01
   1.4301025e+00   8.0144820e+05   2.7184362e+02   0.0000000e+00   8.7780475e-01
   1.4303298e+00   8.0253151e+05   2.7200988e+02   0.0000000e+00   8.7341492e-01
   1.4305570e+00   8.0341130e+05   2.7357675e+02   0.0000000e+00   8.6974945e-01
   1.4307841e+00   8.0780533e+05   2.7598672e+02   0.0000000e+00   8.7430319e-01
   1.4310111e+00   8.2235832e+05   2.8059839e+02   0.0000000e+00   8.7359527e-01
   1.4312379e+00   8.3039374e+05   2.8006446e+02   0.0000000e+00   8.6973692e-01
   1.4314646e+00   8.3282440e+05   2.8353024e+02   0.0000000e+00   8.6634708e-01
   1.4316912e+00   8.3686799e+05   2.8444840e+02   0.0000000e+00   8.6934311e-01
   1.4319177e+00   8.4222919e+05   2.8700970e+02   0.0000000e+00   8.7241822e-01
   1.4321441e+00   8.5734522e+05   2.9363456e+02   0.0000000e+00   8.7575789e-01
   1.4323703e+00   8.8297178e+05   3.0027755e+02   0.0000000e+00   8.7741467e-01
   1.4325964e+00   8.9086194e+05   3.0668284e+02   0.0000000e+00   8.8180981e-01
   1.4328224e+00   9.0477527e+05   3.0621913e+02   0.0000000e+00   8.9772024e-01
   1.4330483e+00   8.9431863e+05   3.0439220e+02   0.0000000e+00   9.2610769e-01
   1.4332740e+00   9.2329603e+05   3.2754741e+02   0.0000000e+00   9.5672367e-01
