   1.1890102e+00   0.0000000e+00   0.0000000e+00   0.0000000e+00   8.9828596e-01
   1.1892121e+00   0.0000000e+00   0.0000000e+00   0.0000000e+00   8.7043552e-01
   1.1894142e+00   0.0000000e+00   0.0000000e+00   0.0000000e+00   8.9884791e-01
   1.1896164e+00   0.0000000e+00   0.0000000e+00   0.0000000e+00   9.2717191e-01
   1.1898188e+00   0.0000000e+00   0.0000000e+00   0.0000000e+00   9.2982692e-01
   1.1900213e+00   0.0000000e+00   0.0000000e+00   0.0000000e+00   9.2725802e-01
   1.1902240e+00   0.0000000e+00   0.0000000e+00   0.0000000e+00   9.0562209e-01
   1.1904269e+00   0.0000000e+00   0.0000000e+00   0.0000000e+00   8.9438683e-01
   1.1906300e+00   0.0000000e+00   0.0000000e+00   0.0000000e+00   9.0108524e-01
   1.1908332e+00   0.0000000e+00   0.0000000e+00   0.0000000e+00   8.9484614e-01
   1.1910366e+00   0.0000000e+00   0.0000000e+00   0.0000000e+00   8.7839046e-01
   1.1912401e+00   0.0000000e+00   0.0000000e+00   0.0000000e+00   8.8504791e-01
   1.1914439e+00   0.0000000e+00   0.0000000e+00   0.0000000e+00   9.1536488e-01
   1.1916478e+00   0.0000000e+00   0.0000000e+00   0.0000000e+00   9.1358276e-01
   1.1918518e+00   0.0000000e+00   0.0000000e+00   0.0000000e+00   8.8370614e-01
   1.1920560e+00   0.0000000e+00   0.0000000e+00   0.0000000e+00   8.9673077e-01
   1.1922604e+00   0.0000000e+00   0.0000000e+00   0.0000000e+00   9.3653463e-01
   1.1924650e+00   0.0000000e+00   0.0000000e+00   0.0000000e+00   9.5026050e-01
   1.1926697e+00   0.0000000e+00   0.0000000e+00   0.0000000e+00   9.4750183e-01
   1.1928746e+00   0.0000000e+00   0.0000000e+00   0.0000000e+00   9.4554344e-01
   1.1930796e+00   0.0000000e+00   0.0000000e+00   0.0000000e+00   9.2503402e-01
   1.1932849e+00   0.0000000e+00   0.0000000e+00   0.0000000e+00   8.7016914e-01
   1.1934902e+00   0.0000000e+00   0.0000000e+00   0.0000000e+00   8.3370361e-01
   1.1936958e+00   0.0000000e+00   0.0000000e+00   0.0000000e+00   8.8090671e-01
   1.1939015e+00   2.8222341e+05   1.3634415e+02   0.0000000e+00   9.3702658e-01
   1.1941074e+00   2.7874060e+05   1.3391704e+02   0.0000000e+00   9.4148413e-01
   1.1943134e+00   2.7756277e+05   1.3745920e+02   0.0000000e+00   9.2129907e-01
   1.1945196e+00   2.7387817e+05   1.3365207e+02   0.0000000e+00   9.0706346e-01
   1.1947260e+00   2.8149317e+05   1.3858553e+02   0.0000000e+00   9.1206001e-01
   1.1949325e+00   2.6943142e+05   1.2770534e+02   0.0000000e+00   8.9701648e-01
   1.1951392e+00   2.7871728e+05   1.3231632e+02   0.0000000e+00   8.8402498e-01
   1.1953460e+00   2.7332454e+05   1.3155543e+02   0.0000000e+00   8.8563820e-01
   1.1955530e+00   2.8832155e+05   1.3540559e+02   0.0000000e+00   8.6827234e-01
   1.1957602e+00   3.1051349e+05   1.5199729e+02   0.0000000e+00   8.7141318e-01
   1.1959675e+00   3.1437520e+05   1.4834969e+02   0.0000000e+00   9.0476925e-01
   1.1961750e+00   3.1142721e+05   1.4414060e+02   0.0000000e+00   9.1251928e-01
   1.1963826e+00   2.9458459e+05   1.3511477e+02   0.0000000e+00   9.0672989e-01
   1.1965905e+00   2.7589078e+05   1.3011792e+02   0.0000000e+00   9.2194196e-01
   1.1967984e+00   2.7475407e+05   1.3350536e+02   0.0000000e+00   9.3416355e-01
   1.1970065e+00   2.7437123e+05   1.3140611e+02   0.0000000e+00   9.3393059e-01
   1.1972148e+00   2.8592075e+05   1.7226528e+02   0.0000000e+00   9.2143278e-01
   1.1974233e+00   2.8690901e+05   2.0957955e+02   0.0000000e+00   8.6983863e-01
   1.1976319e+00   2.9040325e+05   1.7396154e+02   0.0000000e+00   8.4044006e-01
   1.1978406e+00   2.9189561e+05   2.7375544e+02   0.0000000e+00   9.0116463e-01
   1.1980496e+00   2.9724120e+05   2.4018548e+02   0.0000000e+00   9.5175848e-01
   1.1982586e+00   2.9640278e+05   2.0247878e+02   0.0000000e+00   9.3551590e-01
   1.1984679e+00   2.9744467e+05   1.5844556e+02   0.0000000e+00   8.8261177e-01
   1.1986773e+00   3.0177042e+05   2.4870054e+02   0.0000000e+00   8.3648723e-01
   1.1988868e+00   2.9967131e+05   3.6145318e+02   0.0000000e+00   8.1947967e-01
   1.1990965e+00   3.0558656e+05   2.6771286e+02   0.0000000e+00   8.2885914e-01
   1.1993064e+00   2.9951439e+05   2.5920907e+02   0.0000000e+00   8.8238371e-01
   1.1995164e+00   2.8820277e+05   1.5586221e+02   0.0000000e+00   9.2354388e-01
   1.1997266e+00   3.0486655e+05   2.8399994e+02   0.0000000e+00   9.2453314e-01
   1.1999369e+00   3.3845848e+05   1.5917664e+02   0.0000000e+00   9.1856903e-01
   1.2001474e+00   3.7673223e+05   1.8319606e+02   0.0000000e+00   9.0471291e-01
   1.2003580e+00   3.7482216e+05   2.0062210e+02   0.0000000e+00   8.9828954e-01
   1.2005688e+00   3.5125622e+05   1.6633961e+02   0.0000000e+00   8.9981155e-01
   1.2007797e+00   3.0365734e+05   1.5439568e+02   0.0000000e+00   8.9169583e-01
   1.2009908e+00   2.8146455e+05   1.5522422e+02   0.0000000e+00   8.8944513e-01
   1.2012021e+00   2.7480568e+05   1.1966887e+02   0.0000000e+00   8.9711370e-01
   1.2014135e+00   2.7550941e+05   1.6139306e+02   0.0000000e+00   8.9298779e-01
   1.2016251e+00   2.8853687e+05   1.9437607e+02   0.0000000e+00   8.6416592e-01
   1.2018368e+00   2.8852692e+05   1.2200651e+02   0.0000000e+00   8.4591292e-01
   1.2020486e+00   2.8806987e+05   1.3115990e+02   0.0000000e+00   8.9029761e-01
   1.2022607e+00   2.8135466e+05   1.1983196e+02   0.0000000e+00   9.4169882e-01
   1.2024728e+00   2.7638985e+05   2.6799684e+02   0.0000000e+00   9.4193048e-01
   1.2026851e+00   2.6458931e+05   1.1672704e+02   0.0000000e+00   9.3140000e-01
   1.2028976e+00   2.7282315e+05   1.2118480e+02   0.0000000e+00   9.3191828e-01
   1.2031102e+00   2.6748966e+05   1.4539110e+02   0.0000000e+00   9.1967802e-01
   1.2033230e+00   2.7862285e+05   2.3092997e+02   0.0000000e+00   9.0322182e-01
   1.2035359e+00   3.0777232e+05   1.2587312e+02   0.0000000e+00   8.3660621e-01
   1.2037490e+00   3.1239561e+05   1.2902157e+02   0.0000000e+00   7.3361996e-01
   1.2039622e+00   3.0328645e+05   1.2040250e+02   0.0000000e+00   7.5597405e-01
   1.2041756e+00   2.9191610e+05   1.1587477e+02   0.0000000e+00   8.7223806e-01
   1.2043891e+00   2.7055749e+05   1.2534510e+02   0.0000000e+00   9.2953750e-01
   1.2046028e+00   2.7109042e+05   1.1172849e+02   0.0000000e+00   9.3803356e-01
   1.2048166e+00   2.7943184e+05   1.1785321e+02   0.0000000e+00   9.0613635e-01
   1.2050306e+00   2.8271404e+05   1.1174839e+02   0.0000000e+00   8.5110241e-01
   1.2052447e+00   2.7497484e+05   1.1219423e+02   0.0000000e+00   8.6538311e-01
   1.2054590e+00   2.6572666e+05   1.0469860e+02   0.0000000e+00   9.2095187e-01
   1.2056734e+00   2.7775920e+05   1.1124220e+02   0.0000000e+00   9.4649546e-01
   1.2058879e+00   2.7313627e+05   1.0770166e+02   0.0000000e+00   9.4788033e-01
   1.2061026e+00   2.7754973e+05   1.2452244e+02   0.0000000e+00   9.4638547e-01
   1.2063175e+00   2.8267804e+05   1.2556074e+02   0.0000000e+00   9.2491960e-01
   1.2065325e+00   2.8253240e+05   1.1773171e+02   0.0000000e+00   9.0170875e-01
   1.2067476e+00   2.8321421e+05   1.2989544e+02   0.0000000e+00   9.0216260e-01
   1.2069629e+00   2.8685536e+05   1.6599974e+02   0.0000000e+00   9.0511528e-01
   1.2071784e+00   2.8228654e+05   1.1356859e+02   0.0000000e+00   9.1908484e-01
   1.2073939e+00   2.7705340e+05   1.1666639e+02   0.0000000e+00   9.4013032e-01
   1.2076097e+00   2.8031061e+05   1.3663913e+02   0.0000000e+00   9.4914697e-01
   1.2078255e+00   2.8172713e+05   1.1229141e+02   0.0000000e+00   9.3500591e-01
   1.2080415e+00   2.8633806e+05   1.2350055e+02   0.0000000e+00   8.9818070e-01
   1.2082577e+00   2.7940143e+05   1.0906909e+02   0.0000000e+00   8.8846908e-01
   1.2084740e+00   2.8204313e+05   1.1010019e+02   0.0000000e+00   9.1916761e-01
   1.2086905e+00   2.8565502e+05   1.2258098e+02   0.0000000e+00   9.4210037e-01
   1.2089070e+00   2.7741566e+05   1.1375612e+02   0.0000000e+00   9.1631637e-01
   1.2091238e+00   2.7665722e+05   1.0985295e+02   0.0000000e+00   8.7222366e-01
   1.2093407e+00   2.8992938e+05   1.9282066e+02   0.0000000e+00   8.8437914e-01
   1.2095577e+00   2.7917993e+05   1.0644931e+02   0.0000000e+00   9.1794462e-01
   1.2097748e+00   2.8058893e+05   1.1034497e+02   0.0000000e+00   9.0392523e-01
   1.2099921e+00   2.8574024e+05   1.1491330e+02   0.0000000e+00   8.8504960e-01
   1.2102096e+00   2.7872586e+05   1.0843381e+02   0.0000000e+00   8.9483254e-01
   1.2104272e+00   2.7796514e+05   1.2817706e+02   0.0000000e+00   9.1172531e-01
   1.2106449e+00   2.7312627e+05   1.1002785e+02   0.0000000e+00   9.3854284e-01
   1.2108627e+00   2.7515941e+05   1.0830053e+02   0.0000000e+00   9.4899161e-01
   1.2110808e+00   2.8237667e+05   1.1194751e+02   0.0000000e+00   9.0320182e-01
   1.2112989e+00   2.8171467e+05   1.0808773e+02   1.4639304e+04   8.5051968e-01
   1.2115172e+00   2.8168356e+05   1.0704279e+02   2.4773862e+04   8.6319919e-01
   1.2117356e+00   2.7793689e+05   1.0919269e+02   2.7234499e+04   9.0007542e-01
   1.2119542e+00   2.7749918e+05   1.1053880e+02   2.4608479e+04   9.0531656e-01
   1.2121729e+00   2.7212054e+05   1.1064541e+02   4.8263235e+03   8.8377791e-01
   1.2123917e+00   2.8478339e+05   1.1656882e+02  -1.1051962e+04   8.6984783e-01
   1.2126107e+00   2.8438841e+05   1.1220644e+02  -5.3121523e+04   9.0264012e-01
   1.2128298e+00   2.9227270e+05   1.1802624e+02   0.0000000e+00   9.4236177e-01
   1.2130491e+00   3.4863114e+05   1.3735490e+02   0.0000000e+00   9.5392491e-01
   1.2132685e+00   5.3069303e+05   2.1519669e+02   0.0000000e+00   9.5587947e-01
   1.2134880e+00   6.8462517e+05   2.5353826e+02   0.0000000e+00   9.5525008e-01
   1.2137077e+00   6.6793927e+05   2.4049618e+02   0.0000000e+00   9.3984450e-01
   1.2139275e+00   5.2514838e+05   1.9771038e+02   0.0000000e+00   9.1009086e-01
   1.2141474e+00   3.4825378e+05   1.3452113e+02   0.0000000e+00   8.9712805e-01
   1.2143675e+00   3.7222196e+05   1.4053228e+02   0.0000000e+00   9.0205803e-01
   1.2145877e+00   4.0801746e+05   1.5406793e+02   0.0000000e+00   8.9427811e-01
   1.2148080e+00   4.0191278e+05   1.5151216e+02   0.0000000e+00   8.8640281e-01
   1.2150285e+00   3.4110146e+05   1.3274406e+02   1.3507461e+04   9.0127347e-01
   1.2152491e+00   2.8927473e+05   1.0963430e+02  -1.1932418e+04   9.1442494e-01
   1.2154699e+00   2.8112716e+05   1.1456756e+02  -4.2890207e+03   9.2037492e-01
   1.2156908e+00   2.7943077e+05   1.1029709e+02   8.2214958e+02   9.3235523e-01
   1.2159118e+00   2.9022753e+05   1.1017896e+02   1.2308839e+04   9.3821039e-01
   1.2161330e+00   2.9656284e+05   1.1102454e+02   1.6421869e+04   9.3629762e-01
   1.2163542e+00   2.9530976e+05   1.1176183e+02   1.2789206e+04   9.3445524e-01
   1.2165757e+00   2.8536582e+05   1.1685037e+02   2.1105371e+03   9.2243039e-01
   1.2167972e+00   2.7025278e+05   1.0653581e+02  -1.1395543e+04   9.1032651e-01
   1.2170189e+00   2.6604497e+05   1.0604922e+02  -1.1902229e+04   9.2859285e-01
   1.2172407e+00   2.6211965e+05   1.0363794e+02  -1.0860108e+04   9.5315971e-01
   1.2174627e+00   2.6227423e+05   1.0207805e+02  -5.4584620e+03   9.5747138e-01
   1.2176848e+00   2.6615755e+05   1.0542500e+02   3.1512313e+03   9.4550814e-01
   1.2179070e+00   2.6166812e+05   1.0030890e+02   2.4423317e+03   9.2941167e-01
   1.2181293e+00   2.6224215e+05   1.0104249e+02   5.8182869e+03   9.3154350e-01
   1.2183518e+00   2.5812690e+05   9.9831511e+01   3.7722529e+03   9.4433623e-01
   1.2185744e+00   2.5973579e+05   1.0059411e+02   7.0682790e+03   9.4686592e-01
   1.2187971e+00   2.4916251e+05   9.6358443e+01  -1.9030090e+03   9.3299590e-01
   1.2190200e+00   2.4817792e+05   9.4316368e+01   0.0000000e+00   9.1806944e-01
   1.2192430e+00   2.4420871e+05   9.5678417e+01   0.0000000e+00   9.2081289e-01
   1.2194661e+00   2.4286127e+05   9.7320267e+01   0.0000000e+00   9.3531525e-01
   1.2196894e+00   2.4324442e+05   9.3034937e+01   0.0000000e+00   9.4465053e-01
   1.2199128e+00   2.4350678e+05   9.2282671e+01   0.0000000e+00   9.4483680e-01
   1.2201363e+00   2.4645485e+05   9.4819707e+01   0.0000000e+00   9.3631467e-01
   1.2203599e+00   2.4887222e+05   9.7353701e+01   0.0000000e+00   9.2812888e-01
   1.2205837e+00   2.4096466e+05   9.1871235e+01  -2.9727191e+03   9.3952346e-01
   1.2208076e+00   2.4363185e+05   9.2982315e+01  -3.6545824e+02   9.5539076e-01
   1.2210316e+00   2.4195265e+05   9.4220185e+01  -1.6665833e+03   9.5629580e-01
   1.2212558e+00   2.4084586e+05   9.6425261e+01  -1.7291399e+03   9.3756449e-01
   1.2214800e+00   2.3906648e+05   8.9423918e+01  -1.7164555e+03   9.0970574e-01
   1.2217044e+00   2.3923580e+05   9.1365611e+01   8.6918615e+02   9.0917113e-01
   1.2219290e+00   2.3790910e+05   8.8689517e+01   2.2327277e+03   9.3508333e-01
   1.2221536e+00   2.3768748e+05   9.2379817e+01   4.4305280e+03   9.5312964e-01
   1.2223784e+00   2.3618101e+05   8.9174106e+01   4.4296365e+03   9.4413320e-01
   1.2226033e+00   2.3671842e+05   8.9486417e+01   4.9693210e+03   9.2866546e-01
   1.2228284e+00   2.3088097e+05   8.9088840e+01  -2.7249828e+03   9.3424888e-01
   1.2230535e+00   2.3352892e+05   9.0191678e+01  -3.7597761e+03   9.4517942e-01
   1.2232788e+00   2.2850455e+05   8.6566459e+01  -1.3795699e+04   9.3989411e-01
   1.2235042e+00   2.2790978e+05   9.0246216e+01  -1.9822303e+04   9.1941424e-01
   1.2237297e+00   2.4616693e+05   9.5052398e+01   0.0000000e+00   9.1885442e-01
   1.2239554e+00   2.7999023e+05   1.0623471e+02   0.0000000e+00   9.4171655e-01
   1.2241812e+00   2.8587559e+05   1.0943749e+02   0.0000000e+00   9.4695224e-01
   1.2244071e+00   2.7329289e+05   1.0745359e+02   0.0000000e+00   9.4330357e-01
   1.2246331e+00   2.3478482e+05   8.6901105e+01   0.0000000e+00   9.4990257e-01
   1.2248592e+00   2.2618222e+05   8.5999832e+01   0.0000000e+00   9.5399815e-01
   1.2250855e+00   2.1434457e+05   8.4190531e+01   0.0000000e+00   9.5186068e-01
   1.2253119e+00   2.1408309e+05   8.5817157e+01   0.0000000e+00   9.4595585e-01
   1.2255384e+00   2.1967234e+05   8.3135050e+01  -1.1370732e+02   9.4378232e-01
   1.2257650e+00   2.1926313e+05   9.0252773e+01   7.0567158e+03   9.5188336e-01
   1.2259918e+00   2.1364703e+05   8.1634561e+01   8.6556439e+03   9.5478273e-01
   1.2262187e+00   2.0793365e+05   7.8307532e+01   9.2923700e+03   9.5421099e-01
   1.2264457e+00   2.0520281e+05   7.8701547e+01   1.1100061e+04   9.5208541e-01
   1.2266728e+00   2.0824790e+05   8.1389261e+01   1.5544106e+04   9.3641056e-01
   1.2269000e+00   2.0516090e+05   7.9229486e+01   9.3294858e+03   9.2319903e-01
   1.2271274e+00   2.0259234e+05   7.7668426e+01  -1.8278297e+03   9.2963872e-01
   1.2273549e+00   2.0221270e+05   8.4770363e+01  -1.6201946e+04   9.4304899e-01
   1.2275824e+00   2.0063319e+05   7.6427005e+01  -3.5781469e+04   9.5082585e-01
   1.2278102e+00   2.0387254e+05   7.8466204e+01  -5.1815869e+04   9.5481867e-01
   1.2280380e+00   2.4099317e+05   9.2845412e+01  -3.1647042e+04   9.5642245e-01
   1.2282659e+00   3.4881845e+05   1.2779400e+02   6.5163298e+04   9.5962483e-01
   1.2284940e+00   3.6932198e+05   1.3289782e+02   8.3277654e+04   9.6175210e-01
   1.2287222e+00   3.3113172e+05   1.2041246e+02   5.2355294e+04   9.5625181e-01
   1.2289505e+00   2.2772809e+05   8.7623617e+01  -3.5029752e+04   9.5165817e-01
   1.2291789e+00   1.8326266e+05   6.9858302e+01  -5.7326752e+04   9.5485123e-01
   1.2294075e+00   1.8434340e+05   6.9810354e+01  -3.1529027e+04   9.5369803e-01
   1.2296361e+00   1.7987514e+05   6.9488117e+01  -1.2426470e+04   9.5200689e-01
   1.2298649e+00   1.7411154e+05   6.8058342e+01   1.2668422e+03   9.5551537e-01
   1.2300938e+00   1.7530618e+05   6.6504822e+01   1.6048526e+04   9.5410710e-01
   1.2303228e+00   1.6711539e+05   6.3736547e+01   1.5118584e+04   9.5520714e-01
   1.2305519e+00   1.6549831e+05   6.9295820e+01   1.5053619e+04   9.6092098e-01
   1.2307811e+00   1.6141527e+05   6.1681029e+01   8.1188268e+03   9.6257465e-01
   1.2310105e+00   1.6049629e+05   6.1120961e+01   1.5452898e+03   9.6068531e-01
   1.2312399e+00   1.5729230e+05   5.9169826e+01  -8.5104066e+03   9.5940595e-01
   1.2314695e+00   1.5669870e+05   6.0127698e+01   0.0000000e+00   9.5998989e-01
   1.2316992e+00   1.6079515e+05   6.3204285e+01   0.0000000e+00   9.5995962e-01
   1.2319290e+00   1.7997044e+05   6.7060223e+01   0.0000000e+00   9.6080339e-01
   1.2321589e+00   1.9754747e+05   7.2616166e+01   0.0000000e+00   9.6270183e-01
   1.2323889e+00   1.9792486e+05   7.1782379e+01   0.0000000e+00   9.6091129e-01
   1.2326191e+00   1.7261631e+05   6.6104539e+01   2.3776877e+03   9.5561264e-01
   1.2328493e+00   1.4227213e+05   5.4821575e+01  -1.8926993e+04   9.5265382e-01
   1.2330797e+00   1.3844871e+05   5.2802035e+01  -1.2058679e+04   9.5228964e-01
   1.2333102e+00   1.3663736e+05   5.1932298e+01  -2.6837436e+03   9.5363570e-01
   1.2335408e+00   1.3037790e+05   5.1780774e+01   1.4304334e+03   9.5901777e-01
   1.2337715e+00   1.3043172e+05   5.1342988e+01   9.7266303e+03   9.6332854e-01
   1.2340023e+00   1.2738763e+05   4.8453321e+01   1.1620197e+04   9.6371379e-01
   1.2342332e+00   1.2747812e+05   4.9504482e+01   1.2502833e+04   9.6309829e-01
   1.2344642e+00   1.2070839e+05   4.7240043e+01   2.0820662e+03   9.6263195e-01
   1.2346954e+00   1.1887449e+05   4.5372682e+01  -7.4150487e+03   9.6303457e-01
   1.2349266e+00   1.1721776e+05   4.4192272e+01  -1.9501889e+04   9.6309419e-01
   1.2351580e+00   1.1255484e+05   4.3761474e+01  -3.5396429e+04   9.6263907e-01
   1.2353895e+00   1.3272807e+05   5.1247562e+01  -2.4889439e+04   9.6311607e-01
   1.2356211e+00   1.9951014e+05   7.1362421e+01   3.6049827e+04   9.6339041e-01
   1.2358527e+00   2.1424256e+05   7.5931824e+01   5.0361088e+04   9.6285792e-01
   1.2360845e+00   1.9280639e+05   6.9561779e+01   3.4449009e+04   9.6270618e-01
   1.2363165e+00   1.3325724e+05   5.3807340e+01   0.0000000e+00   9.6293496e-01
   1.2365485e+00   9.9154319e+04   3.9145066e+01   0.0000000e+00   9.6181828e-01
   1.2367806e+00   9.6674280e+04   3.8020893e+01  -2.1090955e+04   9.6054576e-01
   1.2370128e+00   9.6186073e+04   3.7274047e+01  -7.1284926e+03   9.6121299e-01
   1.2372452e+00   9.2118732e+04   3.5662699e+01   4.6628404e+02   9.6296940e-01
   1.2374776e+00   8.8953558e+04   3.4438864e+01   5.3327360e+03   9.6380456e-01
   1.2377102e+00   8.5883528e+04   3.4045949e+01   6.7367403e+03   9.6378715e-01
   1.2379428e+00   8.4712436e+04   3.3738147e+01   7.2615957e+03   9.6391647e-01
   1.2381756e+00   8.1229418e+04   3.0894627e+01   3.8341823e+03   9.6422022e-01
   1.2384084e+00   7.8968462e+04   3.1143478e+01   1.1155806e+03   9.6375226e-01
   1.2386414e+00   7.9238119e+04   3.0710439e+01   1.2431271e+03   9.6314468e-01
   1.2388745e+00   7.6453301e+04   3.0510009e+01  -9.8257336e+02   9.6347868e-01
   1.2391077e+00   7.4541107e+04   2.9383700e+01  -1.6818806e+03   9.6417059e-01
   1.2393410e+00   7.2698543e+04   2.9229347e+01  -2.0053787e+03   9.6430000e-01
   1.2395744e+00   7.1978770e+04   2.7849068e+01  -1.3488573e+03   9.6430000e-01
   1.2398079e+00   7.0015478e+04   2.8013839e+01  -2.4292570e+03   9.6430000e-01
   1.2400415e+00   6.8871594e+04   2.6727081e+01  -3.2943875e+03   9.6437537e-01
   1.2402752e+00   7.0084371e+04   2.7856559e+01  -2.2313103e+03   9.6413605e-01
   1.2405090e+00   7.0699474e+04   2.7454551e+01  -1.7873860e+03   9.6314501e-01
   1.2407429e+00   7.8768366e+04   2.9547260e+01   6.5917941e+03   9.6288750e-01
   1.2409769e+00   7.7293640e+04   2.9094820e+01   6.3391772e+03   9.6379936e-01
   1.2412110e+00   7.1916966e+04   2.6403216e+01   3.3047960e+03   9.6436479e-01
   1.2414452e+00   6.1078074e+04   2.3599000e+01  -4.1717435e+03   9.6412560e-01
   1.2416795e+00   5.8408782e+04   2.2781789e+01  -2.8691326e+03   9.6362161e-01
   1.2419139e+00   5.7663256e+04   2.2106378e+01   3.3258428e+02   9.6359120e-01
   1.2421485e+00   5.5421875e+04   2.1226982e+01   1.3091785e+03   9.6412982e-01
   1.2423831e+00   5.3436020e+04   2.0140402e+01   1.2175891e+03   9.6449059e-01
   1.2426178e+00   5.2752710e+04   2.0260519e+01   7.8125730e+02   9.6450000e-01
   1.2428526e+00   5.0716819e+04   1.8968989e+01  -2.6052507e+03   9.6450000e-01
   1.2430875e+00   4.9781614e+04   1.9822267e+01  -6.0506194e+03   9.6450000e-01
   1.2433226e+00   4.9007284e+04   1.8752240e+01  -9.7522304e+03   9.6460000e-01
   1.2435577e+00   6.0466273e+04   2.3490021e+01  -7.6245327e+02   9.6454443e-01
   1.2437929e+00   7.5860445e+04   2.7540602e+01   1.3411536e+04   9.6375422e-01
   1.2440282e+00   7.5670763e+04   2.6953874e+01   1.3759055e+04   9.6290151e-01
   1.2442636e+00   6.5262560e+04   2.4301383e+01   5.7492389e+03   9.6314711e-01
   1.2444991e+00   4.6953254e+04   1.7792296e+01  -8.6135397e+03   9.6369158e-01
   1.2447348e+00   4.1787086e+04   1.5875993e+01   0.0000000e+00   9.6413203e-01
   1.2449705e+00   4.0573916e+04   1.5594950e+01   0.0000000e+00   9.6450434e-01
   1.2452063e+00   4.0483312e+04   1.6358438e+01   0.0000000e+00   9.6423934e-01
   1.2454422e+00   3.7985884e+04   1.4542142e+01   0.0000000e+00   9.6385534e-01
   1.2456782e+00   3.7660375e+04   1.4720971e+01   0.0000000e+00   9.6397335e-01
   1.2459143e+00   3.7179611e+04   1.4580042e+01   0.0000000e+00   9.6442972e-01
   1.2461505e+00   3.7742894e+04   1.5153058e+01   0.0000000e+00   9.6462871e-01
   1.2463868e+00   3.5776317e+04   1.3981452e+01   0.0000000e+00   9.6445746e-01
   1.2466231e+00   3.6345902e+04   1.4155713e+01   0.0000000e+00   9.6386829e-01
   1.2468596e+00   3.5017519e+04   1.3653754e+01   0.0000000e+00   9.6385524e-01
   1.2470962e+00   3.4286384e+04   1.3649039e+01   0.0000000e+00   9.6431171e-01
   1.2473329e+00   3.4538503e+04   1.3508228e+01   0.0000000e+00   9.6450000e-01
   1.2475696e+00   3.3846010e+04   1.2998627e+01   0.0000000e+00   9.6450000e-01
   1.2478065e+00   3.2812362e+04   1.2876520e+01   0.0000000e+00   9.6356309e-01
   1.2480434e+00   3.2598765e+04   1.2820470e+01   0.0000000e+00   9.6131285e-01
   1.2482805e+00   3.3057176e+04   1.2557764e+01   0.0000000e+00   9.6118603e-01
   1.2485176e+00   3.2350074e+04   1.2376553e+01   0.0000000e+00   9.6350215e-01
   1.2487548e+00   3.1771591e+04   1.2328679e+01   0.0000000e+00   9.6479772e-01
   1.2489922e+00   3.0943400e+04   1.1958439e+01   0.0000000e+00   9.6475448e-01
   1.2492296e+00   3.1294413e+04   1.1816037e+01   0.0000000e+00   9.6394689e-01
   1.2494671e+00   3.1511920e+04   1.2194380e+01   0.0000000e+00   9.6267084e-01
   1.2497047e+00   3.2079553e+04   1.2397075e+01   0.0000000e+00   9.6316577e-01
   1.2499424e+00   3.2578710e+04   1.2187974e+01   0.0000000e+00   9.6414192e-01
   1.2501802e+00   3.3400021e+04   1.2890129e+01   0.0000000e+00   9.6433062e-01
   1.2504180e+00   3.3149486e+04   1.2269779e+01   0.0000000e+00   9.6456743e-01
   1.2506560e+00   3.1257476e+04   1.1749854e+01   0.0000000e+00   9.6432535e-01
   1.2508941e+00   2.9935604e+04   1.1462337e+01   0.0000000e+00   9.6226644e-01
   1.2511322e+00   3.0152290e+04   1.2440844e+01   0.0000000e+00   9.6093530e-01
   1.2513704e+00   2.7786156e+04   1.0285415e+01   0.0000000e+00   9.6276093e-01
   1.2516088e+00   2.7989161e+04   1.0588385e+01   0.0000000e+00   9.6401508e-01
   1.2518472e+00   2.7996652e+04   1.0372104e+01   0.0000000e+00   9.6412185e-01
   1.2520857e+00   2.8935318e+04   1.1103551e+01   0.0000000e+00   9.6469787e-01
   1.2523243e+00   3.0590070e+04   1.1671247e+01   0.0000000e+00   9.6303463e-01
   1.2525630e+00   3.4751741e+04   1.2725018e+01   0.0000000e+00   9.5954991e-01
   1.2528017e+00   3.7742655e+04   1.3458368e+01   0.0000000e+00   9.5997061e-01
   1.2530406e+00   3.6707508e+04   1.3072194e+01   0.0000000e+00   9.6344895e-01
   1.2532795e+00   3.2717803e+04   1.1961960e+01   0.0000000e+00   9.6489339e-01
   1.2535185e+00   3.0650279e+04   1.1594943e+01   0.0000000e+00   9.6495448e-01
   1.2537577e+00   2.6989856e+04   1.1009483e+01   0.0000000e+00   9.6480228e-01
   1.2539969e+00   2.6333226e+04   1.0559969e+01   0.0000000e+00   9.5780646e-01
   1.2542362e+00   2.6589201e+04   1.0065315e+01   0.0000000e+00   9.5109249e-01
   1.2544755e+00   2.6404066e+04   1.0059905e+01   0.0000000e+00   9.5814261e-01
   1.2547150e+00   2.6951487e+04   9.8995908e+00   0.0000000e+00   9.6487496e-01
   1.2549545e+00   2.7764154e+04   1.0268221e+01   0.0000000e+00   9.6426657e-01
   1.2551942e+00   2.7678140e+04   9.9508544e+00   0.0000000e+00   9.6220523e-01
   1.2554339e+00   2.6924718e+04   9.9383839e+00   0.0000000e+00   9.5795477e-01
   1.2556737e+00   2.5585457e+04   9.5979135e+00   0.0000000e+00   9.5261295e-01
   1.2559136e+00   2.5779383e+04   9.9436101e+00   0.0000000e+00   9.5354531e-01
   1.2561536e+00   2.5635860e+04   9.7962756e+00   0.0000000e+00   9.6079343e-01
   1.2563936e+00   2.5203683e+04   9.3144882e+00   0.0000000e+00   9.6481323e-01
   1.2566337e+00   2.5066536e+04   9.5120897e+00   0.0000000e+00   9.6497685e-01
   1.2568740e+00   2.5796798e+04   9.7066850e+00   0.0000000e+00   9.6474941e-01
   1.2571143e+00   3.1673952e+04   1.1548344e+01   0.0000000e+00   9.5700231e-01
   1.2573547e+00   3.3676307e+04   1.2096191e+01   0.0000000e+00   9.4765214e-01
   1.2575951e+00   3.1961308e+04   1.1726948e+01   0.0000000e+00   9.5395329e-01
   1.2578357e+00   2.6762267e+04   1.0205598e+01   0.0000000e+00   9.6304916e-01
   1.2580763e+00   2.3957118e+04   9.1203514e+00   0.0000000e+00   9.6300788e-01
   1.2583170e+00   2.4627751e+04   9.2482253e+00   0.0000000e+00   9.6177382e-01
   1.2585578e+00   2.3928141e+04   8.9679669e+00   0.0000000e+00   9.6221924e-01
   1.2587987e+00   2.3888421e+04   9.1409664e+00   0.0000000e+00   9.5652438e-01
   1.2590397e+00   2.4006457e+04   9.0010114e+00   0.0000000e+00   9.4547320e-01
   1.2592807e+00   2.4392327e+04   9.3662625e+00   0.0000000e+00   9.4716065e-01
   1.2595218e+00   2.3798065e+04   8.9752959e+00   0.0000000e+00   9.5602913e-01
   1.2597630e+00   2.6325798e+04   9.9911039e+00   0.0000000e+00   9.5919979e-01
   1.2600043e+00   2.8961273e+04   1.0592046e+01   0.0000000e+00   9.5790603e-01
   1.2602456e+00   2.8604258e+04   1.0310699e+01   0.0000000e+00   9.5329390e-01
   1.2604871e+00   2.5689962e+04   9.4049170e+00   0.0000000e+00   9.4240190e-01
   1.2607286e+00   2.3578336e+04   8.8701875e+00   0.0000000e+00   9.3345190e-01
   1.2609702e+00   2.3329566e+04   8.8529454e+00   0.0000000e+00   9.3993081e-01
   1.2612119e+00   2.2570217e+04   8.5988660e+00   0.0000000e+00   9.4665475e-01
   1.2614536e+00   2.3467502e+04   8.7360323e+00   0.0000000e+00   9.4662274e-01
   1.2616954e+00   3.1084818e+04   1.1516617e+01   0.0000000e+00   9.4605005e-01
   1.2619373e+00   3.5743450e+04   1.2604726e+01   0.0000000e+00   9.4229280e-01
   1.2621793e+00   3.6070696e+04   1.2950098e+01   0.0000000e+00   9.2719347e-01
   1.2624214e+00   2.9765587e+04   1.0942262e+01   0.0000000e+00   9.1318053e-01
   1.2626635e+00   2.3596497e+04   8.7487609e+00   0.0000000e+00   9.2140192e-01
   1.2629057e+00   2.2272350e+04   8.4182989e+00   0.0000000e+00   9.2890192e-01
   1.2631480e+00   2.2594652e+04   8.6023074e+00   0.0000000e+00   9.2753974e-01
   1.2633904e+00   2.2400044e+04   8.3581508e+00   0.0000000e+00   9.2649460e-01
   1.2636328e+00   2.2255055e+04   8.5154195e+00   0.0000000e+00   9.2798983e-01
   1.2638753e+00   2.3161046e+04   8.9286165e+00   0.0000000e+00   9.2406079e-01
   1.2641179e+00   2.2846972e+04   8.5300149e+00   0.0000000e+00   9.0300924e-01
   1.2643605e+00   2.2689229e+04   8.6501549e+00   0.0000000e+00   9.0561080e-01
   1.2646033e+00   2.2821642e+04   8.7286278e+00   0.0000000e+00   9.2822189e-01
   1.2648461e+00   2.2953342e+04   8.6622338e+00   0.0000000e+00   9.2442212e-01
   1.2650890e+00   2.2818779e+04   8.6163961e+00   0.0000000e+00   9.2142401e-01
   1.2653319e+00   2.2883474e+04   8.7416570e+00   0.0000000e+00   9.3146767e-01
   1.2655749e+00   2.5361550e+04   9.5956571e+00   0.0000000e+00   9.2970014e-01
   1.2658180e+00   2.6774922e+04   9.8792380e+00   0.0000000e+00   9.1518671e-01
   1.2660612e+00   2.6153255e+04   9.9113210e+00   0.0000000e+00   9.1154670e-01
   1.2663044e+00   2.4327733e+04   9.0370294e+00   0.0000000e+00   9.2879354e-01
   1.2665478e+00   2.3867883e+04   9.1776190e+00   0.0000000e+00   9.2092474e-01
   1.2667911e+00   2.3763966e+04   9.1807760e+00   0.0000000e+00   9.1074558e-01
   1.2670346e+00   2.3111371e+04   8.7334608e+00   0.0000000e+00   9.3619036e-01
   1.2672781e+00   2.3698566e+04   8.8105839e+00   0.0000000e+00   9.4631408e-01
   1.2675217e+00   2.3956357e+04   9.2812142e+00   0.0000000e+00   9.2532109e-01
   1.2677654e+00   2.2972553e+04   8.8703078e+00   0.0000000e+00   9.1939491e-01
   1.2680091e+00   2.3729256e+04   8.7232129e+00   0.0000000e+00   9.3546054e-01
   1.2682529e+00   2.3684356e+04   8.9377943e+00   0.0000000e+00   9.0371650e-01
   1.2684968e+00   2.3437971e+04   8.8045960e+00   0.0000000e+00   8.1211543e-01
   1.2687408e+00   2.3727360e+04   8.9015745e+00   0.0000000e+00   7.5660461e-01
   1.2689848e+00   2.4116402e+04   9.2511767e+00   0.0000000e+00   7.8875361e-01
   1.2692289e+00   2.3780095e+04   1.0611656e+01   0.0000000e+00   8.5553647e-01
   1.2694730e+00   2.3728571e+04   1.1986646e+01   0.0000000e+00   8.9738246e-01
   1.2697172e+00   2.4548888e+04   1.2808222e+01   0.0000000e+00   9.1473485e-01
   1.2699615e+00   2.4353381e+04   1.0915418e+01   0.0000000e+00   9.3217707e-01
   1.2702059e+00   2.3516153e+04   8.6911755e+00   0.0000000e+00   9.4579090e-01
   1.2704503e+00   2.3552246e+04   8.8610643e+00   0.0000000e+00   9.4279194e-01
   1.2706948e+00   2.4337352e+04   9.3982231e+00   0.0000000e+00   9.3312896e-01
   1.2709394e+00   2.3351803e+04   8.9138979e+00   0.0000000e+00   9.3207409e-01
   1.2711840e+00   2.3100747e+04   8.5153371e+00   0.0000000e+00   9.3722728e-01
   1.2714287e+00   2.3900143e+04   8.9189709e+00   0.0000000e+00   9.4124507e-01
   1.2716734e+00   2.3626404e+04   8.7504566e+00   0.0000000e+00   9.4062967e-01
   1.2719182e+00   2.3492722e+04   8.5821186e+00   0.0000000e+00   9.3621267e-01
   1.2721631e+00   2.4332522e+04   9.1161883e+00   0.0000000e+00   9.3864032e-01
   1.2724081e+00   2.4901138e+04   9.5407515e+00   0.0000000e+00   9.4371377e-01
   1.2726531e+00   2.4183529e+04   9.0636871e+00   0.0000000e+00   9.3676907e-01
   1.2728982e+00   2.3571797e+04   8.9060978e+00   0.0000000e+00   9.3110343e-01
   1.2731433e+00   2.3931165e+04   8.9939954e+00   0.0000000e+00   9.4204168e-01
   1.2733885e+00   2.3866665e+04   8.8509931e+00   0.0000000e+00   9.4881325e-01
   1.2736338e+00   2.3688134e+04   8.9210888e+00   0.0000000e+00   9.3801185e-01
   1.2738791e+00   2.4273096e+04   8.9070954e+00   0.0000000e+00   9.3364206e-01
   1.2741245e+00   2.4357995e+04   9.0915675e+00   0.0000000e+00   9.4450143e-01
   1.2743700e+00   2.4216147e+04   9.0297404e+00   0.0000000e+00   9.5465180e-01
   1.2746155e+00   2.4626561e+04   9.1762269e+00   0.0000000e+00   9.5051298e-01
   1.2748611e+00   2.3967121e+04   9.2105146e+00   0.0000000e+00   9.3991888e-01
   1.2751067e+00   2.3915717e+04   8.9625483e+00   0.0000000e+00   9.4303043e-01
   1.2753524e+00   2.4028933e+04   9.0602255e+00   0.0000000e+00   9.5506757e-01
   1.2755982e+00   2.4652357e+04   9.2803236e+00   0.0000000e+00   9.6012144e-01
   1.2758440e+00   2.7027384e+04   1.0186177e+01   0.0000000e+00   9.5393962e-01
   1.2760899e+00   4.2457620e+04   1.6245487e+01   0.0000000e+00   9.4444547e-01
   1.2763359e+00   5.7568693e+04   2.0022660e+01   0.0000000e+00   9.4234511e-01
   1.2765819e+00   5.5719794e+04   1.9572914e+01   0.0000000e+00   9.4941757e-01
   1.2768279e+00   4.0251009e+04   1.5404855e+01   0.0000000e+00   9.4149979e-01
   1.2770741e+00   2.7563121e+04   1.0184681e+01   0.0000000e+00   9.2332942e-01
   1.2773203e+00   3.2062862e+04   1.2472599e+01   0.0000000e+00   9.3238706e-01
   1.2775665e+00   3.5613623e+04   1.3571712e+01   0.0000000e+00   9.5356224e-01
   1.2778128e+00   3.4241071e+04   1.2965441e+01   0.0000000e+00   9.6256174e-01
   1.2780592e+00   2.8702639e+04   1.1622309e+01   0.0000000e+00   9.5867321e-01
   1.2783056e+00   2.5142886e+04   1.0104828e+01   0.0000000e+00   9.4889773e-01
   1.2785521e+00   2.4523318e+04   9.4112730e+00   0.0000000e+00   9.5037600e-01
   1.2787986e+00   2.5063707e+04   9.5352030e+00   0.0000000e+00   9.5841058e-01
   1.2790452e+00   2.6971962e+04   9.8736681e+00   0.0000000e+00   9.4905533e-01
   1.2792918e+00   2.7273506e+04   1.0181085e+01   0.0000000e+00   9.3691782e-01
   1.2795386e+00   2.7719915e+04   9.9263217e+00   0.0000000e+00   9.4118763e-01
   1.2797853e+00   2.6273323e+04   9.6810121e+00   0.0000000e+00   9.4243493e-01
   1.2800321e+00   2.4362668e+04   8.9581869e+00   0.0000000e+00   9.4568411e-01
   1.2802790e+00   2.4678935e+04   9.2036837e+00   0.0000000e+00   9.5464672e-01
   1.2805259e+00   2.4465616e+04   8.9160200e+00   0.0000000e+00   9.5014015e-01
   1.2807729e+00   2.4780881e+04   9.2438288e+00   0.0000000e+00   9.3525497e-01
   1.2810200e+00   2.4622656e+04   9.1030260e+00   0.0000000e+00   9.3657075e-01
   1.2812670e+00   2.4981673e+04   9.0352121e+00   0.0000000e+00   9.5427053e-01
   1.2815142e+00   2.6372951e+04   9.7136479e+00   0.0000000e+00   9.6295380e-01
   1.2817614e+00   2.5958810e+04   9.5890594e+00   0.0000000e+00   9.6327641e-01
   1.2820087e+00   2.4907296e+04   9.1346860e+00   0.0000000e+00   9.6386681e-01
   1.2822560e+00   2.5496899e+04   1.0254163e+01   0.0000000e+00   9.6215472e-01
   1.2825033e+00   2.4604140e+04   9.2241360e+00   0.0000000e+00   9.6035128e-01
   1.2827507e+00   2.5166993e+04   9.5617910e+00   0.0000000e+00   9.6157005e-01
   1.2829982e+00   2.5151497e+04   9.3245770e+00   0.0000000e+00   9.5886213e-01
   1.2832457e+00   2.4986334e+04   9.2734944e+00   0.0000000e+00   9.5427211e-01
   1.2834933e+00   2.4772281e+04   9.0808294e+00   0.0000000e+00   9.5765572e-01
   1.2837409e+00   2.4571987e+04   9.2667781e+00   0.0000000e+00   9.5990264e-01
   1.2839886e+00   2.5057777e+04   9.5436584e+00   0.0000000e+00   9.5314024e-01
   1.2842363e+00   2.5298754e+04   9.2247101e+00   0.0000000e+00   9.4758698e-01
   1.2844841e+00   2.5151174e+04   9.3696728e+00   0.0000000e+00   9.4308038e-01
   1.2847319e+00   2.5403705e+04   9.4167959e+00   0.0000000e+00   9.4279860e-01
   1.2849798e+00   2.5122782e+04   9.3778580e+00   0.0000000e+00   9.5504474e-01
   1.2852277e+00   2.5029783e+04   9.2810650e+00   0.0000000e+00   9.6386652e-01
   1.2854757e+00   2.5765530e+04   9.6852125e+00   0.0000000e+00   9.6313205e-01
   1.2857237e+00   2.5326261e+04   9.4375438e+00   0.0000000e+00   9.6041379e-01
   1.2859718e+00   2.4623590e+04   9.1888392e+00   0.0000000e+00   9.6030344e-01
   1.2862199e+00   2.5249025e+04   9.3917455e+00   0.0000000e+00   9.6190000e-01
   1.2864681e+00   2.5087582e+04   9.2958785e+00   0.0000000e+00   9.6002887e-01
   1.2867163e+00   2.5236082e+04   9.2440933e+00   0.0000000e+00   9.5891857e-01
   1.2869646e+00   2.5684740e+04   9.7628496e+00   0.0000000e+00   9.5883228e-01
   1.2872129e+00   2.6998551e+04   1.0048425e+01   0.0000000e+00   9.5545707e-01
   1.2874613e+00   3.1184321e+04   1.1367050e+01   0.0000000e+00   9.5602725e-01
   1.2877097e+00   3.2323311e+04   1.2375451e+01   0.0000000e+00   9.6031374e-01
   1.2879581e+00   3.0563024e+04   1.1496271e+01   0.0000000e+00   9.5393699e-01
   1.2882066e+00   2.6454025e+04   9.6966229e+00   0.0000000e+00   9.3822211e-01
   1.2884552e+00   2.5763919e+04   9.5127982e+00   0.0000000e+00   9.1899772e-01
   1.2887038e+00   2.5701748e+04   9.4289504e+00   0.0000000e+00   8.9972047e-01
   1.2889524e+00   2.5425578e+04   9.2657117e+00   0.0000000e+00   9.0049592e-01
   1.2892011e+00   2.5262807e+04   9.3608971e+00   0.0000000e+00   9.1927005e-01
   1.2894498e+00   2.5788124e+04   9.6566240e+00   0.0000000e+00   9.3832175e-01
   1.2896986e+00   2.5490250e+04   9.2989684e+00   0.0000000e+00   9.5447845e-01
   1.2899474e+00   2.5866442e+04   9.7200631e+00   0.0000000e+00   9.5316978e-01
   1.2901963e+00   2.6183774e+04   9.6687937e+00   0.0000000e+00   9.3060956e-01
   1.2904452e+00   2.6368093e+04   9.6543108e+00   0.0000000e+00   9.2407563e-01
   1.2906941e+00   2.6009233e+04   9.3343192e+00   0.0000000e+00   9.4497698e-01
   1.2909431e+00   2.6352520e+04   9.4733787e+00   0.0000000e+00   9.5914805e-01
   1.2911922e+00   2.6981455e+04   1.0786881e+01   0.0000000e+00   9.5732390e-01
   1.2914413e+00   2.6394956e+04   9.5465757e+00   0.0000000e+00   9.3416520e-01
   1.2916904e+00   2.6947735e+04   9.7586995e+00   0.0000000e+00   8.9110398e-01
   1.2919395e+00   3.4960018e+04   1.3552133e+01   0.0000000e+00   8.8417897e-01
   1.2921887e+00   4.7354605e+04   1.6906074e+01   0.0000000e+00   9.2441606e-01
   1.2924380e+00   4.8790061e+04   1.7035107e+01   0.0000000e+00   9.4360547e-01
   1.2926873e+00   4.0605314e+04   1.5063732e+01   0.0000000e+00   9.3899279e-01
   1.2929366e+00   2.8914258e+04   1.0630646e+01   0.0000000e+00   9.5008199e-01
   1.2931860e+00   2.6752452e+04   9.7822095e+00   0.0000000e+00   9.6190841e-01
   1.2934354e+00   2.7302666e+04   1.0097665e+01   0.0000000e+00   9.5974327e-01
   1.2936849e+00   2.7112534e+04   9.9107432e+00   0.0000000e+00   9.4989117e-01
   1.2939343e+00   2.6922023e+04   9.7810693e+00   0.0000000e+00   9.3881031e-01
   1.2941839e+00   2.7615249e+04   1.0250309e+01   0.0000000e+00   9.3968272e-01
   1.2944335e+00   2.7306134e+04   1.0261103e+01   0.0000000e+00   9.4682255e-01
   1.2946831e+00   2.7120713e+04   1.0179300e+01   0.0000000e+00   9.4359570e-01
   1.2949327e+00   2.6642989e+04   9.8569023e+00   0.0000000e+00   9.4262729e-01
   1.2951824e+00   2.6940075e+04   1.0048528e+01   0.0000000e+00   9.3981286e-01
   1.2954321e+00   2.7538850e+04   1.0395612e+01   0.0000000e+00   9.0394963e-01
   1.2956819e+00   2.7624460e+04   1.0029991e+01   0.0000000e+00   8.7554137e-01
   1.2959317e+00   3.1929334e+04   1.1928529e+01   0.0000000e+00   9.0294405e-01
   1.2961815e+00   3.5745485e+04   1.2773523e+01   0.0000000e+00   9.3881746e-01
   1.2964314e+00   3.4879755e+04   1.2495019e+01   0.0000000e+00   9.3927827e-01
   1.2966813e+00   3.0375266e+04   1.1146589e+01   0.0000000e+00   9.0892178e-01
   1.2969313e+00   2.7822499e+04   1.0250877e+01   0.0000000e+00   8.7736898e-01
   1.2971812e+00   2.7292450e+04   1.0145873e+01   0.0000000e+00   8.4030641e-01
   1.2974313e+00   2.6969118e+04   9.8729157e+00   0.0000000e+00   8.1643841e-01
   1.2976813e+00   2.7602559e+04   1.0830331e+01   0.0000000e+00   8.5105620e-01
   1.2979314e+00   2.8219420e+04   1.0719674e+01   0.0000000e+00   8.8816725e-01
   1.2981815e+00   2.7402882e+04   1.0361390e+01   0.0000000e+00   9.1171050e-01
   1.2984317e+00   2.7792794e+04   1.0583167e+01   0.0000000e+00   9.4477352e-01
   1.2986819e+00   2.8249190e+04   1.0614789e+01   0.0000000e+00   9.6124617e-01
   1.2989321e+00   2.7884838e+04   1.0514839e+01   0.0000000e+00   9.6264230e-01
   1.2991824e+00   2.7785034e+04   1.0169177e+01   0.0000000e+00   9.3623301e-01
   1.2994327e+00   2.8863546e+04   1.0604409e+01   0.0000000e+00   8.6373277e-01
   1.2996830e+00   3.2815210e+04   1.2283222e+01   0.0000000e+00   8.3413563e-01
   1.2999334e+00   4.7877372e+04   1.7112170e+01   0.0000000e+00   8.7782722e-01
   1.3001838e+00   5.3824591e+04   1.8750448e+01   0.0000000e+00   8.7584006e-01
   1.3004342e+00   4.8450472e+04   1.7323794e+01   0.0000000e+00   8.4021885e-01
   1.3006847e+00   3.3160410e+04   1.2255285e+01   0.0000000e+00   8.4115212e-01
   1.3009352e+00   2.8954874e+04   1.0570490e+01   0.0000000e+00   8.4701287e-01
   1.3011857e+00   2.9047154e+04   1.0526710e+01   0.0000000e+00   8.7409131e-01
   1.3014362e+00   2.8376292e+04   1.0495781e+01   0.0000000e+00   9.2991368e-01
   1.3016868e+00   2.7861016e+04   1.0118936e+01   0.0000000e+00   9.5802457e-01
   1.3019374e+00   2.8739804e+04   1.0600400e+01   0.0000000e+00   9.4649991e-01
   1.3021881e+00   2.9069308e+04   1.0806577e+01   0.0000000e+00   9.2819712e-01
   1.3024388e+00   2.9058122e+04   1.0862646e+01   0.0000000e+00   9.0642149e-01
   1.3026895e+00   2.9403183e+04   1.0910618e+01   0.0000000e+00   8.7844998e-01
   1.3029402e+00   2.9486825e+04   1.0808750e+01   0.0000000e+00   8.8739190e-01
   1.3031910e+00   2.8616853e+04   1.0616644e+01   0.0000000e+00   8.6465449e-01
   1.3034418e+00   2.7955864e+04   1.0299572e+01   0.0000000e+00   8.1314759e-01
   1.3036926e+00   2.9001707e+04   1.0640285e+01   0.0000000e+00   8.3044916e-01
   1.3039434e+00   2.8860014e+04   1.0683141e+01   0.0000000e+00   7.9868590e-01
   1.3041943e+00   2.8526818e+04   1.0581764e+01   0.0000000e+00   7.0487057e-01
   1.3044452e+00   2.9407280e+04   1.0890412e+01   0.0000000e+00   7.2259233e-01
   1.3046962e+00   2.9524221e+04   1.0902957e+01   0.0000000e+00   8.6004328e-01
   1.3049471e+00   3.0803237e+04   1.1340620e+01   0.0000000e+00   9.4702869e-01
   1.3051981e+00   3.5585957e+04   1.3032503e+01   0.0000000e+00   9.2127798e-01
   1.3054491e+00   3.7336808e+04   1.3202747e+01   0.0000000e+00   8.7897225e-01
   1.3057002e+00   3.5143139e+04   1.2692337e+01   0.0000000e+00   8.9647237e-01
   1.3059512e+00   3.0841647e+04   1.1448864e+01   0.0000000e+00   9.3305979e-01
   1.3062023e+00   3.0172016e+04   1.1003655e+01   0.0000000e+00   9.1253651e-01
   1.3064534e+00   3.1165753e+04   1.1594470e+01   0.0000000e+00   7.7978246e-01
   1.3067046e+00   3.0880551e+04   1.1484616e+01   0.0000000e+00   6.8315425e-01
   1.3069558e+00   3.1509642e+04   1.1670649e+01   0.0000000e+00   7.7286579e-01
   1.3072070e+00   3.2283264e+04   1.2481803e+01   0.0000000e+00   8.7697373e-01
   1.3074582e+00   3.2040305e+04   1.2357610e+01   0.0000000e+00   9.2139347e-01
   1.3077094e+00   3.3188849e+04   1.2972778e+01   0.0000000e+00   8.7428822e-01
   1.3079607e+00   4.1339614e+04   1.4914639e+01   0.0000000e+00   7.5305486e-01
   1.3082120e+00   3.6119743e+04   1.8508066e+01   0.0000000e+00   7.6640368e-01
   1.3084633e+00   4.5124778e+04   2.2072889e+01   0.0000000e+00   8.8752821e-01
   1.3087146e+00   4.7083677e+04   2.7082431e+01   0.0000000e+00   9.3119146e-01
   1.3089660e+00   3.9002813e+04   2.2444240e+01   0.0000000e+00   8.9993376e-01
   1.3092174e+00   2.7631069e+04   1.5580190e+01   0.0000000e+00   8.8693578e-01
   1.3094688e+00   2.5034645e+04   1.2272493e+01   0.0000000e+00   8.1477432e-01
   1.3097202e+00   2.7015261e+04   2.0400888e+01   0.0000000e+00   6.8900270e-01
   1.3099716e+00   2.4420605e+04   1.5243277e+01   0.0000000e+00   6.9575500e-01
   1.3102231e+00   2.1378435e+04   1.3725241e+01   0.0000000e+00   7.3349529e-01
   1.3104746e+00   2.0231819e+04   1.1499152e+01   0.0000000e+00   7.1662519e-01
   1.3107261e+00   1.9153388e+04   1.0259766e+01   0.0000000e+00   7.9918663e-01
   1.3109776e+00   1.9412528e+04   1.1440710e+01   0.0000000e+00   8.8943162e-01
   1.3112292e+00   1.9155330e+04   1.0161304e+01   0.0000000e+00   9.1317338e-01
   1.3114808e+00   1.8792932e+04   9.3525075e+00   0.0000000e+00   9.4047915e-01
   1.3117323e+00   1.8131441e+04   8.8394303e+00   0.0000000e+00   9.5022700e-01
   1.3119840e+00   1.7890590e+04   7.9148677e+00   0.0000000e+00   9.0031326e-01
   1.3122356e+00   1.8837838e+04   7.8839362e+00   0.0000000e+00   8.0959504e-01
   1.3124872e+00   1.8305334e+04   7.2013109e+00   0.0000000e+00   8.0332968e-01
   1.3127389e+00   1.8570332e+04   7.0353040e+00   0.0000000e+00   8.3918074e-01
   1.3129906e+00   1.9082506e+04   7.6149919e+00   0.0000000e+00   8.1682719e-01
   1.3132423e+00   1.8815878e+04   7.4257407e+00   0.0000000e+00   7.9963949e-01
   1.3134940e+00   1.8755878e+04   7.5862019e+00   0.0000000e+00   7.2699191e-01
   1.3137457e+00   1.9183634e+04   7.4928101e+00   0.0000000e+00   6.4655508e-01
   1.3139975e+00   1.9768382e+04   7.9203528e+00   0.0000000e+00   7.2369463e-01
   1.3142492e+00   1.9379760e+04   7.5458136e+00   0.0000000e+00   7.8322223e-01
   1.3145010e+00   1.9378450e+04   7.4938060e+00   0.0000000e+00   7.3984640e-01
   1.3147528e+00   2.0902346e+04   8.0279046e+00   0.0000000e+00   7.1216093e-01
   1.3150046e+00   2.3412124e+04   8.7704775e+00   0.0000000e+00   7.5809028e-01
   1.3152565e+00   2.3177657e+04   8.8949382e+00   0.0000000e+00   7.7940582e-01
   1.3155083e+00   2.1022041e+04   8.5429049e+00   0.0000000e+00   7.2666386e-01
   1.3157602e+00   1.9266457e+04   7.7988405e+00   0.0000000e+00   7.6083001e-01
   1.3160121e+00   1.9041668e+04   7.2226815e+00   0.0000000e+00   8.7088178e-01
   1.3162640e+00   1.8841106e+04   7.4189775e+00   0.0000000e+00   9.2780273e-01
   1.3165159e+00   1.8944199e+04   7.5237265e+00   0.0000000e+00   9.1675495e-01
   1.3167678e+00   2.0201124e+04   7.6340312e+00   0.0000000e+00   8.0135319e-01
   1.3170197e+00   2.1091489e+04   8.2133115e+00   0.0000000e+00   6.9343103e-01
   1.3172717e+00   2.1485390e+04   8.4176148e+00   0.0000000e+00   7.8674783e-01
   1.3175236e+00   2.4676698e+04   9.2752166e+00   0.0000000e+00   9.0735101e-01
   1.3177756e+00   2.6921034e+04   1.0066685e+01   0.0000000e+00   9.2519090e-01
   1.3180276e+00   2.5391787e+04   9.6630872e+00   0.0000000e+00   8.8861819e-01
   1.3182796e+00   2.1347212e+04   7.9528665e+00   0.0000000e+00   7.8190173e-01
   1.3185316e+00   1.9658795e+04   7.7862129e+00   0.0000000e+00   6.9458596e-01
   1.3187836e+00   1.8999106e+04   7.5337233e+00   0.0000000e+00   7.2837069e-01
   1.3190356e+00   1.9178667e+04   7.3166883e+00   0.0000000e+00   7.8409097e-01
   1.3192877e+00   1.8819597e+04   7.2786036e+00   0.0000000e+00   7.5059605e-01
   1.3195397e+00   1.8468575e+04   7.2660399e+00   0.0000000e+00   7.5938376e-01
   1.3197918e+00   1.8184039e+04   1.3576629e+01   0.0000000e+00   7.5530997e-01
   1.3200438e+00   1.8125115e+04   7.2778946e+00   0.0000000e+00   5.8703346e-01
   1.3202959e+00   2.0354613e+04   2.0393053e+01   0.0000000e+00   5.1844604e-01
   1.3205480e+00   2.1499057e+04   8.2504923e+00   0.0000000e+00   6.8025722e-01
   1.3208001e+00   2.1710293e+04   8.0954847e+00   0.0000000e+00   7.9738785e-01
   1.3210522e+00   2.0504457e+04   7.9600882e+00   0.0000000e+00   7.3354757e-01
   1.3213043e+00   1.8704954e+04   7.1580803e+00   0.0000000e+00   6.6514119e-01
   1.3215565e+00   1.8618153e+04   7.7245689e+00   0.0000000e+00   7.3380950e-01
   1.3218086e+00   1.8013041e+04   7.3132923e+00   0.0000000e+00   8.1710066e-01
   1.3220607e+00   1.8040299e+04   7.4844247e+00   0.0000000e+00   8.0944340e-01
   1.3223129e+00   1.8493090e+04   7.2885286e+00   0.0000000e+00   7.4884625e-01
   1.3225650e+00   1.9953718e+04   7.8647892e+00   0.0000000e+00   7.0715443e-01
   1.3228172e+00   2.0023307e+04   8.1543845e+00   0.0000000e+00   6.5812072e-01
   1.3230694e+00   1.9866771e+04   7.7193460e+00   0.0000000e+00   5.9163718e-01
   1.3233215e+00   1.8978157e+04   7.9273328e+00   0.0000000e+00   6.3570415e-01
   1.3235737e+00   1.9098729e+04   7.5459143e+00   0.0000000e+00   7.9573808e-01
   1.3238259e+00   1.8613515e+04   7.2425528e+00   0.0000000e+00   8.2487914e-01
   1.3240781e+00   1.8470433e+04   7.3372432e+00   0.0000000e+00   6.8727568e-01
   1.3243303e+00   1.8794774e+04   7.3886943e+00   0.0000000e+00   6.5782767e-01
   1.3245825e+00   2.2783294e+04   8.6432532e+00   0.0000000e+00   8.1005047e-01
   1.3248347e+00   2.7534361e+04   1.0300129e+01   0.0000000e+00   9.0978309e-01
   1.3250869e+00   2.8147313e+04   1.0252224e+01   0.0000000e+00   8.3655180e-01
   1.3253391e+00   2.3945409e+04   9.0135182e+00   0.0000000e+00   7.0332990e-01
   1.3255914e+00   2.1100706e+04   8.2096728e+00   0.0000000e+00   7.0342931e-01
   1.3258436e+00   2.0223044e+04   7.7839956e+00   0.0000000e+00   8.1748281e-01
   1.3260958e+00   1.9941882e+04   7.7591924e+00   0.0000000e+00   8.1783950e-01
   1.3263480e+00   1.9249964e+04   7.3898899e+00   0.0000000e+00   7.6190392e-01
   1.3266003e+00   1.9008311e+04   7.2600214e+00   0.0000000e+00   7.8503671e-01
   1.3268525e+00   1.8901452e+04   7.3045766e+00   0.0000000e+00   7.0335382e-01
   1.3271047e+00   1.9595743e+04   7.3991609e+00   0.0000000e+00   5.8721910e-01
   1.3273570e+00   2.2242620e+04   8.5204334e+00   0.0000000e+00   6.3768949e-01
   1.3276092e+00   2.5447559e+04   9.4874786e+00   0.0000000e+00   6.7544155e-01
   1.3278614e+00   2.5327852e+04   9.4131689e+00   0.0000000e+00   6.5941367e-01
   1.3281137e+00   2.1968937e+04   8.3369945e+00   0.0000000e+00   6.4738269e-01
   1.3283659e+00   1.9418859e+04   7.5322763e+00   0.0000000e+00   5.4384910e-01
   1.3286182e+00   1.9265131e+04   7.4699736e+00   0.0000000e+00   4.6193004e-01
   1.3288704e+00   1.9170778e+04   7.3312477e+00   0.0000000e+00   4.5279439e-01
   1.3291226e+00   2.0774040e+04   8.0284391e+00   0.0000000e+00   5.0182141e-01
   1.3293749e+00   2.7635661e+04   1.0218966e+01   0.0000000e+00   5.6675673e-01
   1.3296271e+00   2.9859520e+04   1.0776550e+01   0.0000000e+00   6.1862429e-01
   1.3298794e+00   2.7594597e+04   1.0146162e+01   0.0000000e+00   6.0055743e-01
   1.3301316e+00   2.1651863e+04   8.4809153e+00   0.0000000e+00   5.5468430e-01
   1.3303838e+00   1.9911510e+04   8.0367488e+00   0.0000000e+00   5.7418631e-01
   1.3306361e+00   1.9538087e+04   7.9179435e+00   0.0000000e+00   5.2867754e-01
   1.3308883e+00   1.9143304e+04   7.3135755e+00   0.0000000e+00   4.5054112e-01
   1.3311405e+00   1.9420916e+04   7.3772536e+00   0.0000000e+00   4.2910110e-01
   1.3313927e+00   1.9918840e+04   7.5644914e+00   0.0000000e+00   4.4347932e-01
   1.3316450e+00   2.0068798e+04   8.4808615e+00   0.0000000e+00   4.4707865e-01
   1.3318972e+00   2.0639517e+04   9.0952434e+00   0.0000000e+00   3.9549174e-01
   1.3321494e+00   2.1033897e+04   1.0536451e+01   0.0000000e+00   3.7557413e-01
   1.3324016e+00   2.0319488e+04   8.6730230e+00   0.0000000e+00   4.4698480e-01
   1.3326538e+00   2.0240024e+04   8.3971484e+00   0.0000000e+00   5.3161618e-01
   1.3329060e+00   1.9630682e+04   7.8397868e+00   0.0000000e+00   5.5316657e-01
   1.3331582e+00   2.0430160e+04   8.4018357e+00   0.0000000e+00   5.5879308e-01
   1.3334104e+00   2.3059957e+04   8.7451152e+00   0.0000000e+00   4.8717217e-01
   1.3336626e+00   2.4107945e+04   9.3366427e+00   0.0000000e+00   3.4427557e-01
   1.3339148e+00   2.2963322e+04   8.8402562e+00   0.0000000e+00   3.7453207e-01
   1.3341669e+00   2.0248713e+04   7.7120383e+00   0.0000000e+00   5.9678255e-01
   1.3344191e+00   1.9858872e+04   7.6997984e+00   0.0000000e+00   7.5302844e-01
   1.3346713e+00   2.0190233e+04   7.7164008e+00   0.0000000e+00   6.6582503e-01
   1.3349234e+00   1.9557709e+04   7.3200817e+00   0.0000000e+00   5.6719848e-01
   1.3351756e+00   1.9611772e+04   7.2581736e+00   0.0000000e+00   6.5521338e-01
   1.3354277e+00   1.9810278e+04   7.8011456e+00   0.0000000e+00   7.0490856e-01
   1.3356798e+00   2.0559983e+04   8.3014642e+00   0.0000000e+00   6.0589671e-01
   1.3359320e+00   2.0677160e+04   7.9705599e+00   0.0000000e+00   4.6988692e-01
   1.3361841e+00   2.1310847e+04   7.9063885e+00   0.0000000e+00   4.8886999e-01
   1.3364362e+00   2.1274641e+04   8.0419898e+00   0.0000000e+00   6.4925655e-01
   1.3366883e+00   2.0867450e+04   7.9678702e+00   0.0000000e+00   6.3741923e-01
   1.3369404e+00   2.1052194e+04   8.6666203e+00   0.0000000e+00   4.7160685e-01
   1.3371924e+00   2.0731618e+04   7.7086324e+00   0.0000000e+00   3.7887713e-01
   1.3374445e+00   2.0765097e+04   7.9895410e+00   0.0000000e+00   3.5503438e-01
   1.3376966e+00   2.0639780e+04   7.7618963e+00   0.0000000e+00   3.6521976e-01
   1.3379486e+00   2.2062632e+04   8.5300620e+00   0.0000000e+00   4.3564723e-01
   1.3382006e+00   2.2001284e+04   8.2557948e+00   0.0000000e+00   6.2816175e-01
   1.3384527e+00   2.1277553e+04   8.2429590e+00   0.0000000e+00   7.2443892e-01
   1.3387047e+00   2.0764212e+04   7.8097805e+00   0.0000000e+00   6.9413455e-01
   1.3389567e+00   2.1295405e+04   8.2245553e+00   0.0000000e+00   6.7454067e-01
   1.3392087e+00   2.1114499e+04   7.9453196e+00   0.0000000e+00   6.3997110e-01
   1.3394607e+00   2.0682709e+04   7.9388412e+00   0.0000000e+00   6.8671114e-01
   1.3397126e+00   2.0587828e+04   7.9210416e+00   0.0000000e+00   7.2372889e-01
   1.3399646e+00   2.1045570e+04   8.1586410e+00   0.0000000e+00   5.6397014e-01
   1.3402165e+00   2.0679923e+04   8.0480285e+00   0.0000000e+00   3.4070814e-01
   1.3404685e+00   2.1043227e+04   8.3407431e+00   0.0000000e+00   3.3472985e-01
   1.3407204e+00   2.0896090e+04   8.0055491e+00   0.0000000e+00   5.2906699e-01
   1.3409723e+00   2.0475604e+04   7.8113183e+00   0.0000000e+00   6.3977034e-01
   1.3412242e+00   2.0512084e+04   7.8183463e+00   0.0000000e+00   5.7080244e-01
   1.3414760e+00   2.0811313e+04   7.7357027e+00   0.0000000e+00   5.0414985e-01
   1.3417279e+00   2.1261973e+04   8.1690289e+00   0.0000000e+00   5.9652182e-01
   1.3419797e+00   2.1091089e+04   7.7202572e+00   0.0000000e+00   7.0985109e-01
   1.3422316e+00   2.1647279e+04   8.2082329e+00   0.0000000e+00   7.2905858e-01
   1.3424834e+00   2.1461946e+04   8.0561087e+00   0.0000000e+00   6.4147698e-01
   1.3427352e+00   2.1514033e+04   8.1277031e+00   0.0000000e+00   5.2928422e-01
   1.3429870e+00   2.1724146e+04   8.1378418e+00   0.0000000e+00   5.1876790e-01
   1.3432387e+00   2.1732951e+04   8.4515728e+00   0.0000000e+00   6.0482555e-01
   1.3434905e+00   2.2107408e+04   8.5222365e+00   0.0000000e+00   6.5914270e-01
   1.3437422e+00   2.8095085e+04   1.0745340e+01   0.0000000e+00   5.3666875e-01
   1.3439939e+00   4.6766807e+04   1.7397556e+01   0.0000000e+00   3.0315819e-01
   1.3442456e+00   5.6079436e+04   1.9724499e+01   0.0000000e+00   1.7609964e-01
   1.3444973e+00   4.8122355e+04   1.7508791e+01   0.0000000e+00   1.9070272e-01
   1.3447489e+00   3.0480219e+04   1.1457006e+01   0.0000000e+00   3.3470891e-01
   1.3450006e+00   2.6133783e+04   9.9422013e+00   0.0000000e+00   5.6573204e-01
   1.3452522e+00   3.1655981e+04   1.1606820e+01   0.0000000e+00   5.9711131e-01
   1.3455038e+00   3.4138982e+04   1.2228403e+01   0.0000000e+00   4.3862577e-01
   1.3457554e+00   3.1546882e+04   1.1308485e+01   0.0000000e+00   3.6435865e-01
   1.3460070e+00   2.5450224e+04   9.5699026e+00   0.0000000e+00   3.9546239e-01
   1.3462585e+00   2.3055732e+04   8.8843456e+00   0.0000000e+00   3.7252406e-01
   1.3465100e+00   2.3404226e+04   9.0317625e+00   0.0000000e+00   2.8453842e-01
   1.3467615e+00   2.3974142e+04   9.0346415e+00   0.0000000e+00   2.5738694e-01
   1.3470130e+00   2.5740743e+04   9.5712935e+00   0.0000000e+00   2.9464998e-01
   1.3472645e+00   2.6872352e+04   1.0097559e+01   0.0000000e+00   2.7125933e-01
   1.3475159e+00   2.6346858e+04   9.6479605e+00   0.0000000e+00   1.6685111e-01
   1.3477673e+00   2.4275793e+04   9.1490216e+00   0.0000000e+00   6.3285045e-02
   1.3480187e+00   2.3086243e+04   8.9007427e+00   0.0000000e+00   2.4622161e-02
   1.3482701e+00   2.2917301e+04   8.7290303e+00   0.0000000e+00   5.8288515e-02
   1.3485215e+00   2.3359994e+04   9.0322819e+00   0.0000000e+00   9.6479833e-02
   1.3487728e+00   2.3834829e+04   8.8607173e+00   0.0000000e+00   1.4121166e-01
   1.3490241e+00   2.3939044e+04   8.9508004e+00   0.0000000e+00   2.5206302e-01
   1.3492754e+00   2.4832450e+04   9.7142204e+00   0.0000000e+00   3.5781992e-01
   1.3495266e+00   2.5020841e+04   9.4038635e+00   0.0000000e+00   3.3666151e-01
   1.3497779e+00   2.5178429e+04   9.9058095e+00   0.0000000e+00   2.2849008e-01
   1.3500291e+00   2.4319912e+04   9.5087958e+00   0.0000000e+00   1.2587843e-01
   1.3502803e+00   2.4224577e+04   9.1538722e+00   0.0000000e+00   4.7724737e-02
   1.3505314e+00   2.4130415e+04   9.2692342e+00   0.0000000e+00   3.2895688e-02
   1.3507826e+00   2.3889585e+04   9.1195190e+00   0.0000000e+00   5.6738453e-02
   1.3510337e+00   2.4225163e+04   9.2567092e+00   0.0000000e+00   6.7253246e-02
   1.3512848e+00   2.4932294e+04   9.4797968e+00   0.0000000e+00   4.4777529e-02
   1.3515358e+00   2.4873983e+04   9.3675617e+00   0.0000000e+00   2.1627725e-02
   1.3517869e+00   2.4807349e+04   9.5010242e+00   0.0000000e+00   3.4890406e-02
   1.3520379e+00   2.5324281e+04   9.2652067e+00   0.0000000e+00   6.3670183e-02
   1.3522889e+00   2.5497871e+04   9.4232221e+00   0.0000000e+00   6.4621593e-02
   1.3525398e+00   2.6079158e+04   9.6622244e+00   0.0000000e+00   3.8617330e-02
   1.3527908e+00   2.5784693e+04   1.0187662e+01   0.0000000e+00   2.4120450e-02
   1.3530417e+00   2.5068867e+04   9.3028710e+00   0.0000000e+00   1.4027247e-02
   1.3532925e+00   2.4638068e+04   9.7515457e+00   0.0000000e+00   7.4578617e-03
   1.3535434e+00   2.5007928e+04   9.6415278e+00   0.0000000e+00   1.1606877e-02
   1.3537942e+00   2.5810368e+04   9.7902472e+00   0.0000000e+00   1.3594018e-02
   1.3540450e+00   2.5346421e+04   9.4649609e+00   0.0000000e+00   1.1038964e-02
   1.3542957e+00   2.5274193e+04   9.4362385e+00   0.0000000e+00   5.4560627e-03
   1.3545465e+00   2.5326417e+04   9.4477395e+00   0.0000000e+00   1.3080726e-03
   1.3547972e+00   2.4818915e+04   9.2351509e+00   0.0000000e+00   3.5356382e-04
   1.3550478e+00   2.6949729e+04   9.9330600e+00   0.0000000e+00   1.1678631e-03
   1.3552985e+00   3.0594587e+04   1.1398592e+01   0.0000000e+00   2.3964423e-03
   1.3555491e+00   3.1396659e+04   1.1663521e+01   0.0000000e+00   1.9758904e-03
   1.3557997e+00   2.9113610e+04   1.1018967e+01   0.0000000e+00   5.0122779e-03
   1.3560502e+00   2.6379976e+04   9.8395960e+00   0.0000000e+00   1.9629819e-02
   1.3563007e+00   2.5072440e+04   9.4331123e+00   0.0000000e+00   4.1140295e-02
   1.3565512e+00   2.4959080e+04   9.2439295e+00   0.0000000e+00   4.7152484e-02
   1.3568017e+00   2.4691615e+04   9.7186113e+00   0.0000000e+00   2.6917886e-02
   1.3570521e+00   2.5497436e+04   9.8417067e+00   0.0000000e+00   5.6123238e-03
   1.3573025e+00   2.5465668e+04   9.5857231e+00   0.0000000e+00   9.2075784e-04
   1.3575528e+00   2.5974840e+04   9.9987013e+00   0.0000000e+00   3.6079648e-04
   1.3578031e+00   2.6205700e+04   1.0029744e+01   0.0000000e+00   7.4856517e-04
   1.3580534e+00   2.5671173e+04   9.9192802e+00   0.0000000e+00   8.9614671e-04
   1.3583037e+00   2.5252144e+04   9.7967199e+00   0.0000000e+00   5.3714499e-04
   1.3585539e+00   2.5512322e+04   9.7711506e+00   0.0000000e+00   2.2320298e-04
   1.3588041e+00   2.5742259e+04   9.6251610e+00   0.0000000e+00   3.5873777e-04
   1.3590542e+00   2.6041336e+04   9.6777064e+00   0.0000000e+00   5.8834387e-04
   1.3593044e+00   2.6397292e+04   1.0205849e+01   0.0000000e+00   2.7039425e-04
   1.3595544e+00   2.6681138e+04   1.0267976e+01   0.0000000e+00   1.3511666e-04
   1.3598045e+00   3.4686357e+04   1.3520211e+01   0.0000000e+00   1.0084302e-04
   1.3600545e+00   4.8606229e+04   1.8010339e+01   0.0000000e+00   7.4137558e-04
   1.3603045e+00   5.2099385e+04   1.8516109e+01   0.0000000e+00   1.3523643e-03
   1.3605544e+00   4.1766238e+04   1.5461658e+01   0.0000000e+00   1.1725000e-03
   1.3608043e+00   2.9104384e+04   1.1016887e+01   0.0000000e+00   4.9763582e-04
   1.3610542e+00   2.6552501e+04   9.9875663e+00   0.0000000e+00   4.9201120e-05
   1.3613040e+00   2.5642509e+04   9.9352221e+00   0.0000000e+00   0.0000000e+00
   1.3615538e+00   2.6153368e+04   9.7854806e+00   0.0000000e+00   0.0000000e+00
   1.3618035e+00   2.6409528e+04   1.0087556e+01   0.0000000e+00   0.0000000e+00
   1.3620533e+00   2.5897783e+04   9.9678205e+00   0.0000000e+00   0.0000000e+00
   1.3623029e+00   2.6525928e+04   1.0502021e+01   0.0000000e+00   0.0000000e+00
   1.3625526e+00   2.6011441e+04   1.0577187e+01   0.0000000e+00   0.0000000e+00
   1.3628022e+00   2.6100397e+04   1.0125039e+01   0.0000000e+00   8.3134051e-04
   1.3630517e+00   2.6274580e+04   1.0121813e+01   0.0000000e+00   2.6816393e-03
   1.3633013e+00   2.6583783e+04   1.0776259e+01   0.0000000e+00   4.5236031e-03
   1.3635507e+00   2.7865856e+04   1.0536843e+01   0.0000000e+00   4.7176258e-03
   1.3638002e+00   3.4160792e+04   1.2504245e+01   0.0000000e+00   3.5785961e-03
   1.3640496e+00   3.6823357e+04   1.3254870e+01   0.0000000e+00   1.6564175e-03
   1.3642989e+00   3.4443162e+04   1.2805485e+01   0.0000000e+00   2.3163428e-04
   1.3645483e+00   2.9847243e+04   1.1095891e+01   0.0000000e+00   0.0000000e+00
   1.3647975e+00   2.7211870e+04   1.0747156e+01   0.0000000e+00   0.0000000e+00
   1.3650468e+00   2.6981771e+04   1.0464889e+01   0.0000000e+00   0.0000000e+00
   1.3652960e+00   2.6588591e+04   9.8695136e+00   0.0000000e+00   0.0000000e+00
   1.3655451e+00   2.6671308e+04   1.0111395e+01   0.0000000e+00   1.1921889e-03
   1.3657942e+00   2.7281850e+04   1.0658513e+01   0.0000000e+00   5.9601514e-03
   1.3660433e+00   2.6449334e+04   9.8338148e+00   0.0000000e+00   1.0680946e-02
   1.3662923e+00   2.7380459e+04   1.0538315e+01   0.0000000e+00   1.0617109e-02
   1.3665413e+00   2.7240825e+04   1.0381423e+01   0.0000000e+00   7.5756501e-03
   1.3667903e+00   2.7159877e+04   1.0236773e+01   0.0000000e+00   3.1815389e-03
   1.3670392e+00   2.7799372e+04   1.0775257e+01   0.0000000e+00   7.4255489e-04
   1.3672880e+00   2.7777427e+04   1.0856794e+01   0.0000000e+00   6.4962338e-04
   1.3675368e+00   3.1903931e+04   1.2292457e+01   0.0000000e+00   3.2525379e-04
   1.3677856e+00   4.6974431e+04   1.7119376e+01   0.0000000e+00   1.7472521e-05
   1.3680343e+00   5.4122406e+04   1.9150477e+01   0.0000000e+00   0.0000000e+00
   1.3682830e+00   4.8020712e+04   1.7314315e+01   0.0000000e+00   0.0000000e+00
   1.3685316e+00   3.3750659e+04   1.3152275e+01   0.0000000e+00   0.0000000e+00
   1.3687802e+00   2.8230614e+04   1.2911065e+01   0.0000000e+00   1.1926263e-03
   1.3690287e+00   2.7704798e+04   1.0576885e+01   0.0000000e+00   3.8535967e-03
   1.3692772e+00   2.6323224e+04   9.9108864e+00   0.0000000e+00   6.8660120e-03
   1.3695257e+00   2.6622017e+04   1.0128672e+01   0.0000000e+00   7.5950238e-03
   1.3697741e+00   2.6733772e+04   1.0582852e+01   0.0000000e+00   4.1794922e-03
   1.3700224e+00   2.6569149e+04   1.0404969e+01   0.0000000e+00   1.0316429e-03
   1.3702707e+00   2.7696279e+04   2.2006358e+01   0.0000000e+00   2.1718944e-04
   1.3705190e+00   2.7512596e+04   1.0745377e+01   0.0000000e+00   3.0000000e-04
   1.3707672e+00   2.7167554e+04   1.0733442e+01   0.0000000e+00   2.1847902e-04
   1.3710153e+00   2.6525779e+04   1.0239263e+01   0.0000000e+00   1.0000000e-04
   1.3712635e+00   2.7258951e+04   1.0824219e+01   0.0000000e+00   1.4555353e-04
   1.3715115e+00   2.7141801e+04   1.0666099e+01   0.0000000e+00   2.7742007e-04
   1.3717595e+00   2.6833073e+04   1.0425150e+01   0.0000000e+00   2.9076083e-04
   1.3720075e+00   2.6801804e+04   1.0159003e+01   0.0000000e+00   6.5107928e-04
   1.3722554e+00   2.7144580e+04   1.0305197e+01   0.0000000e+00   4.0617364e-03
   1.3725033e+00   2.7559983e+04   1.0658295e+01   0.0000000e+00   9.9623818e-03
   1.3727511e+00   3.0368236e+04   1.2140264e+01   0.0000000e+00   1.6982062e-02
   1.3729988e+00   3.4311943e+04   1.2824199e+01   0.0000000e+00   2.0512060e-02
   1.3732466e+00   3.4319035e+04   1.2944304e+01   0.0000000e+00   1.8634574e-02
   1.3734942e+00   3.0229977e+04   1.1439969e+01   0.0000000e+00   2.9301249e-02
   1.3737418e+00   2.7180619e+04   1.0180783e+01   0.0000000e+00   5.2016643e-02
   1.3739894e+00   2.6829474e+04   1.0501362e+01   0.0000000e+00   5.9900000e-02
   1.3742369e+00   2.7220788e+04   1.1264883e+01   0.0000000e+00   4.0729826e-02
   1.3744843e+00   2.8073156e+04   1.1448768e+01   0.0000000e+00   1.7461596e-02
   1.3747317e+00   2.8976892e+04   3.2945115e+01   0.0000000e+00   6.4267203e-03
   1.3749791e+00   2.7979912e+04   1.0525640e+01   0.0000000e+00   1.4681068e-02
   1.3752264e+00   2.7479658e+04   1.0187903e+01   0.0000000e+00   4.1597613e-02
   1.3754736e+00   2.7998452e+04   1.0635475e+01   0.0000000e+00   5.9593195e-02
   1.3757208e+00   2.8310807e+04   1.1322838e+01   0.0000000e+00   4.6476738e-02
   1.3759679e+00   3.1661232e+04   1.1881905e+01   0.0000000e+00   3.3543990e-02
   1.3762150e+00   4.2792707e+04   1.5590189e+01   0.0000000e+00   3.8560824e-02
   1.3764620e+00   4.7947422e+04   1.7563430e+01   0.0000000e+00   4.0400000e-02
   1.3767090e+00   4.3211371e+04   1.6018191e+01   0.0000000e+00   2.0248739e-02
   1.3769559e+00   3.3994036e+04   1.3386312e+01   0.0000000e+00   7.0407921e-03
   1.3772028e+00   2.9140514e+04   1.1040810e+01   0.0000000e+00   1.5019887e-02
   1.3774496e+00   2.8430164e+04   1.0983008e+01   0.0000000e+00   4.6488705e-02
   1.3776963e+00   2.7531121e+04   1.0311060e+01   0.0000000e+00   7.3315133e-02
   1.3779430e+00   2.8265871e+04   1.0374558e+01   0.0000000e+00   6.7622505e-02
   1.3781897e+00   2.8459333e+04   1.0465664e+01   0.0000000e+00   3.4199896e-02
   1.3784362e+00   2.8244329e+04   1.0768880e+01   0.0000000e+00   9.1536786e-03
   1.3786828e+00   2.9174736e+04   1.0731553e+01   0.0000000e+00   1.0001257e-03
   1.3789292e+00   2.8834594e+04   1.0700278e+01   0.0000000e+00   4.9960532e-04
   1.3791756e+00   2.8261882e+04   1.0597808e+01   0.0000000e+00   7.0415487e-03
   1.3794220e+00   2.9543744e+04   1.0960392e+01   0.0000000e+00   1.5931604e-02
   1.3796683e+00   2.8818983e+04   1.0683112e+01   0.0000000e+00   1.7378501e-02
   1.3799145e+00   3.0104016e+04   1.1130973e+01   0.0000000e+00   9.2633189e-03
   1.3801607e+00   2.9846729e+04   1.0901706e+01   0.0000000e+00   1.9993266e-03
   1.3804068e+00   2.9870025e+04   1.1839776e+01   0.0000000e+00   9.6544204e-05
   1.3806528e+00   3.0533335e+04   1.1786834e+01   0.0000000e+00   0.0000000e+00
   1.3808988e+00   3.0141125e+04   1.0878060e+01   0.0000000e+00   0.0000000e+00
   1.3811448e+00   3.0780006e+04   1.1870258e+01   0.0000000e+00   3.1475784e-04
   1.3813906e+00   3.0838746e+04   1.1692117e+01   0.0000000e+00   1.0507188e-03
   1.3816364e+00   3.1733713e+04   4.8696589e+01   0.0000000e+00   1.6177115e-03
   1.3818822e+00   3.0979927e+04   1.9228719e+01   0.0000000e+00   1.1027520e-03
   1.3821279e+00   3.0380747e+04   1.1281968e+01   0.0000000e+00   5.8817601e-04
   1.3823735e+00   3.2948729e+04   1.3099370e+01   0.0000000e+00   2.8699521e-04
   1.3826191e+00   3.5384062e+04   1.4759055e+01   0.0000000e+00   6.5000714e-05
   1.3828646e+00   3.5517424e+04   1.2923790e+01   0.0000000e+00   0.0000000e+00
   1.3831100e+00   3.3171381e+04   1.2100827e+01   0.0000000e+00   0.0000000e+00
   1.3833554e+00   3.2375088e+04   1.2213003e+01   0.0000000e+00   0.0000000e+00
   1.3836007e+00   3.1467957e+04   1.1500770e+01   0.0000000e+00   4.8121673e-05
   1.3838460e+00   3.0838424e+04   1.1454464e+01   0.0000000e+00   5.5742401e-04
   1.3840912e+00   3.0501757e+04   1.1169736e+01   0.0000000e+00   1.5383074e-03
   1.3843363e+00   3.1467589e+04   1.1716153e+01   0.0000000e+00   2.3356530e-03
   1.3845813e+00   3.1234316e+04   1.1704890e+01   0.0000000e+00   1.7800328e-03
   1.3848263e+00   3.2019910e+04   1.1623261e+01   0.0000000e+00   6.2225958e-04
   1.3850713e+00   3.6299504e+04   1.3322086e+01   0.0000000e+00   2.1550540e-04
   1.3853161e+00   4.1299876e+04   1.4827497e+01   0.0000000e+00   4.2925833e-04
   1.3855610e+00   4.1609016e+04   1.5219010e+01   0.0000000e+00   1.3774353e-03
   1.3858057e+00   3.7756376e+04   1.3648624e+01   0.0000000e+00   2.4849489e-03
   1.3860504e+00   3.3231956e+04   1.2417649e+01   0.0000000e+00   3.1214209e-03
   1.3862950e+00   3.2591929e+04   1.5789304e+01   0.0000000e+00   3.1280854e-03
   1.3865395e+00   3.1401986e+04   1.1332552e+01   0.0000000e+00   5.5202616e-03
   1.3867840e+00   3.1200961e+04   1.1364144e+01   0.0000000e+00   1.0694266e-02
   1.3870284e+00   3.1805914e+04   1.2458637e+01   0.0000000e+00   1.7203255e-02
   1.3872727e+00   3.1403934e+04   1.1757246e+01   0.0000000e+00   2.0817825e-02
   1.3875170e+00   3.2716923e+04   1.2536017e+01   0.0000000e+00   1.5672969e-02
   1.3877612e+00   3.3942228e+04   1.2729142e+01   0.0000000e+00   6.4743847e-03
   1.3880053e+00   3.2621251e+04   1.2215183e+01   0.0000000e+00   7.0016933e-04
   1.3882494e+00   3.2126206e+04   1.2271714e+01   0.0000000e+00   7.5166572e-04
   1.3884934e+00   3.0945884e+04   1.1822208e+01   0.0000000e+00   5.6561357e-03
   1.3887373e+00   3.1040933e+04   1.1578290e+01   0.0000000e+00   1.3461622e-02
   1.3889812e+00   3.1493815e+04   1.1662008e+01   0.0000000e+00   2.8337387e-02
   1.3892250e+00   3.1669748e+04   1.2098367e+01   0.0000000e+00   4.3751813e-02
   1.3894687e+00   3.2455898e+04   1.1951391e+01   0.0000000e+00   4.2925982e-02
   1.3897123e+00   3.1389536e+04   1.1664672e+01   0.0000000e+00   2.4318743e-02
   1.3899559e+00   3.1498535e+04   1.1798416e+01   0.0000000e+00   2.1620760e-02
   1.3901994e+00   3.1541026e+04   1.1737696e+01   0.0000000e+00   3.6881288e-02
   1.3904429e+00   3.1982335e+04   1.2381701e+01   0.0000000e+00   3.9626160e-02
   1.3906862e+00   3.1056567e+04   1.1829005e+01   0.0000000e+00   3.7320759e-02
   1.3909295e+00   3.3404510e+04   1.2257456e+01   0.0000000e+00   5.1640971e-02
   1.3911728e+00   3.5572727e+04   1.3462811e+01   0.0000000e+00   6.8803371e-02
   1.3914159e+00   3.7160559e+04   1.3584123e+01   0.0000000e+00   6.1272434e-02
   1.3916590e+00   3.5280605e+04   1.3503753e+01   0.0000000e+00   3.0199838e-02
   1.3919020e+00   3.3215728e+04   1.2650216e+01   0.0000000e+00   9.5976511e-03
   1.3921449e+00   3.2241595e+04   1.2383877e+01   0.0000000e+00   2.1168707e-03
   1.3923878e+00   3.3415899e+04   1.2230196e+01   0.0000000e+00   3.7105548e-05
   1.3926306e+00   3.4208017e+04   1.2412753e+01   0.0000000e+00   9.1732467e-04
   1.3928733e+00   3.4405541e+04   1.2434102e+01   0.0000000e+00   6.4301173e-03
   1.3931159e+00   3.5886632e+04   1.3629344e+01   0.0000000e+00   1.6270554e-02
   1.3933585e+00   3.5870382e+04   1.3284157e+01   0.0000000e+00   2.9090387e-02
   1.3936010e+00   3.5543080e+04   1.2939465e+01   0.0000000e+00   3.0207349e-02
   1.3938434e+00   3.4446324e+04   1.2988377e+01   0.0000000e+00   3.2440714e-02
   1.3940857e+00   3.4902255e+04   1.3397239e+01   0.0000000e+00   3.7186993e-02
   1.3943280e+00   3.4157901e+04   1.2985684e+01   0.0000000e+00   3.2829256e-02
   1.3945702e+00   3.4257699e+04   1.2698552e+01   0.0000000e+00   1.7118889e-02
   1.3948123e+00   3.8775791e+04   1.4785457e+01   0.0000000e+00   3.8607611e-03
   1.3950543e+00   4.4881196e+04   1.6637666e+01   0.0000000e+00   1.0786948e-04
   1.3952963e+00   4.5785349e+04   1.6807964e+01   0.0000000e+00   0.0000000e+00
   1.3955382e+00   4.1585614e+04   1.4970312e+01   0.0000000e+00   3.0576007e-05
   1.3957800e+00   3.6875764e+04   1.3532309e+01   0.0000000e+00   1.5471147e-04
   1.3960217e+00   3.6040533e+04   1.3350964e+01   0.0000000e+00   2.7875423e-04
   1.3962634e+00   3.5213035e+04   1.3243544e+01   0.0000000e+00   1.9724511e-04
   1.3965049e+00   3.4252817e+04   1.2965783e+01   0.0000000e+00   2.8624036e-04
   1.3967464e+00   3.3844581e+04   1.2544893e+01   0.0000000e+00   1.2537386e-03
   1.3969879e+00   3.3951728e+04   1.2586184e+01   0.0000000e+00   3.6287788e-03
   1.3972292e+00   3.3430008e+04   1.2881889e+01   0.0000000e+00   1.7406344e-02
   1.3974704e+00   3.4259977e+04   1.3058350e+01   0.0000000e+00   5.4105971e-02
   1.3977116e+00   3.6248906e+04   2.2980404e+01   0.0000000e+00   9.3301999e-02
   1.3979527e+00   3.7725528e+04   1.3796718e+01   0.0000000e+00   9.8215877e-02
   1.3981937e+00   3.8061124e+04   1.4015783e+01   0.0000000e+00   7.5209705e-02
   1.3984347e+00   3.6784708e+04   1.3681356e+01   0.0000000e+00   7.2884780e-02
   1.3986755e+00   3.6436442e+04   1.3714932e+01   0.0000000e+00   8.0868158e-02
   1.3989163e+00   3.5346087e+04   1.3271815e+01   0.0000000e+00   6.6868255e-02
   1.3991570e+00   3.6000589e+04   1.3369310e+01   0.0000000e+00   3.5480112e-02
   1.3993976e+00   4.0538502e+04   1.4766320e+01   0.0000000e+00   9.8712482e-03
   1.3996381e+00   4.4698592e+04   1.6227324e+01   0.0000000e+00   2.8459043e-03
   1.3998786e+00   4.4294324e+04   1.5957320e+01   0.0000000e+00   4.7661925e-05
   1.4001190e+00   3.8954821e+04   1.4680139e+01   0.0000000e+00   0.0000000e+00
   1.4003592e+00   3.6530295e+04   1.3363215e+01   0.0000000e+00   0.0000000e+00
   1.4005994e+00   3.5806764e+04   1.3556508e+01   0.0000000e+00   0.0000000e+00
   1.4008396e+00   3.5207497e+04   1.3055842e+01   0.0000000e+00   4.2392896e-05
   1.4010796e+00   3.4793243e+04   1.2846214e+01   0.0000000e+00   1.0000000e-04
   1.4013195e+00   3.4318292e+04   1.2550510e+01   0.0000000e+00   1.0000000e-04
   1.4015594e+00   3.5495420e+04   1.3041191e+01   0.0000000e+00   1.8776147e-03
   1.4017992e+00   3.5958611e+04   1.3487341e+01   0.0000000e+00   1.5087199e-02
   1.4020389e+00   3.6243105e+04   1.4040112e+01   0.0000000e+00   6.0318321e-02
   1.4022785e+00   3.6497350e+04   1.3275708e+01   0.0000000e+00   1.3018461e-01
   1.4025180e+00   3.6707870e+04   1.3252271e+01   0.0000000e+00   1.6629128e-01
   1.4027574e+00   3.6308695e+04   1.3604758e+01   0.0000000e+00   1.2897059e-01
   1.4029968e+00   3.7496010e+04   1.3833799e+01   0.0000000e+00   7.1080962e-02
   1.4032361e+00   3.8948727e+04   1.4142188e+01   0.0000000e+00   5.7792470e-02
   1.4034753e+00   3.9936224e+04   1.4931943e+01   0.0000000e+00   7.1714850e-02
   1.4037143e+00   4.0521281e+04   1.5053172e+01   0.0000000e+00   5.6570823e-02
   1.4039534e+00   3.8991976e+04   1.3943420e+01   0.0000000e+00   3.0871189e-02
   1.4041923e+00   3.7481920e+04   1.3888017e+01   0.0000000e+00   1.3377806e-02
   1.4044311e+00   3.6525558e+04   1.3472063e+01   0.0000000e+00   7.1400775e-03
   1.4046699e+00   3.7406480e+04   1.4026156e+01   0.0000000e+00   2.0413885e-03
   1.4049085e+00   3.7596780e+04   1.3697421e+01   0.0000000e+00   7.8971940e-05
   1.4051471e+00   3.7555219e+04   1.4229383e+01   0.0000000e+00   1.8449820e-03
   1.4053856e+00   3.7836430e+04   1.3558368e+01   0.0000000e+00   9.8658350e-03
   1.4056239e+00   3.8089641e+04   1.4861530e+01   0.0000000e+00   3.7491078e-02
   1.4058622e+00   3.7375746e+04   1.3778318e+01   0.0000000e+00   7.7628719e-02
   1.4061005e+00   3.8314637e+04   1.4606599e+01   0.0000000e+00   1.0445485e-01
   1.4063386e+00   3.8669945e+04   1.4643925e+01   0.0000000e+00   8.1128919e-02
   1.4065766e+00   3.8133173e+04   1.4028122e+01   0.0000000e+00   4.1411326e-02
   1.4068146e+00   3.7792763e+04   1.3774970e+01   0.0000000e+00   1.2341244e-02
   1.4070524e+00   3.8500544e+04   1.4596276e+01   0.0000000e+00   7.4132597e-04
   1.4072902e+00   3.8374338e+04   1.4232342e+01   0.0000000e+00   2.5101275e-03
   1.4075278e+00   3.7737551e+04   1.3807961e+01   0.0000000e+00   2.2956928e-02
   1.4077654e+00   3.7806826e+04   1.3884735e+01   0.0000000e+00   6.1849670e-02
   1.4080029e+00   3.7779675e+04   1.4551480e+01   0.0000000e+00   9.3247041e-02
   1.4082403e+00   3.7937540e+04   1.4016670e+01   0.0000000e+00   9.5143257e-02
   1.4084776e+00   3.8463403e+04   1.4165172e+01   0.0000000e+00   8.3041212e-02
   1.4087148e+00   3.9237069e+04   1.4815394e+01   0.0000000e+00   5.8929887e-02
   1.4089519e+00   3.8088398e+04   1.3995948e+01   0.0000000e+00   2.7617828e-02
   1.4091889e+00   3.8324741e+04   1.4480550e+01   0.0000000e+00   4.6794333e-03
   1.4094258e+00   3.8568855e+04   1.4464305e+01   0.0000000e+00   2.5801145e-03
   1.4096627e+00   3.8149015e+04   1.3868018e+01   0.0000000e+00   6.9962479e-03
   1.4098994e+00   3.8266855e+04   1.4264155e+01   0.0000000e+00   1.9412491e-02
   1.4101361e+00   3.9220406e+04   1.4638856e+01   0.0000000e+00   3.3305287e-02
   1.4103726e+00   4.0378086e+04   1.5002709e+01   0.0000000e+00   6.2473925e-02
   1.4106091e+00   4.0740032e+04   1.4883905e+01   0.0000000e+00   1.0402433e-01
   1.4108454e+00   4.0554327e+04   1.4783023e+01   0.0000000e+00   1.6848656e-01
   1.4110817e+00   4.0682595e+04   1.4639904e+01   0.0000000e+00   2.0020000e-01
   1.4113179e+00   4.0046936e+04   1.4808141e+01   0.0000000e+00   2.1511623e-01
   1.4115539e+00   3.9809415e+04   1.4850640e+01   0.0000000e+00   1.9061027e-01
   1.4117899e+00   3.9671402e+04   1.4404363e+01   0.0000000e+00   1.4021642e-01
   1.4120258e+00   3.9853423e+04   1.4391664e+01   0.0000000e+00   7.1126308e-02
   1.4122616e+00   4.1325521e+04   1.4989114e+01   0.0000000e+00   3.9715658e-02
   1.4124972e+00   4.1610225e+04   1.5293716e+01   0.0000000e+00   8.6794885e-02
   1.4127328e+00   4.1626657e+04   1.5123884e+01   0.0000000e+00   1.9291957e-01
   1.4129683e+00   4.3500779e+04   1.5774845e+01   0.0000000e+00   2.4916532e-01
   1.4132037e+00   5.3462360e+04   1.9936788e+01   0.0000000e+00   1.9134888e-01
   1.4134390e+00   6.8657557e+04   2.4373458e+01   0.0000000e+00   8.6971668e-02
   1.4136742e+00   7.1007765e+04   2.4750060e+01   0.0000000e+00   3.4663051e-02
   1.4139093e+00   6.0306589e+04   2.1879219e+01   0.0000000e+00   2.3169574e-02
   1.4141443e+00   4.9387947e+04   1.8352571e+01   0.0000000e+00   1.3179070e-02
   1.4143792e+00   4.6229250e+04   1.6880958e+01   0.0000000e+00   3.9220734e-03
   1.4146140e+00   5.0833115e+04   1.8869784e+01   0.0000000e+00   6.8623839e-03
   1.4148487e+00   5.2473123e+04   1.9330310e+01   0.0000000e+00   1.6638878e-02
   1.4150833e+00   5.0474844e+04   1.8543224e+01   0.0000000e+00   3.0595166e-02
   1.4153178e+00   4.4469258e+04   1.6140961e+01   0.0000000e+00   5.4528037e-02
   1.4155521e+00   4.1889106e+04   1.5029316e+01   0.0000000e+00   9.9526835e-02
   1.4157864e+00   4.1933877e+04   1.5218134e+01   0.0000000e+00   1.8458984e-01
   1.4160206e+00   4.2701199e+04   1.5754751e+01   0.0000000e+00   3.0544840e-01
   1.4162547e+00   4.4005650e+04   1.6072815e+01   0.0000000e+00   3.7991626e-01
   1.4164887e+00   4.4425167e+04   1.6528422e+01   0.0000000e+00   3.4466135e-01
   1.4167226e+00   4.5220870e+04   1.6552604e+01   0.0000000e+00   2.4009847e-01
   1.4169564e+00   4.4823764e+04   1.6813738e+01   0.0000000e+00   1.5470753e-01
   1.4171900e+00   4.2900289e+04   1.6116297e+01   0.0000000e+00   1.0984429e-01
   1.4174236e+00   4.2614834e+04   1.5683634e+01   0.0000000e+00   7.9141261e-02
   1.4176571e+00   4.2227612e+04   1.5878001e+01   0.0000000e+00   8.2439701e-02
   1.4178904e+00   4.1865952e+04   1.5526559e+01   0.0000000e+00   1.5017159e-01
   1.4181237e+00   4.2613263e+04   1.6014377e+01   0.0000000e+00   2.2980437e-01
   1.4183569e+00   4.2287262e+04   1.5560022e+01   0.0000000e+00   2.3562588e-01
   1.4185899e+00   4.3525107e+04   1.6065139e+01   0.0000000e+00   1.4583433e-01
   1.4188229e+00   4.4623546e+04   1.6468486e+01   0.0000000e+00   4.8580636e-02
   1.4190557e+00   4.3861353e+04   1.6109981e+01   0.0000000e+00   6.8843583e-03
   1.4192884e+00   4.3010230e+04   1.6031009e+01   0.0000000e+00   1.1434357e-02
   1.4195211e+00   4.4308273e+04   1.6468352e+01   0.0000000e+00   2.8314552e-02
   1.4197536e+00   4.4044530e+04   1.6663847e+01   0.0000000e+00   5.4772130e-02
   1.4199860e+00   4.3081476e+04   1.5799722e+01   0.0000000e+00   8.4169523e-02
   1.4202183e+00   4.3332460e+04   1.5843767e+01   0.0000000e+00   1.1279781e-01
   1.4204505e+00   4.4083115e+04   1.6552233e+01   0.0000000e+00   1.0211282e-01
   1.4206826e+00   4.4942536e+04   1.7483367e+01   0.0000000e+00   7.9837379e-02
   1.4209146e+00   4.5598637e+04   1.7159916e+01   0.0000000e+00   1.0396087e-01
   1.4211465e+00   4.4271041e+04   1.6195302e+01   0.0000000e+00   1.9142897e-01
   1.4213782e+00   4.3666037e+04   1.6476060e+01   0.0000000e+00   2.7059273e-01
   1.4216099e+00   4.4587628e+04   1.6309088e+01   0.0000000e+00   2.9322786e-01
   1.4218415e+00   4.4750637e+04   1.6417134e+01   0.0000000e+00   3.4670914e-01
   1.4220729e+00   4.4167609e+04   1.6086405e+01   0.0000000e+00   4.3110461e-01
   1.4223042e+00   4.4450539e+04   1.6275100e+01   0.0000000e+00   4.6917506e-01
   1.4225355e+00   4.4709121e+04   1.6459151e+01   0.0000000e+00   3.5159622e-01
   1.4227666e+00   4.4576852e+04   1.6543268e+01   0.0000000e+00   1.8579944e-01
   1.4229976e+00   4.4296866e+04   1.6351793e+01   0.0000000e+00   7.6239070e-02
   1.4232285e+00   4.4891335e+04   1.6493565e+01   0.0000000e+00   4.8383599e-02
   1.4234593e+00   4.4734246e+04   1.7028464e+01   0.0000000e+00   4.5718224e-02
   1.4236899e+00   4.4372041e+04   1.6160431e+01   0.0000000e+00   5.9578478e-02
   1.4239205e+00   4.5459311e+04   1.6712682e+01   0.0000000e+00   1.2551084e-01
   1.4241510e+00   4.6447505e+04   1.6964280e+01   0.0000000e+00   2.3618163e-01
   1.4243813e+00   4.6019676e+04   1.6866848e+01   0.0000000e+00   3.2119414e-01
   1.4246115e+00   4.6305339e+04   1.7312568e+01   0.0000000e+00   3.1867104e-01
   1.4248416e+00   4.5014148e+04   1.6541422e+01   0.0000000e+00   2.5915999e-01
   1.4250716e+00   4.7264069e+04   1.7326759e+01   0.0000000e+00   2.0642501e-01
   1.4253015e+00   4.5321245e+04   1.6693546e+01   0.0000000e+00   1.4381750e-01
   1.4255313e+00   4.5621351e+04   1.6507074e+01   0.0000000e+00   1.0322704e-01
   1.4257609e+00   4.6367241e+04   1.7172276e+01   0.0000000e+00   1.0154340e-01
   1.4259905e+00   4.5814860e+04   1.6656188e+01   0.0000000e+00   1.6407335e-01
   1.4262199e+00   4.5899618e+04   1.6838909e+01   0.0000000e+00   2.8700819e-01
   1.4264492e+00   4.7346931e+04   1.7719278e+01   0.0000000e+00   4.0331427e-01
   1.4266784e+00   4.7087610e+04   1.7411856e+01   0.0000000e+00   4.1954704e-01
   1.4269075e+00   4.7768411e+04   1.7552127e+01   0.0000000e+00   3.0336801e-01
   1.4271365e+00   4.7796940e+04   1.7735233e+01   0.0000000e+00   1.6362458e-01
   1.4273654e+00   4.7473728e+04   1.7183107e+01   0.0000000e+00   8.2947653e-02
   1.4275941e+00   4.8544019e+04   1.7790095e+01   0.0000000e+00   9.7110373e-02
   1.4278227e+00   4.7063504e+04   1.7629515e+01   0.0000000e+00   1.0619280e-01
   1.4280512e+00   4.9254821e+04   1.8011957e+01   0.0000000e+00   1.0953665e-01
   1.4282796e+00   5.4539770e+04   2.0170306e+01   0.0000000e+00   1.1003729e-01
   1.4285079e+00   6.2202846e+04   2.2612935e+01   0.0000000e+00   1.2631305e-01
   1.4287360e+00   6.4292043e+04   2.3437714e+01   0.0000000e+00   1.8567554e-01
   1.4289641e+00   5.8245493e+04   2.2107461e+01   0.0000000e+00   2.5959260e-01
   1.4291920e+00   5.3837336e+04   1.9642160e+01   0.0000000e+00   3.7687502e-01
   1.4294198e+00   5.2340809e+04   1.9151462e+01   0.0000000e+00   4.0150229e-01
   1.4296475e+00   5.2562803e+04   1.9640477e+01   0.0000000e+00   3.4215096e-01
   1.4298750e+00   5.3916605e+04   1.9783460e+01   0.0000000e+00   2.6948840e-01
   1.4301025e+00   5.3424003e+04   1.9510413e+01   0.0000000e+00   3.1286704e-01
   1.4303298e+00   5.5369816e+04   2.0717582e+01   0.0000000e+00   4.5344214e-01
   1.4305570e+00   5.6042139e+04   2.0293035e+01   0.0000000e+00   5.4599042e-01
   1.4307841e+00   5.6347905e+04   2.0648225e+01   0.0000000e+00   4.7757458e-01
   1.4310111e+00   5.8892337e+04   2.1553367e+01   0.0000000e+00   3.0093969e-01
   1.4312379e+00   5.9768399e+04   2.2256902e+01   0.0000000e+00   1.4147277e-01
   1.4314646e+00   6.1106563e+04   2.2592156e+01   0.0000000e+00   8.2234588e-02
   1.4316912e+00   6.3707582e+04   2.4298609e+01   0.0000000e+00   8.6842934e-02
   1.4319177e+00   6.4798604e+04   2.4613585e+01   0.0000000e+00   1.1789996e-01
   1.4321441e+00   6.4231940e+04   2.4163989e+01   0.0000000e+00   1.1938243e-01
   1.4323703e+00   6.7221333e+04   2.4744873e+01   0.0000000e+00   8.5823375e-02
   1.4325964e+00   6.9013093e+04   2.5551656e+01   0.0000000e+00   6.2064214e-02
   1.4328224e+00   7.1716479e+04   2.6223080e+01   0.0000000e+00   1.1816143e-01
   1.4330483e+00   7.3232464e+04   2.7453498e+01   0.0000000e+00   2.3992751e-01
   1.4332740e+00   8.2499229e+04   3.7333915e+01   0.0000000e+00   3.4069866e-01
