   1.1890102e+00   0.0000000e+00   0.0000000e+00   0.0000000e+00   0.0000000e+00
   1.1892121e+00   0.0000000e+00   0.0000000e+00   0.0000000e+00   0.0000000e+00
   1.1894142e+00   0.0000000e+00   0.0000000e+00   0.0000000e+00   0.0000000e+00
   1.1896164e+00   0.0000000e+00   0.0000000e+00   0.0000000e+00   0.0000000e+00
   1.1898188e+00   0.0000000e+00   0.0000000e+00   0.0000000e+00   0.0000000e+00
   1.1900213e+00   0.0000000e+00   0.0000000e+00   0.0000000e+00   0.0000000e+00
   1.1902240e+00   0.0000000e+00   0.0000000e+00   0.0000000e+00   0.0000000e+00
   1.1904269e+00   0.0000000e+00   0.0000000e+00   0.0000000e+00   0.0000000e+00
   1.1906300e+00   0.0000000e+00   0.0000000e+00   0.0000000e+00   0.0000000e+00
   1.1908332e+00   0.0000000e+00   0.0000000e+00   0.0000000e+00   0.0000000e+00
   1.1910366e+00   0.0000000e+00   0.0000000e+00   0.0000000e+00   0.0000000e+00
   1.1912401e+00   0.0000000e+00   0.0000000e+00   0.0000000e+00   0.0000000e+00
   1.1914439e+00   0.0000000e+00   0.0000000e+00   0.0000000e+00   0.0000000e+00
   1.1916478e+00   0.0000000e+00   0.0000000e+00   0.0000000e+00   0.0000000e+00
   1.1918518e+00   0.0000000e+00   0.0000000e+00   0.0000000e+00   0.0000000e+00
   1.1920560e+00   0.0000000e+00   0.0000000e+00   0.0000000e+00   0.0000000e+00
   1.1922604e+00   0.0000000e+00   0.0000000e+00   0.0000000e+00   0.0000000e+00
   1.1924650e+00   0.0000000e+00   0.0000000e+00   0.0000000e+00   0.0000000e+00
   1.1926697e+00   0.0000000e+00   0.0000000e+00   0.0000000e+00   0.0000000e+00
   1.1928746e+00   0.0000000e+00   0.0000000e+00   0.0000000e+00   0.0000000e+00
   1.1930796e+00   0.0000000e+00   0.0000000e+00   0.0000000e+00   0.0000000e+00
   1.1932849e+00   0.0000000e+00   0.0000000e+00   0.0000000e+00   0.0000000e+00
   1.1934902e+00   0.0000000e+00   0.0000000e+00   0.0000000e+00   0.0000000e+00
   1.1936958e+00   0.0000000e+00   0.0000000e+00   0.0000000e+00   0.0000000e+00
   1.1939015e+00   1.0277414e+06   4.6685243e+02   0.0000000e+00   9.9220441e-01
   1.1941074e+00   1.0088400e+06   4.6633749e+02   0.0000000e+00   9.9639612e-01
   1.1943134e+00   9.5604401e+05   4.5097865e+02   0.0000000e+00   9.9556799e-01
   1.1945196e+00   9.8595233e+05   4.5046055e+02   0.0000000e+00   9.9683335e-01
   1.1947260e+00   1.0197749e+06   4.6938395e+02   0.0000000e+00   9.9584044e-01
   1.1949325e+00   9.9494544e+05   4.5490777e+02   0.0000000e+00   1.0003816e+00
   1.1951392e+00   9.7767016e+05   4.3530096e+02   0.0000000e+00   1.0025057e+00
   1.1953460e+00   1.0145158e+06   4.6770518e+02   0.0000000e+00   1.0045661e+00
   1.1955530e+00   1.0418288e+06   5.3584245e+02   0.0000000e+00   1.0043275e+00
   1.1957602e+00   9.8220470e+05   4.6500420e+02   0.0000000e+00   1.0073654e+00
   1.1959675e+00   1.0188694e+06   4.5852829e+02   0.0000000e+00   1.0059800e+00
   1.1961750e+00   1.0255279e+06   4.5255495e+02   0.0000000e+00   1.0084572e+00
   1.1963826e+00   9.7868856e+05   4.7410974e+02   0.0000000e+00   1.0123591e+00
   1.1965905e+00   9.9768843e+05   4.4010629e+02   0.0000000e+00   1.0117752e+00
   1.1967984e+00   1.0205429e+06   4.6609080e+02   0.0000000e+00   1.0158969e+00
   1.1970065e+00   9.9750437e+05   4.4567778e+02   0.0000000e+00   1.0157659e+00
   1.1972148e+00   1.0216337e+06   5.1125491e+02   0.0000000e+00   1.0140588e+00
   1.1974233e+00   9.9581056e+05   4.7267987e+02   0.0000000e+00   1.0175513e+00
   1.1976319e+00   1.0131349e+06   4.7321775e+02   0.0000000e+00   1.0182136e+00
   1.1978406e+00   9.8389888e+05   5.0033352e+02   0.0000000e+00   1.0208594e+00
   1.1980496e+00   9.8962806e+05   5.3724940e+02   0.0000000e+00   1.0204571e+00
   1.1982586e+00   9.9146423e+05   4.5467638e+02   0.0000000e+00   1.0244653e+00
   1.1984679e+00   9.8079081e+05   4.6428111e+02   0.0000000e+00   1.0242405e+00
   1.1986773e+00   9.8896714e+05   4.6071110e+02   0.0000000e+00   1.0271396e+00
   1.1988868e+00   1.0350627e+06   4.7828935e+02   0.0000000e+00   1.0273366e+00
   1.1990965e+00   1.0608359e+06   6.1885305e+02   0.0000000e+00   1.0298380e+00
   1.1993064e+00   1.0245304e+06   5.3377223e+02   0.0000000e+00   1.0280985e+00
   1.1995164e+00   1.0168065e+06   4.8929934e+02   0.0000000e+00   1.0340316e+00
   1.1997266e+00   9.7962785e+05   5.1035489e+02   0.0000000e+00   1.0336153e+00
   1.1999369e+00   9.7417931e+05   4.4777450e+02   0.0000000e+00   1.0382348e+00
   1.2001474e+00   9.8354099e+05   4.3075762e+02   0.0000000e+00   1.0370718e+00
   1.2003580e+00   1.0227228e+06   4.8674465e+02   0.0000000e+00   1.0355658e+00
   1.2005688e+00   9.8868094e+05   5.1021727e+02   0.0000000e+00   1.0404298e+00
   1.2007797e+00   1.0074804e+06   4.3729381e+02   0.0000000e+00   1.0440566e+00
   1.2009908e+00   1.0204582e+06   4.3168720e+02   0.0000000e+00   1.0462545e+00
   1.2012021e+00   9.6495469e+05   4.0961991e+02   0.0000000e+00   1.0472052e+00
   1.2014135e+00   9.7319155e+05   4.2372450e+02   0.0000000e+00   1.0466735e+00
   1.2016251e+00   9.6643215e+05   4.0973253e+02   0.0000000e+00   1.0468326e+00
   1.2018368e+00   9.5780187e+05   4.2969098e+02   0.0000000e+00   1.0493369e+00
   1.2020486e+00   9.7831361e+05   4.2646895e+02   0.0000000e+00   1.0526246e+00
   1.2022607e+00   9.7431193e+05   4.0525021e+02   0.0000000e+00   1.0525902e+00
   1.2024728e+00   9.7882462e+05   4.7038150e+02   0.0000000e+00   1.0511444e+00
   1.2026851e+00   1.0079179e+06   4.1099438e+02   0.0000000e+00   1.0520886e+00
   1.2028976e+00   1.0478676e+06   4.5550910e+02   0.0000000e+00   1.0530748e+00
   1.2031102e+00   1.0281526e+06   4.4556343e+02   0.0000000e+00   1.0549486e+00
   1.2033230e+00   1.0552467e+06   4.5640561e+02   0.0000000e+00   1.0545903e+00
   1.2035359e+00   1.0263417e+06   4.3368370e+02   0.0000000e+00   1.0565756e+00
   1.2037490e+00   9.6255543e+05   4.0090183e+02   0.0000000e+00   1.0560461e+00
   1.2039622e+00   9.9083405e+05   3.7960459e+02   0.0000000e+00   1.0617801e+00
   1.2041756e+00   9.9814744e+05   3.7695192e+02   0.0000000e+00   1.0600064e+00
   1.2043891e+00   9.9645493e+05   3.9790220e+02   0.0000000e+00   1.0609669e+00
   1.2046028e+00   9.9916920e+05   3.8621817e+02   0.0000000e+00   1.0596951e+00
   1.2048166e+00   1.0077465e+06   3.8970072e+02   0.0000000e+00   1.0620581e+00
   1.2050306e+00   9.9322091e+05   3.7734131e+02   0.0000000e+00   1.0619300e+00
   1.2052447e+00   9.9882270e+05   3.7440373e+02   0.0000000e+00   1.0658729e+00
   1.2054590e+00   1.0012327e+06   3.8273363e+02   0.0000000e+00   1.0668080e+00
   1.2056734e+00   1.0109214e+06   3.8535081e+02   0.0000000e+00   1.0658669e+00
   1.2058879e+00   1.0022944e+06   3.8013281e+02   0.0000000e+00   1.0685214e+00
   1.2061026e+00   1.0029690e+06   4.0784660e+02   0.0000000e+00   1.0675765e+00
   1.2063175e+00   9.8526624e+05   3.7607745e+02   0.0000000e+00   1.0692647e+00
   1.2065325e+00   1.0052019e+06   3.8366191e+02   0.0000000e+00   1.0686306e+00
   1.2067476e+00   9.8432734e+05   3.7214148e+02   0.0000000e+00   1.0705426e+00
   1.2069629e+00   9.8998458e+05   3.7764710e+02   0.0000000e+00   1.0713534e+00
   1.2071784e+00   9.8599307e+05   3.7208540e+02   0.0000000e+00   1.0724900e+00
   1.2073939e+00   9.6078807e+05   3.7258245e+02   0.0000000e+00   1.0742397e+00
   1.2076097e+00   9.8805224e+05   3.9442226e+02   0.0000000e+00   1.0718207e+00
   1.2078255e+00   9.9631056e+05   3.8467366e+02   0.0000000e+00   1.0753391e+00
   1.2080415e+00   9.9128627e+05   3.8290367e+02   0.0000000e+00   1.0748593e+00
   1.2082577e+00   9.8262370e+05   3.7055210e+02   0.0000000e+00   1.0780867e+00
   1.2084740e+00   9.7264173e+05   3.9490980e+02   0.0000000e+00   1.0765633e+00
   1.2086905e+00   9.8282797e+05   3.8331243e+02   0.0000000e+00   1.0808201e+00
   1.2089070e+00   9.6636214e+05   4.2461511e+02   0.0000000e+00   1.0762336e+00
   1.2091238e+00   9.5922625e+05   3.7645155e+02   0.0000000e+00   1.0821185e+00
   1.2093407e+00   9.8103732e+05   4.0747910e+02   0.0000000e+00   1.0777959e+00
   1.2095577e+00   1.0038759e+06   3.8680486e+02   0.0000000e+00   1.0821265e+00
   1.2097748e+00   1.0027147e+06   3.9207120e+02   0.0000000e+00   1.0784026e+00
   1.2099921e+00   9.9694581e+05   3.8819596e+02   0.0000000e+00   1.0827984e+00
   1.2102096e+00   1.0070233e+06   3.9394499e+02   0.0000000e+00   1.0832757e+00
   1.2104272e+00   1.0043711e+06   3.9230635e+02   0.0000000e+00   1.0830678e+00
   1.2106449e+00   1.0288884e+06   3.9454235e+02   0.0000000e+00   1.0825067e+00
   1.2108627e+00   1.0302678e+06   4.0288476e+02   0.0000000e+00   1.0825354e+00
   1.2110808e+00   9.8363045e+05   3.7415805e+02  -4.9241019e+04   1.0899053e+00
   1.2112989e+00   1.0257344e+06   3.9795161e+02  -2.7397975e+04   1.0891521e+00
   1.2115172e+00   1.0354654e+06   3.9845173e+02  -3.9943897e+04   1.0868656e+00
   1.2117356e+00   1.0685564e+06   3.9909761e+02  -2.8136625e+04   1.0890412e+00
   1.2119542e+00   1.1600042e+06   4.3013315e+02   4.6165329e+04   1.0875452e+00
   1.2121729e+00   1.2024887e+06   4.5957857e+02   7.8043714e+04   1.0888453e+00
   1.2123917e+00   1.2165707e+06   4.5599964e+02   8.9054446e+04   1.0915140e+00
   1.2126107e+00   1.0891720e+06   4.3890698e+02  -3.4492381e+04   1.0880250e+00
   1.2128298e+00   1.0331303e+06   3.8747732e+02  -8.1681876e+04   1.0921941e+00
   1.2130491e+00   1.0680944e+06   4.0541823e+02  -3.5440514e+04   1.0928307e+00
   1.2132685e+00   1.0527229e+06   4.0659860e+02  -3.9543310e+04   1.0953444e+00
   1.2134880e+00   1.0858792e+06   4.1074973e+02   3.2144444e+03   1.0917258e+00
   1.2137077e+00   1.1512372e+06   4.3356860e+02   7.5859670e+04   1.0990787e+00
   1.2139275e+00   1.0875269e+06   4.1286651e+02   1.7358435e+04   1.0944495e+00
   1.2141474e+00   1.0508558e+06   3.9710074e+02  -1.5422353e+04   1.0965117e+00
   1.2143675e+00   1.0712600e+06   4.0131963e+02   8.3948920e+03   1.0980222e+00
   1.2145877e+00   1.0603858e+06   4.0015445e+02   1.0565059e+03   1.0989072e+00
   1.2148080e+00   1.0286729e+06   3.8996341e+02  -2.6748448e+04   1.0976702e+00
   1.2150285e+00   1.0348590e+06   3.9770056e+02  -1.6347432e+04   1.1004061e+00
   1.2152491e+00   1.0679429e+06   4.0140801e+02   2.0984958e+04   1.1009809e+00
   1.2154699e+00   1.0459471e+06   4.0726418e+02   2.9391500e+03   1.1030262e+00
   1.2156908e+00   1.0332690e+06   3.9191226e+02  -6.3500625e+03   1.1040468e+00
   1.2159118e+00   1.0524249e+06   3.9887705e+02   1.5503191e+04   1.1050977e+00
   1.2161330e+00   1.0386746e+06   3.9851608e+02   3.7835491e+03   1.1040688e+00
   1.2163542e+00   1.0015584e+06   3.8257873e+02  -3.1784422e+04   1.1029739e+00
   1.2165757e+00   1.0413770e+06   3.9429995e+02   9.3940634e+03   1.1036044e+00
   1.2167972e+00   1.0480261e+06   4.1635132e+02   1.7537372e+04   1.1062100e+00
   1.2170189e+00   1.0239611e+06   4.0361584e+02  -4.6289534e+03   1.1057688e+00
   1.2172407e+00   1.0004975e+06   3.8827872e+02  -2.5657811e+04   1.1057563e+00
   1.2174627e+00   1.0375761e+06   4.0728143e+02   1.4288955e+04   1.1078046e+00
   1.2176848e+00   1.0426348e+06   4.0095320e+02   2.2278501e+04   1.1080126e+00
   1.2179070e+00   1.0030847e+06   3.9329168e+02  -1.4853526e+04   1.1105088e+00
   1.2181293e+00   1.0313323e+06   4.0496774e+02   1.4642380e+04   1.1134530e+00
   1.2183518e+00   1.0169377e+06   3.9111310e+02  -2.3972271e+02   1.1081068e+00
   1.2185744e+00   9.9143307e+05   3.8639056e+02  -2.8241240e+04   1.1077730e+00
   1.2187971e+00   1.0276322e+06   4.1262234e+02   3.6165905e+03   1.1096066e+00
   1.2190200e+00   1.0267162e+06   4.1044730e+02  -2.8450258e+03   1.1092897e+00
   1.2192430e+00   1.0432435e+06   4.0298638e+02   7.9686888e+03   1.1108681e+00
   1.2194661e+00   1.0468004e+06   4.0130889e+02   6.8759953e+03   1.1147215e+00
   1.2196894e+00   1.0544516e+06   4.0203526e+02   1.2082811e+04   1.1117794e+00
   1.2199128e+00   1.0425315e+06   4.0586105e+02   6.7665732e+02   1.1126425e+00
   1.2201363e+00   9.8144070e+05   3.7820645e+02  -5.6824184e+04   1.1140653e+00
   1.2203599e+00   1.0470732e+06   4.0837995e+02   1.4781712e+04   1.1145198e+00
   1.2205837e+00   1.0705965e+06   4.0994295e+02   4.5134005e+04   1.1163523e+00
   1.2208076e+00   1.0096247e+06   3.8136485e+02  -1.0316813e+04   1.1175924e+00
   1.2210316e+00   1.0195505e+06   3.8560945e+02   1.4161459e+03   1.1168677e+00
   1.2212558e+00   1.0650625e+06   4.0250947e+02   4.2895492e+04   1.1206617e+00
   1.2214800e+00   1.0160733e+06   3.8417604e+02  -1.7181900e+04   1.1219072e+00
   1.2217044e+00   1.0192086e+06   3.8778413e+02  -3.1948942e+04   1.1189341e+00
   1.2219290e+00   1.0481993e+06   3.9673284e+02  -2.5746403e+04   1.1196533e+00
   1.2221536e+00   1.0478247e+06   4.0426313e+02  -5.0387806e+04   1.1189277e+00
   1.2223784e+00   1.0943199e+06   4.0810174e+02  -2.5421040e+04   1.1221354e+00
   1.2226033e+00   1.1956956e+06   4.4319308e+02   6.1159081e+04   1.1243970e+00
   1.2228284e+00   1.2419635e+06   4.6766325e+02   1.0206312e+05   1.1240899e+00
   1.2230535e+00   1.1721268e+06   4.4540676e+02   3.6950609e+04   1.1226045e+00
   1.2232788e+00   1.0635921e+06   3.9942884e+02  -5.8358434e+04   1.1228147e+00
   1.2235042e+00   1.0803869e+06   4.0548097e+02  -2.3277366e+04   1.1246505e+00
   1.2237297e+00   1.0440503e+06   3.9539976e+02  -4.0659494e+04   1.1251850e+00
   1.2239554e+00   1.0415220e+06   3.9108574e+02  -2.7771619e+04   1.1252425e+00
   1.2241812e+00   1.0861414e+06   4.1265285e+02   2.5699864e+04   1.1265449e+00
   1.2244071e+00   1.0678044e+06   4.0848517e+02   8.4059395e+03   1.1231605e+00
   1.2246331e+00   1.0811748e+06   4.0198810e+02   1.5669774e+04   1.1255449e+00
   1.2248592e+00   1.0936428e+06   4.0798685e+02   1.7113459e+04   1.1300439e+00
   1.2250855e+00   1.0779338e+06   4.0464695e+02  -1.1365264e+04   1.1308402e+00
   1.2253119e+00   1.0673083e+06   4.0561543e+02  -3.3148361e+04   1.1282399e+00
   1.2255384e+00   1.1105741e+06   4.1005435e+02   3.3657599e+03   1.1266857e+00
   1.2257650e+00   1.1505909e+06   4.2799050e+02   4.2673733e+04   1.1246857e+00
   1.2259918e+00   1.1048236e+06   4.0834403e+02   2.4034039e+03   1.1296264e+00
   1.2262187e+00   1.0703946e+06   3.9153413e+02  -2.1656821e+04   1.1312328e+00
   1.2264457e+00   1.0715195e+06   3.9771467e+02  -7.8714334e+03   1.1302415e+00
   1.2266728e+00   1.0715374e+06   3.9664410e+02   3.7808167e+03   1.1274347e+00
   1.2269000e+00   1.0710895e+06   3.9740559e+02   1.0582249e+04   1.1286390e+00
   1.2271274e+00   1.0667372e+06   3.9877558e+02   6.4340255e+03   1.1352620e+00
   1.2273549e+00   1.1005653e+06   4.1531338e+02   3.2089808e+04   1.1331658e+00
   1.2275824e+00   1.0556329e+06   4.0124479e+02  -2.8981464e+04   1.1292042e+00
   1.2278102e+00   1.0442910e+06   3.9100227e+02  -6.2223031e+04   1.1294310e+00
   1.2280380e+00   1.0939312e+06   4.0987257e+02  -3.6623309e+04   1.1340662e+00
   1.2282659e+00   1.1722084e+06   4.3145238e+02   1.9739138e+04   1.1349043e+00
   1.2284940e+00   1.2290646e+06   4.5035201e+02   6.0768159e+04   1.1362263e+00
   1.2287222e+00   1.2474958e+06   4.6389387e+02   7.2214674e+04   1.1372681e+00
   1.2289505e+00   1.1886135e+06   4.3725495e+02   1.6147747e+04   1.1352239e+00
   1.2291789e+00   1.0991110e+06   4.1023669e+02  -6.1694378e+04   1.1335105e+00
   1.2294075e+00   1.1015035e+06   4.1149432e+02  -4.1317876e+04   1.1351207e+00
   1.2296361e+00   1.1047188e+06   4.0982583e+02  -1.7205487e+04   1.1357710e+00
   1.2298649e+00   1.0982289e+06   4.1119517e+02  -3.3932286e+03   1.1344435e+00
   1.2300938e+00   1.0972872e+06   4.0737601e+02   1.2426718e+04   1.1343202e+00
   1.2303228e+00   1.1018218e+06   4.0738755e+02   2.8183572e+04   1.1352875e+00
   1.2305519e+00   1.0858549e+06   4.1099873e+02   1.6977394e+04   1.1392155e+00
   1.2307811e+00   1.0624615e+06   3.9863561e+02  -8.0081940e+03   1.1400800e+00
   1.2310105e+00   1.0782979e+06   4.0379695e+02   8.7360072e+02   1.1409342e+00
   1.2312399e+00   1.0784421e+06   4.0497055e+02  -9.6116373e+03   1.1359216e+00
   1.2314695e+00   1.1046974e+06   4.0562094e+02   4.5115625e+03   1.1362585e+00
   1.2316992e+00   1.0807627e+06   4.0285450e+02  -3.0663478e+04   1.1390836e+00
   1.2319290e+00   1.1138046e+06   4.0871157e+02  -5.7111156e+03   1.1435749e+00
   1.2321589e+00   1.1256138e+06   4.1592728e+02   2.8623240e+03   1.1437595e+00
   1.2323889e+00   1.1362346e+06   4.1533138e+02   1.5840877e+04   1.1430333e+00
   1.2326191e+00   1.1415524e+06   4.2355929e+02   2.8610067e+04   1.1420337e+00
   1.2328493e+00   1.1140071e+06   4.1698397e+02   1.1828736e+04   1.1413421e+00
   1.2330797e+00   1.0673660e+06   4.0134741e+02  -2.3525341e+04   1.1466227e+00
   1.2333102e+00   1.0877584e+06   4.0746985e+02   5.4307991e+03   1.1485702e+00
   1.2335408e+00   1.0887682e+06   4.0834096e+02   9.3221795e+03   1.1484063e+00
   1.2337715e+00   1.0692612e+06   4.0386480e+02  -1.4884009e+04   1.1431369e+00
   1.2340023e+00   1.0797311e+06   4.0500125e+02  -1.6960055e+04   1.1466222e+00
   1.2342332e+00   1.1114872e+06   4.2465268e+02  -4.0477146e+03   1.1500838e+00
   1.2344642e+00   1.1043727e+06   4.1020169e+02  -3.3205672e+04   1.1557820e+00
   1.2346954e+00   1.1349049e+06   4.2020210e+02  -2.3961735e+04   1.1555239e+00
   1.2349266e+00   1.2275508e+06   4.5123305e+02   5.1984373e+04   1.1516653e+00
   1.2351580e+00   1.2338084e+06   4.4248252e+02   4.8883142e+04   1.1557292e+00
   1.2353895e+00   1.2204979e+06   4.4956314e+02   3.4570991e+04   1.1628883e+00
   1.2356211e+00   1.1753453e+06   4.2925162e+02  -4.1238117e+03   1.1624250e+00
   1.2358527e+00   1.1198676e+06   4.0670690e+02  -4.8145276e+04   1.1602248e+00
   1.2360845e+00   1.1372876e+06   4.1944193e+02  -1.7533374e+04   1.1599564e+00
   1.2363165e+00   1.1303321e+06   4.1520411e+02  -1.2702772e+04   1.1594023e+00
   1.2365485e+00   1.1086704e+06   4.0935177e+02  -2.6204257e+04   1.1668135e+00
   1.2367806e+00   1.1466866e+06   4.2645989e+02   1.5470723e+04   1.1725824e+00
   1.2370128e+00   1.1453644e+06   4.2351409e+02   1.3742914e+04   1.1698337e+00
   1.2372452e+00   1.1364319e+06   4.2257554e+02   1.6970213e+03   1.1694121e+00
   1.2374776e+00   1.1669907e+06   4.2946230e+02   2.8114703e+04   1.1725729e+00
   1.2377102e+00   1.1504549e+06   4.1981363e+02   7.8343466e+03   1.1756890e+00
   1.2379428e+00   1.1469686e+06   4.2157147e+02   1.7950790e+03   1.1802411e+00
   1.2381756e+00   1.1384287e+06   4.1693924e+02  -8.0358931e+03   1.1818283e+00
   1.2384084e+00   1.1223135e+06   4.1924331e+02  -2.4674579e+04   1.1794197e+00
   1.2386414e+00   1.1567360e+06   4.2800757e+02   9.2511601e+03   1.1786703e+00
   1.2388745e+00   1.1334267e+06   4.1787159e+02  -1.5166699e+04   1.1823209e+00
   1.2391077e+00   1.1593978e+06   4.2881732e+02   8.7919269e+03   1.1862520e+00
   1.2393410e+00   1.1406298e+06   4.2708342e+02  -1.2765737e+04   1.1923220e+00
   1.2395744e+00   1.1498882e+06   4.2352835e+02  -6.6420719e+03   1.1905195e+00
   1.2398079e+00   1.1810107e+06   4.3779844e+02   2.1511148e+04   1.1906167e+00
   1.2400415e+00   1.1763574e+06   4.3985998e+02   1.4401970e+04   1.1934701e+00
   1.2402752e+00   1.1851545e+06   4.3720000e+02   2.1296703e+04   1.1984623e+00
   1.2405090e+00   1.1506301e+06   4.2118843e+02  -1.4842922e+04   1.2025465e+00
   1.2407429e+00   1.1395622e+06   4.1997009e+02  -2.7665909e+04   1.2012078e+00
   1.2409769e+00   1.1818381e+06   4.3909770e+02   1.2356074e+04   1.1991963e+00
   1.2412110e+00   1.1732992e+06   4.2905636e+02   1.0049252e+03   1.2082163e+00
   1.2414452e+00   1.1569780e+06   4.3115361e+02  -1.8303870e+04   1.2158718e+00
   1.2416795e+00   1.1681765e+06   4.3583723e+02  -9.4866629e+03   1.2192022e+00
   1.2419139e+00   1.1716076e+06   4.3088131e+02  -6.8725564e+03   1.2178871e+00
   1.2421485e+00   1.2053139e+06   4.4387696e+02   2.8396236e+04   1.2162888e+00
   1.2423831e+00   1.2068247e+06   4.4177513e+02   3.4216562e+04   1.2214372e+00
   1.2426178e+00   1.1592931e+06   4.2762873e+02  -6.5192085e+03   1.2301937e+00
   1.2428526e+00   1.1434587e+06   4.2312403e+02  -1.3961003e+04   1.2365984e+00
   1.2430875e+00   1.1257050e+06   4.2030486e+02  -2.3060516e+04   1.2371627e+00
   1.2433226e+00   1.1446964e+06   4.2438752e+02   3.3895657e+03   1.2337003e+00
   1.2435577e+00   1.1543590e+06   4.3824592e+02   1.8109561e+04   1.2350529e+00
   1.2437929e+00   1.1195157e+06   4.1859412e+02  -1.4719168e+04   1.2430867e+00
   1.2440282e+00   1.1388122e+06   4.1772227e+02   3.6284746e+03   1.2493074e+00
   1.2442636e+00   1.1374317e+06   4.2102086e+02  -8.9970182e+02   1.2526171e+00
   1.2444991e+00   1.1239865e+06   4.1690446e+02  -1.8437676e+04   1.2486041e+00
   1.2447348e+00   1.1564646e+06   4.3220639e+02   1.0420408e+04   1.2518143e+00
   1.2449705e+00   1.1530768e+06   4.2746857e+02   5.0916598e+03   1.2607385e+00
   1.2452063e+00   1.1629444e+06   4.2938916e+02   0.0000000e+00   1.2677665e+00
   1.2454422e+00   1.1452201e+06   4.2326317e+02   0.0000000e+00   1.2699325e+00
   1.2456782e+00   1.1452398e+06   4.1670802e+02   0.0000000e+00   1.2705963e+00
   1.2459143e+00   1.1338932e+06   4.1909588e+02   0.0000000e+00   1.2735949e+00
   1.2461505e+00   1.1136017e+06   4.1439974e+02   0.0000000e+00   1.2793180e+00
   1.2463868e+00   1.1374317e+06   4.2521141e+02   0.0000000e+00   1.2851570e+00
   1.2466231e+00   1.1426467e+06   4.2114033e+02   0.0000000e+00   1.2881793e+00
   1.2468596e+00   1.1157385e+06   4.1363761e+02   0.0000000e+00   1.2864105e+00
   1.2470962e+00   1.1410620e+06   4.2414844e+02   0.0000000e+00   1.2854920e+00
   1.2473329e+00   1.1593202e+06   4.2596817e+02   0.0000000e+00   1.2927669e+00
   1.2475696e+00   1.1602432e+06   4.2543843e+02   0.0000000e+00   1.3024690e+00
   1.2478065e+00   1.1875511e+06   4.4218706e+02   0.0000000e+00   1.3036296e+00
   1.2480434e+00   1.1878110e+06   4.4261143e+02   0.0000000e+00   1.3065671e+00
   1.2482805e+00   1.1857045e+06   4.3441254e+02   0.0000000e+00   1.3047992e+00
   1.2485176e+00   1.1647428e+06   4.2434935e+02   0.0000000e+00   1.3076252e+00
   1.2487548e+00   1.1699322e+06   4.3426735e+02   0.0000000e+00   1.3177815e+00
   1.2489922e+00   1.1685512e+06   4.3191768e+02   0.0000000e+00   1.3244762e+00
   1.2492296e+00   1.1560031e+06   4.2387470e+02   0.0000000e+00   1.3262422e+00
   1.2494671e+00   1.1870756e+06   4.2712954e+02   0.0000000e+00   1.3258638e+00
   1.2497047e+00   1.2075041e+06   4.4658382e+02   0.0000000e+00   1.3281126e+00
   1.2499424e+00   1.2000541e+06   4.3882859e+02   0.0000000e+00   1.3384930e+00
   1.2501802e+00   1.2055817e+06   4.4539896e+02   0.0000000e+00   1.3405282e+00
   1.2504180e+00   1.2360904e+06   4.5002089e+02   0.0000000e+00   1.3380486e+00
   1.2506560e+00   1.2007976e+06   4.4136202e+02   0.0000000e+00   1.3358939e+00
   1.2508941e+00   1.1786912e+06   4.3372776e+02   0.0000000e+00   1.3431653e+00
   1.2511322e+00   1.1918461e+06   4.3521342e+02   0.0000000e+00   1.3496473e+00
   1.2513704e+00   1.1905253e+06   4.3808626e+02   0.0000000e+00   1.3559200e+00
   1.2516088e+00   1.1751802e+06   4.3392138e+02   0.0000000e+00   1.3544782e+00
   1.2518472e+00   1.1902238e+06   4.4065529e+02   0.0000000e+00   1.3514573e+00
   1.2520857e+00   1.2118160e+06   4.4241742e+02   0.0000000e+00   1.3510043e+00
   1.2523243e+00   1.1927213e+06   4.4080867e+02   0.0000000e+00   1.3634715e+00
   1.2525630e+00   1.1759342e+06   4.3067858e+02   0.0000000e+00   1.3698578e+00
   1.2528017e+00   1.2040389e+06   4.3913641e+02   0.0000000e+00   1.3681999e+00
   1.2530406e+00   1.1831452e+06   4.3723490e+02   0.0000000e+00   1.3673313e+00
   1.2532795e+00   1.1720403e+06   4.3764354e+02   0.0000000e+00   1.3711113e+00
   1.2535185e+00   1.1842594e+06   4.4061247e+02   0.0000000e+00   1.3765539e+00
   1.2537577e+00   1.2021244e+06   4.4161156e+02   0.0000000e+00   1.3802379e+00
   1.2539969e+00   1.1732744e+06   4.3516380e+02   0.0000000e+00   1.3814280e+00
   1.2542362e+00   1.2016215e+06   4.3881541e+02   0.0000000e+00   1.3823188e+00
   1.2544755e+00   1.1925483e+06   4.3804388e+02   0.0000000e+00   1.3849189e+00
   1.2547150e+00   1.1804190e+06   4.4028867e+02   0.0000000e+00   1.3944990e+00
   1.2549545e+00   1.1867715e+06   4.3985989e+02   0.0000000e+00   1.3974470e+00
   1.2551942e+00   1.2222269e+06   4.4586433e+02   0.0000000e+00   1.3974351e+00
   1.2554339e+00   1.2246803e+06   4.4667360e+02   0.0000000e+00   1.3944263e+00
   1.2556737e+00   1.1971600e+06   4.3889113e+02   0.0000000e+00   1.3952614e+00
   1.2559136e+00   1.2058741e+06   4.3910224e+02   0.0000000e+00   1.4071301e+00
   1.2561536e+00   1.2457379e+06   4.5765550e+02   0.0000000e+00   1.4114050e+00
   1.2563936e+00   1.2195738e+06   4.4597594e+02   0.0000000e+00   1.4103111e+00
   1.2566337e+00   1.2134365e+06   4.5035512e+02   0.0000000e+00   1.4074019e+00
   1.2568740e+00   1.2556206e+06   4.7261786e+02   0.0000000e+00   1.4085866e+00
   1.2571143e+00   1.2324681e+06   4.5652937e+02   0.0000000e+00   1.4149008e+00
   1.2573547e+00   1.2353396e+06   4.6111429e+02   0.0000000e+00   1.4205981e+00
   1.2575951e+00   1.2499794e+06   4.6532310e+02   0.0000000e+00   1.4197588e+00
   1.2578357e+00   1.2339680e+06   4.5292296e+02   0.0000000e+00   1.4153876e+00
   1.2580763e+00   1.2462853e+06   4.4726750e+02   0.0000000e+00   1.4167128e+00
   1.2583170e+00   1.2586090e+06   4.6090865e+02   0.0000000e+00   1.4184670e+00
   1.2585578e+00   1.2475531e+06   4.5238030e+02   0.0000000e+00   1.4252729e+00
   1.2587987e+00   1.2234689e+06   4.4207729e+02   0.0000000e+00   1.4215765e+00
   1.2590397e+00   1.2623215e+06   4.5570532e+02   0.0000000e+00   1.4208502e+00
   1.2592807e+00   1.2590910e+06   4.5355757e+02   0.0000000e+00   1.4257187e+00
   1.2595218e+00   1.2338960e+06   4.4224238e+02   0.0000000e+00   1.4325817e+00
   1.2597630e+00   1.2275935e+06   4.4101584e+02   0.0000000e+00   1.4334654e+00
   1.2600043e+00   1.2700066e+06   4.5313303e+02   0.0000000e+00   1.4356807e+00
   1.2602456e+00   1.2693161e+06   4.5654240e+02   0.0000000e+00   1.4379888e+00
   1.2604871e+00   1.2359416e+06   4.4687569e+02   0.0000000e+00   1.4353375e+00
   1.2607286e+00   1.2597392e+06   4.5425742e+02   0.0000000e+00   1.4394671e+00
   1.2609702e+00   1.2680718e+06   4.5733615e+02   0.0000000e+00   1.4446139e+00
   1.2612119e+00   1.2667635e+06   4.5764264e+02   0.0000000e+00   1.4466494e+00
   1.2614536e+00   1.2511878e+06   4.6090653e+02   0.0000000e+00   1.4414242e+00
   1.2616954e+00   1.2760199e+06   4.6491494e+02   0.0000000e+00   1.4446448e+00
   1.2619373e+00   1.2823289e+06   4.6958481e+02   0.0000000e+00   1.4470341e+00
   1.2621793e+00   1.2650905e+06   4.5974485e+02   0.0000000e+00   1.4511658e+00
   1.2624214e+00   1.2728505e+06   4.6588465e+02   0.0000000e+00   1.4498033e+00
   1.2626635e+00   1.2574469e+06   4.5541759e+02   0.0000000e+00   1.4465160e+00
   1.2629057e+00   1.2440599e+06   4.5264001e+02   0.0000000e+00   1.4484419e+00
   1.2631480e+00   1.2456736e+06   4.6275174e+02   0.0000000e+00   1.4474160e+00
   1.2633904e+00   1.2693594e+06   4.6328401e+02   0.0000000e+00   1.4502488e+00
   1.2636328e+00   1.2786813e+06   4.5940229e+02   0.0000000e+00   1.4483072e+00
   1.2638753e+00   1.2840102e+06   4.6553249e+02   0.0000000e+00   1.4495292e+00
   1.2641179e+00   1.2989546e+06   4.7456515e+02   0.0000000e+00   1.4511508e+00
   1.2643605e+00   1.2800233e+06   4.6541314e+02   0.0000000e+00   1.4527414e+00
   1.2646033e+00   1.2707727e+06   4.6484637e+02   0.0000000e+00   1.4550113e+00
   1.2648461e+00   1.3036836e+06   4.7252737e+02   0.0000000e+00   1.4534806e+00
   1.2650890e+00   1.3120355e+06   4.7435261e+02   0.0000000e+00   1.4559715e+00
   1.2653319e+00   1.2981190e+06   4.6868555e+02   0.0000000e+00   1.4570173e+00
   1.2655749e+00   1.3391749e+06   4.9595749e+02   0.0000000e+00   1.4585219e+00
   1.2658180e+00   1.3481608e+06   4.9179668e+02   0.0000000e+00   1.4661227e+00
   1.2660612e+00   1.3352008e+06   4.8672619e+02   0.0000000e+00   1.4626502e+00
   1.2663044e+00   1.3420869e+06   4.9060274e+02   0.0000000e+00   1.4574865e+00
   1.2665478e+00   1.3338466e+06   4.8320599e+02   0.0000000e+00   1.4532133e+00
   1.2667911e+00   1.3658556e+06   4.9622243e+02   0.0000000e+00   1.4629921e+00
   1.2670346e+00   1.3506035e+06   4.8426617e+02   0.0000000e+00   1.4717970e+00
   1.2672781e+00   1.3737608e+06   5.0263678e+02   0.0000000e+00   1.4661165e+00
   1.2675217e+00   1.3687552e+06   4.9626652e+02   0.0000000e+00   1.4612724e+00
   1.2677654e+00   1.3397960e+06   4.8717904e+02   0.0000000e+00   1.4645973e+00
   1.2680091e+00   1.3764817e+06   4.9229334e+02   0.0000000e+00   1.4683428e+00
   1.2682529e+00   1.3828599e+06   4.9602783e+02   0.0000000e+00   1.4694048e+00
   1.2684968e+00   1.3948138e+06   4.9817031e+02   0.0000000e+00   1.4689403e+00
   1.2687408e+00   1.3880406e+06   4.9419056e+02   0.0000000e+00   1.4653867e+00
   1.2689848e+00   1.3998995e+06   5.0770058e+02   0.0000000e+00   1.4603215e+00
   1.2692289e+00   1.4118709e+06   5.0823348e+02   0.0000000e+00   1.4622590e+00
   1.2694730e+00   1.4013831e+06   5.0402855e+02   0.0000000e+00   1.4678235e+00
   1.2697172e+00   1.4113234e+06   5.0100380e+02   0.0000000e+00   1.4671592e+00
   1.2699615e+00   1.4069733e+06   5.0215684e+02   0.0000000e+00   1.4657221e+00
   1.2702059e+00   1.3946442e+06   4.9641999e+02   0.0000000e+00   1.4680085e+00
   1.2704503e+00   1.3563491e+06   4.8504122e+02   0.0000000e+00   1.4727061e+00
   1.2706948e+00   1.3712647e+06   4.8935586e+02   0.0000000e+00   1.4775918e+00
   1.2709394e+00   1.3628896e+06   4.8905743e+02   0.0000000e+00   1.4780647e+00
   1.2711840e+00   1.3482184e+06   4.8295782e+02   0.0000000e+00   1.4719965e+00
   1.2714287e+00   1.3896276e+06   4.9844795e+02   0.0000000e+00   1.4702476e+00
   1.2716734e+00   1.3748647e+06   4.9313593e+02   0.0000000e+00   1.4755208e+00
   1.2719182e+00   1.3741779e+06   4.9340299e+02   0.0000000e+00   1.4798786e+00
   1.2721631e+00   1.3939936e+06   4.9855442e+02   0.0000000e+00   1.4811809e+00
   1.2724081e+00   1.3977721e+06   4.9817691e+02   0.0000000e+00   1.4721277e+00
   1.2726531e+00   1.3805812e+06   4.9562029e+02   0.0000000e+00   1.4689728e+00
   1.2728982e+00   1.3909530e+06   4.9512644e+02   0.0000000e+00   1.4749306e+00
   1.2731433e+00   1.4018580e+06   4.9708952e+02   0.0000000e+00   1.4846631e+00
   1.2733885e+00   1.3919902e+06   5.0005939e+02   0.0000000e+00   1.4802095e+00
   1.2736338e+00   1.3887825e+06   4.9345066e+02   0.0000000e+00   1.4755297e+00
   1.2738791e+00   1.4018391e+06   5.0064688e+02   0.0000000e+00   1.4739046e+00
   1.2741245e+00   1.4089374e+06   5.0706760e+02   0.0000000e+00   1.4759187e+00
   1.2743700e+00   1.3727991e+06   4.9410901e+02   0.0000000e+00   1.4826611e+00
   1.2746155e+00   1.4211741e+06   5.0773862e+02   0.0000000e+00   1.4836480e+00
   1.2748611e+00   1.4197079e+06   5.1031228e+02   0.0000000e+00   1.4784245e+00
   1.2751067e+00   1.4534919e+06   5.1376497e+02   0.0000000e+00   1.4739152e+00
   1.2753524e+00   1.4561195e+06   5.1465370e+02   0.0000000e+00   1.4782948e+00
   1.2755982e+00   1.4380902e+06   5.0951441e+02   0.0000000e+00   1.4852526e+00
   1.2758440e+00   1.4376972e+06   5.1134487e+02   0.0000000e+00   1.4867251e+00
   1.2760899e+00   1.4314585e+06   5.0941765e+02   0.0000000e+00   1.4783451e+00
   1.2763359e+00   1.5010744e+06   5.3792179e+02   0.0000000e+00   1.4748316e+00
   1.2765819e+00   1.5021291e+06   5.4532520e+02   0.0000000e+00   1.4779343e+00
   1.2768279e+00   1.4372352e+06   5.1706404e+02   0.0000000e+00   1.4805124e+00
   1.2770741e+00   1.3999713e+06   4.9508856e+02   0.0000000e+00   1.4853106e+00
   1.2773203e+00   1.4274813e+06   5.0701037e+02   0.0000000e+00   1.4755448e+00
   1.2775665e+00   1.4440786e+06   5.1404646e+02   0.0000000e+00   1.4707161e+00
   1.2778128e+00   1.4387078e+06   5.1326322e+02   0.0000000e+00   1.4706812e+00
   1.2780592e+00   1.5339326e+06   5.4677931e+02   0.0000000e+00   1.4801930e+00
   1.2783056e+00   1.5436643e+06   5.5512840e+02   0.0000000e+00   1.4812683e+00
   1.2785521e+00   1.5495309e+06   5.5209877e+02   0.0000000e+00   1.4842902e+00
   1.2787986e+00   1.4642860e+06   5.2357905e+02   0.0000000e+00   1.4770679e+00
   1.2790452e+00   1.4416148e+06   5.1538183e+02   0.0000000e+00   1.4782094e+00
   1.2792918e+00   1.3984471e+06   4.9275571e+02   0.0000000e+00   1.4877580e+00
   1.2795386e+00   1.4457663e+06   5.0370598e+02   0.0000000e+00   1.4937362e+00
   1.2797853e+00   1.4517474e+06   5.1403913e+02   0.0000000e+00   1.4840742e+00
   1.2800321e+00   1.5030418e+06   5.3724159e+02   0.0000000e+00   1.4782249e+00
   1.2802790e+00   1.5132333e+06   5.3192197e+02   0.0000000e+00   1.4809284e+00
   1.2805259e+00   1.5868435e+06   5.5640706e+02   0.0000000e+00   1.4909420e+00
   1.2807729e+00   1.6008900e+06   5.6056834e+02   0.0000000e+00   1.4910266e+00
   1.2810200e+00   1.5632677e+06   5.5341899e+02   0.0000000e+00   1.4835510e+00
   1.2812670e+00   1.5137256e+06   5.3659719e+02   0.0000000e+00   1.4764681e+00
   1.2815142e+00   1.4841285e+06   5.2349482e+02   0.0000000e+00   1.4777303e+00
   1.2817614e+00   1.4657418e+06   5.2241777e+02   0.0000000e+00   1.4869680e+00
   1.2820087e+00   1.4758236e+06   5.2343410e+02   0.0000000e+00   1.4937048e+00
   1.2822560e+00   1.5028947e+06   5.3227398e+02   0.0000000e+00   1.4894183e+00
   1.2825033e+00   1.4562998e+06   5.1899753e+02   0.0000000e+00   1.4826228e+00
   1.2827507e+00   1.4733869e+06   5.3051320e+02   0.0000000e+00   1.4777122e+00
   1.2829982e+00   1.4821361e+06   5.2267598e+02   0.0000000e+00   1.4853392e+00
   1.2832457e+00   1.5208488e+06   5.3160315e+02   0.0000000e+00   1.4908113e+00
   1.2834933e+00   1.5505002e+06   5.5034048e+02   0.0000000e+00   1.4849378e+00
   1.2837409e+00   1.5504962e+06   5.5503063e+02   0.0000000e+00   1.4786953e+00
   1.2839886e+00   1.5238608e+06   5.3981860e+02   0.0000000e+00   1.4795513e+00
   1.2842363e+00   1.5225506e+06   5.3492666e+02   0.0000000e+00   1.4904330e+00
   1.2844841e+00   1.5339037e+06   5.4030745e+02   0.0000000e+00   1.4968224e+00
   1.2847319e+00   1.5238651e+06   5.3638478e+02   0.0000000e+00   1.4945161e+00
   1.2849798e+00   1.5053963e+06   5.2588556e+02   0.0000000e+00   1.4812717e+00
   1.2852277e+00   1.5261856e+06   5.3033371e+02   0.0000000e+00   1.4787696e+00
   1.2854757e+00   1.4936244e+06   5.2598255e+02   0.0000000e+00   1.4871798e+00
   1.2857237e+00   1.5044455e+06   5.3693509e+02   0.0000000e+00   1.4917458e+00
   1.2859718e+00   1.4920114e+06   5.3046861e+02   0.0000000e+00   1.4959269e+00
   1.2862199e+00   1.5453151e+06   5.4677334e+02   0.0000000e+00   1.4855016e+00
   1.2864681e+00   1.5180162e+06   5.4007085e+02   0.0000000e+00   1.4801305e+00
   1.2867163e+00   1.5289428e+06   5.3212731e+02   0.0000000e+00   1.4905990e+00
   1.2869646e+00   1.5464541e+06   5.5125618e+02   0.0000000e+00   1.4992117e+00
   1.2872129e+00   1.5350399e+06   5.4330572e+02   0.0000000e+00   1.4974578e+00
   1.2874613e+00   1.5699503e+06   5.4971361e+02   0.0000000e+00   1.4931146e+00
   1.2877097e+00   1.5611436e+06   5.6009868e+02   0.0000000e+00   1.4776482e+00
   1.2879581e+00   1.5459355e+06   5.4718673e+02   0.0000000e+00   1.4871927e+00
   1.2882066e+00   1.5436017e+06   5.4446082e+02   0.0000000e+00   1.4978574e+00
   1.2884552e+00   1.5432604e+06   5.4834726e+02   0.0000000e+00   1.4989426e+00
   1.2887038e+00   1.5460370e+06   5.4113218e+02   0.0000000e+00   1.4927693e+00
   1.2889524e+00   1.5506319e+06   5.5041010e+02   0.0000000e+00   1.4888730e+00
   1.2892011e+00   1.5479812e+06   5.4922937e+02   0.0000000e+00   1.4932547e+00
   1.2894498e+00   1.5844866e+06   5.5635719e+02   0.0000000e+00   1.5010390e+00
   1.2896986e+00   1.5780614e+06   5.5269711e+02   0.0000000e+00   1.5043914e+00
   1.2899474e+00   1.5662201e+06   5.4849044e+02   0.0000000e+00   1.4924669e+00
   1.2901963e+00   1.6954311e+06   6.0042545e+02   0.0000000e+00   1.4837102e+00
   1.2904452e+00   1.9121799e+06   6.6495742e+02   0.0000000e+00   1.4946915e+00
   1.2906941e+00   1.8796084e+06   6.5480353e+02   0.0000000e+00   1.5017763e+00
   1.2909431e+00   1.8117388e+06   6.3248864e+02   0.0000000e+00   1.5035336e+00
   1.2911922e+00   1.6030893e+06   5.5959590e+02   0.0000000e+00   1.4914344e+00
   1.2914413e+00   1.5824486e+06   5.5800093e+02   0.0000000e+00   1.4856857e+00
   1.2916904e+00   1.5938543e+06   5.6241570e+02   0.0000000e+00   1.4888368e+00
   1.2919395e+00   1.6939747e+06   6.0174884e+02   0.0000000e+00   1.4946224e+00
   1.2921887e+00   1.7062281e+06   6.0456901e+02   0.0000000e+00   1.4999106e+00
   1.2924380e+00   1.6605728e+06   5.8602042e+02   0.0000000e+00   1.4950729e+00
   1.2926873e+00   1.5978907e+06   5.6717367e+02   0.0000000e+00   1.4906374e+00
   1.2929366e+00   1.5977236e+06   5.6508235e+02   0.0000000e+00   1.4919957e+00
   1.2931860e+00   1.5506896e+06   5.4978823e+02   0.0000000e+00   1.5002875e+00
   1.2934354e+00   1.5697724e+06   5.5130686e+02   0.0000000e+00   1.5058104e+00
   1.2936849e+00   1.6029843e+06   5.6606316e+02   0.0000000e+00   1.4946487e+00
   1.2939343e+00   1.5892952e+06   5.6277850e+02   0.0000000e+00   1.4916861e+00
   1.2941839e+00   1.6320851e+06   5.7629958e+02   0.0000000e+00   1.4883958e+00
   1.2944335e+00   1.6413914e+06   5.7704053e+02   0.0000000e+00   1.5017621e+00
   1.2946831e+00   1.6366661e+06   5.7889036e+02   0.0000000e+00   1.5067421e+00
   1.2949327e+00   1.5818071e+06   5.6121817e+02   0.0000000e+00   1.5040327e+00
   1.2951824e+00   1.6026613e+06   5.5935074e+02   0.0000000e+00   1.4942536e+00
   1.2954321e+00   1.6329111e+06   5.7044096e+02   0.0000000e+00   1.4953488e+00
   1.2956819e+00   1.6185427e+06   5.6532547e+02   0.0000000e+00   1.5065305e+00
   1.2959317e+00   1.6087251e+06   5.6098906e+02   0.0000000e+00   1.5139349e+00
   1.2961815e+00   1.6385821e+06   5.8137850e+02   0.0000000e+00   1.5061849e+00
   1.2964314e+00   1.6081879e+06   5.6875794e+02   0.0000000e+00   1.4993580e+00
   1.2966813e+00   1.6324456e+06   5.8104568e+02   0.0000000e+00   1.4980395e+00
   1.2969313e+00   1.6707779e+06   5.9367851e+02   0.0000000e+00   1.5057732e+00
   1.2971812e+00   1.6629623e+06   5.8682882e+02   0.0000000e+00   1.5113491e+00
   1.2974313e+00   1.6396277e+06   5.7523109e+02   0.0000000e+00   1.5110455e+00
   1.2976813e+00   1.6679812e+06   5.9864973e+02   0.0000000e+00   1.4964926e+00
   1.2979314e+00   1.7044975e+06   5.9953841e+02   0.0000000e+00   1.4987704e+00
   1.2981815e+00   1.6934503e+06   5.9504814e+02   0.0000000e+00   1.5056277e+00
   1.2984317e+00   1.7050743e+06   5.9211213e+02   0.0000000e+00   1.5126353e+00
   1.2986819e+00   1.7488304e+06   6.0852972e+02   0.0000000e+00   1.5136774e+00
   1.2989321e+00   1.7004858e+06   5.9059386e+02   0.0000000e+00   1.5063214e+00
   1.2991824e+00   1.6491419e+06   5.7705412e+02   0.0000000e+00   1.5054867e+00
   1.2994327e+00   1.6781342e+06   5.9394799e+02   0.0000000e+00   1.5099512e+00
   1.2996830e+00   1.6873065e+06   5.9357209e+02   0.0000000e+00   1.5147299e+00
   1.2999334e+00   1.6623547e+06   5.8420244e+02   0.0000000e+00   1.5135165e+00
   1.3001838e+00   1.6473312e+06   5.8112362e+02   0.0000000e+00   1.5089780e+00
   1.3004342e+00   1.6978345e+06   5.9850852e+02   0.0000000e+00   1.5078706e+00
   1.3006847e+00   1.6848548e+06   5.8585752e+02   0.0000000e+00   1.5114615e+00
   1.3009352e+00   1.6672502e+06   5.7996070e+02   0.0000000e+00   1.5168386e+00
   1.3011857e+00   1.7053416e+06   5.9683847e+02   0.0000000e+00   1.5183464e+00
   1.3014362e+00   1.6935893e+06   5.8963835e+02   0.0000000e+00   1.5096565e+00
   1.3016868e+00   1.7246874e+06   6.0338954e+02   0.0000000e+00   1.5057057e+00
   1.3019374e+00   1.9109620e+06   6.6505352e+02   0.0000000e+00   1.5107157e+00
   1.3021881e+00   1.9151489e+06   6.7344601e+02   0.0000000e+00   1.5132265e+00
   1.3024388e+00   1.8454992e+06   6.5821465e+02   0.0000000e+00   1.5093939e+00
   1.3026895e+00   1.7263595e+06   6.0309329e+02   0.0000000e+00   1.5083896e+00
   1.3029402e+00   1.7400908e+06   6.2068596e+02   0.0000000e+00   1.5057206e+00
   1.3031910e+00   1.7235646e+06   6.0746256e+02   0.0000000e+00   1.5073270e+00
   1.3034418e+00   1.7244862e+06   6.0329288e+02   0.0000000e+00   1.5107968e+00
   1.3036926e+00   1.7731406e+06   6.1919052e+02   0.0000000e+00   1.5040095e+00
   1.3039434e+00   1.7554889e+06   6.2297656e+02   0.0000000e+00   1.4983180e+00
   1.3041943e+00   1.7357065e+06   6.1726212e+02   0.0000000e+00   1.5000454e+00
   1.3044452e+00   1.7455486e+06   6.1362489e+02   0.0000000e+00   1.5004559e+00
   1.3046962e+00   1.7988745e+06   6.2414229e+02   0.0000000e+00   1.5019557e+00
   1.3049471e+00   1.7718832e+06   6.1856782e+02   0.0000000e+00   1.4973467e+00
   1.3051981e+00   1.8278625e+06   6.3682664e+02   0.0000000e+00   1.4892133e+00
   1.3054491e+00   1.8451997e+06   6.3980245e+02   0.0000000e+00   1.4897107e+00
   1.3057002e+00   1.7565373e+06   6.1782831e+02   0.0000000e+00   1.4869833e+00
   1.3059512e+00   1.7443097e+06   6.1336017e+02   0.0000000e+00   1.4875937e+00
   1.3062023e+00   1.8032286e+06   6.2335094e+02   0.0000000e+00   1.4823491e+00
   1.3064534e+00   1.7687804e+06   6.1391643e+02   0.0000000e+00   1.4812254e+00
   1.3067046e+00   1.7433904e+06   6.0586169e+02   0.0000000e+00   1.4779118e+00
   1.3069558e+00   1.7805615e+06   6.1730107e+02   0.0000000e+00   1.4725966e+00
   1.3072070e+00   1.8422556e+06   6.4341451e+02   0.0000000e+00   1.4678911e+00
   1.3074582e+00   1.8078486e+06   6.3131303e+02   0.0000000e+00   1.4640823e+00
   1.3077094e+00   1.8164404e+06   6.3328227e+02   0.0000000e+00   1.4609397e+00
   1.3079607e+00   2.3146564e+06   8.3165594e+02   0.0000000e+00   1.4077217e+00
   1.3082120e+00   1.8446934e+06   7.4206923e+02   0.0000000e+00   1.4539267e+00
   1.3084633e+00   1.8450382e+06   6.9418170e+02   0.0000000e+00   1.4660502e+00
   1.3087146e+00   1.6724801e+06   6.5438926e+02   0.0000000e+00   1.4684084e+00
   1.3089660e+00   1.4604786e+06   6.1484613e+02   0.0000000e+00   1.4674675e+00
   1.3092174e+00   1.3928398e+06   5.8859449e+02   0.0000000e+00   1.4680206e+00
   1.3094688e+00   1.3542189e+06   5.8434340e+02   0.0000000e+00   1.4653837e+00
   1.3097202e+00   1.3134036e+06   5.8117863e+02   0.0000000e+00   1.4552296e+00
   1.3099716e+00   1.2640783e+06   5.6604089e+02   0.0000000e+00   1.4475133e+00
   1.3102231e+00   1.1942213e+06   5.5662966e+02   0.0000000e+00   1.4367824e+00
   1.3104746e+00   1.1630600e+06   5.5197800e+02   0.0000000e+00   1.4332997e+00
   1.3107261e+00   1.1169460e+06   5.2536461e+02   0.0000000e+00   1.4312140e+00
   1.3109776e+00   1.0844955e+06   4.9944774e+02   0.0000000e+00   1.4261338e+00
   1.3112292e+00   1.0649470e+06   4.7614116e+02   0.0000000e+00   1.4297385e+00
   1.3114808e+00   1.0343981e+06   4.3780338e+02   0.0000000e+00   1.4475516e+00
   1.3117323e+00   1.0107167e+06   4.1671753e+02   0.0000000e+00   1.4482275e+00
   1.3119840e+00   1.0331284e+06   4.0359660e+02   0.0000000e+00   1.4537591e+00
   1.3122356e+00   1.0963738e+06   4.1162510e+02   0.0000000e+00   1.4671418e+00
   1.3124872e+00   1.1155363e+06   4.1251503e+02   0.0000000e+00   1.4659362e+00
   1.3127389e+00   1.1327640e+06   4.2500845e+02   0.0000000e+00   1.4636067e+00
   1.3129906e+00   1.0640490e+06   3.9463571e+02   0.0000000e+00   1.4619386e+00
   1.3132423e+00   1.0416662e+06   3.9089295e+02   0.0000000e+00   1.4614955e+00
   1.3134940e+00   1.0483437e+06   3.8962906e+02   0.0000000e+00   1.4575858e+00
   1.3137457e+00   1.0565496e+06   3.8908836e+02   0.0000000e+00   1.4517929e+00
   1.3139975e+00   1.0341082e+06   3.8792057e+02   0.0000000e+00   1.4400124e+00
   1.3142492e+00   1.0460672e+06   3.9334325e+02   0.0000000e+00   1.4420321e+00
   1.3145010e+00   1.0630395e+06   4.0959886e+02   0.0000000e+00   1.4442172e+00
   1.3147528e+00   1.0343970e+06   3.8917793e+02   0.0000000e+00   1.4332566e+00
   1.3150046e+00   1.0851369e+06   3.9771173e+02   0.0000000e+00   1.4269643e+00
   1.3152565e+00   1.1771168e+06   4.3791182e+02   0.0000000e+00   1.4185065e+00
   1.3155083e+00   1.1994419e+06   4.3988443e+02   0.0000000e+00   1.4252146e+00
   1.3157602e+00   1.1212031e+06   4.2392691e+02   0.0000000e+00   1.4247865e+00
   1.3160121e+00   1.0860301e+06   4.0013381e+02   0.0000000e+00   1.4191733e+00
   1.3162640e+00   1.0824286e+06   4.0293282e+02   0.0000000e+00   1.4129475e+00
   1.3165159e+00   1.0933832e+06   4.0245734e+02   0.0000000e+00   1.4070474e+00
   1.3167678e+00   1.0743603e+06   3.9191555e+02   0.0000000e+00   1.4060059e+00
   1.3170197e+00   1.0728010e+06   3.9562430e+02   0.0000000e+00   1.4095694e+00
   1.3172717e+00   1.0437141e+06   3.8469740e+02   0.0000000e+00   1.4084641e+00
   1.3175236e+00   1.0458724e+06   3.9204227e+02   0.0000000e+00   1.4006079e+00
   1.3177756e+00   1.0825779e+06   3.9927404e+02   0.0000000e+00   1.3913548e+00
   1.3180276e+00   1.0959503e+06   4.0018527e+02   0.0000000e+00   1.3918663e+00
   1.3182796e+00   1.0306721e+06   3.8415815e+02   0.0000000e+00   1.3956932e+00
   1.3185316e+00   1.0244464e+06   3.8768429e+02   0.0000000e+00   1.3950004e+00
   1.3187836e+00   1.0608480e+06   3.9716410e+02   0.0000000e+00   1.3899187e+00
   1.3190356e+00   1.0439350e+06   3.9334325e+02   0.0000000e+00   1.3826653e+00
   1.3192877e+00   1.0427046e+06   3.8594226e+02   0.0000000e+00   1.3837835e+00
   1.3195397e+00   1.0316609e+06   3.8891483e+02   0.0000000e+00   1.3912360e+00
   1.3197918e+00   1.0481993e+06   3.8583090e+02   0.0000000e+00   1.3922723e+00
   1.3200438e+00   1.0405352e+06   3.8583043e+02   0.0000000e+00   1.3867109e+00
   1.3202959e+00   1.0741859e+06   3.9750691e+02   0.0000000e+00   1.3796843e+00
   1.3205480e+00   1.1122207e+06   4.1216572e+02   0.0000000e+00   1.3823506e+00
   1.3208001e+00   1.1074301e+06   4.1017466e+02   0.0000000e+00   1.3906081e+00
   1.3210522e+00   1.0703849e+06   3.9698150e+02   0.0000000e+00   1.3946946e+00
   1.3213043e+00   1.0316574e+06   3.8503771e+02   0.0000000e+00   1.3883127e+00
   1.3215565e+00   1.0420046e+06   3.8920587e+02   0.0000000e+00   1.3791731e+00
   1.3218086e+00   1.0202064e+06   3.8469357e+02   0.0000000e+00   1.3809439e+00
   1.3220607e+00   1.0093888e+06   3.7735128e+02   0.0000000e+00   1.3885632e+00
   1.3223129e+00   1.0027786e+06   3.7327716e+02   0.0000000e+00   1.3981477e+00
   1.3225650e+00   1.0141970e+06   3.7715280e+02   0.0000000e+00   1.3895326e+00
   1.3228172e+00   1.0717215e+06   3.9246174e+02   0.0000000e+00   1.3779779e+00
   1.3230694e+00   1.0988923e+06   4.1056575e+02   0.0000000e+00   1.3813588e+00
   1.3233215e+00   1.0854800e+06   4.0612602e+02   0.0000000e+00   1.3909183e+00
   1.3235737e+00   1.0286644e+06   3.8185822e+02   0.0000000e+00   1.3962601e+00
   1.3238259e+00   9.9380127e+05   3.7175199e+02   0.0000000e+00   1.3925816e+00
   1.3240781e+00   9.7479084e+05   3.6426871e+02   0.0000000e+00   1.3802121e+00
   1.3243303e+00   9.6808556e+05   3.6589830e+02   0.0000000e+00   1.3781347e+00
   1.3245825e+00   9.5721144e+05   3.6199468e+02   0.0000000e+00   1.3816546e+00
   1.3248347e+00   9.8170001e+05   3.6775733e+02   0.0000000e+00   1.3865268e+00
   1.3250869e+00   1.0040397e+06   3.7508549e+02   0.0000000e+00   1.3820222e+00
   1.3253391e+00   9.6753300e+05   3.7087060e+02   0.0000000e+00   1.3656880e+00
   1.3255914e+00   9.9063189e+05   3.7135497e+02   0.0000000e+00   1.3544726e+00
   1.3258436e+00   1.0123897e+06   3.7601441e+02   0.0000000e+00   1.3533529e+00
   1.3260958e+00   1.0078890e+06   3.7191351e+02   0.0000000e+00   1.3545631e+00
   1.3263480e+00   9.8002493e+05   3.6861241e+02   0.0000000e+00   1.3414313e+00
   1.3266003e+00   1.0041161e+06   3.7630069e+02   0.0000000e+00   1.3185762e+00
   1.3268525e+00   1.0266873e+06   3.8137297e+02   0.0000000e+00   1.3032099e+00
   1.3271047e+00   1.0133469e+06   3.7568582e+02   0.0000000e+00   1.2949434e+00
   1.3273570e+00   1.0052908e+06   3.7684643e+02   0.0000000e+00   1.2876708e+00
   1.3276092e+00   9.8749746e+05   3.6775559e+02   0.0000000e+00   1.2715366e+00
   1.3278614e+00   9.9706131e+05   3.7223079e+02   0.0000000e+00   1.2400956e+00
   1.3281137e+00   9.8803876e+05   3.7420230e+02   0.0000000e+00   1.2122997e+00
   1.3283659e+00   1.0098803e+06   3.7326489e+02   0.0000000e+00   1.1978800e+00
   1.3286182e+00   1.0037704e+06   3.7126433e+02   0.0000000e+00   1.1833421e+00
   1.3288704e+00   9.9555883e+05   3.6792688e+02   0.0000000e+00   1.1602483e+00
   1.3291226e+00   1.0078035e+06   3.7842136e+02   0.0000000e+00   1.1227342e+00
   1.3293749e+00   1.0216775e+06   3.7575329e+02   0.0000000e+00   1.0867515e+00
   1.3296271e+00   1.0143222e+06   3.7596167e+02   0.0000000e+00   1.0632545e+00
   1.3298794e+00   9.9515545e+05   3.7424108e+02   0.0000000e+00   1.0423353e+00
   1.3301316e+00   9.9992916e+05   3.7375422e+02   0.0000000e+00   1.0131744e+00
   1.3303838e+00   9.9918921e+05   3.7130424e+02   0.0000000e+00   9.7358626e-01
   1.3306361e+00   1.0021857e+06   3.7128414e+02   0.0000000e+00   9.3612013e-01
   1.3308883e+00   1.0075439e+06   3.7402527e+02   0.0000000e+00   9.0288906e-01
   1.3311405e+00   1.0226159e+06   3.7854418e+02   0.0000000e+00   8.7988594e-01
   1.3313927e+00   1.0084669e+06   3.7016855e+02   0.0000000e+00   8.4952425e-01
   1.3316450e+00   1.0017463e+06   3.7393987e+02   0.0000000e+00   8.1329796e-01
   1.3318972e+00   1.0291994e+06   3.8282974e+02   0.0000000e+00   7.7571550e-01
   1.3321494e+00   9.9632632e+05   3.7918999e+02   0.0000000e+00   7.4263726e-01
   1.3324016e+00   9.8320269e+05   3.6458943e+02   0.0000000e+00   7.2022541e-01
   1.3326538e+00   1.0221550e+06   3.8290592e+02   0.0000000e+00   6.9371564e-01
   1.3329060e+00   1.0213890e+06   3.8157435e+02   0.0000000e+00   6.6081433e-01
   1.3331582e+00   1.0172547e+06   3.7774294e+02   0.0000000e+00   6.3151693e-01
   1.3334104e+00   9.9927564e+05   3.8107958e+02   0.0000000e+00   6.0170397e-01
   1.3336626e+00   1.0070550e+06   3.7417605e+02   0.0000000e+00   5.7975674e-01
   1.3339148e+00   1.0098210e+06   3.7514980e+02   0.0000000e+00   5.5992260e-01
   1.3341669e+00   1.0244928e+06   3.8047875e+02   0.0000000e+00   5.3556658e-01
   1.3344191e+00   1.0181691e+06   3.8346411e+02   0.0000000e+00   5.0973706e-01
   1.3346713e+00   1.0204948e+06   3.7921536e+02   0.0000000e+00   4.8469041e-01
   1.3349234e+00   1.0303643e+06   3.8577107e+02   0.0000000e+00   4.6639204e-01
   1.3351756e+00   1.0362147e+06   3.8658959e+02   0.0000000e+00   4.5150913e-01
   1.3354277e+00   1.0349456e+06   3.8821974e+02   0.0000000e+00   4.3331709e-01
   1.3356798e+00   1.0218363e+06   3.7954682e+02   0.0000000e+00   4.1386898e-01
   1.3359320e+00   1.0363012e+06   3.9910101e+02   0.0000000e+00   3.9679387e-01
   1.3361841e+00   1.0186600e+06   3.7953046e+02   0.0000000e+00   3.8223456e-01
   1.3364362e+00   1.0187466e+06   3.7929886e+02   0.0000000e+00   3.7149183e-01
   1.3366883e+00   1.0112359e+06   3.7784703e+02   0.0000000e+00   3.5864942e-01
   1.3369404e+00   1.0433194e+06   3.8879486e+02   0.0000000e+00   3.4191629e-01
   1.3371924e+00   1.0653844e+06   3.8942515e+02   0.0000000e+00   3.2925255e-01
   1.3374445e+00   1.0457790e+06   3.8588679e+02   0.0000000e+00   3.1896701e-01
   1.3376966e+00   1.0357839e+06   3.8104812e+02   0.0000000e+00   3.1031499e-01
   1.3379486e+00   1.0546963e+06   3.9927696e+02   0.0000000e+00   3.0197893e-01
   1.3382006e+00   1.0472444e+06   3.8584691e+02   0.0000000e+00   2.8962840e-01
   1.3384527e+00   1.0426264e+06   3.8845290e+02   0.0000000e+00   2.8174540e-01
   1.3387047e+00   1.0496975e+06   3.9442806e+02   0.0000000e+00   2.7373515e-01
   1.3389567e+00   1.0208562e+06   3.7745445e+02   0.0000000e+00   2.6531410e-01
   1.3392087e+00   1.0552449e+06   3.8941646e+02   0.0000000e+00   2.5907317e-01
   1.3394607e+00   1.0586840e+06   3.9433423e+02   0.0000000e+00   2.5314270e-01
   1.3397126e+00   1.0206833e+06   3.7835702e+02   0.0000000e+00   2.4465473e-01
   1.3399646e+00   1.0396626e+06   3.8845100e+02   0.0000000e+00   2.4034019e-01
   1.3402165e+00   1.0400509e+06   3.8885636e+02   0.0000000e+00   2.3414764e-01
   1.3404685e+00   1.0820475e+06   4.0527483e+02   0.0000000e+00   2.2881158e-01
   1.3407204e+00   1.0489196e+06   3.8610645e+02   0.0000000e+00   2.2314575e-01
   1.3409723e+00   1.0413777e+06   3.8575493e+02   0.0000000e+00   2.1943907e-01
   1.3412242e+00   1.0426180e+06   3.8556686e+02   0.0000000e+00   2.1349779e-01
   1.3414760e+00   1.0360176e+06   3.8249775e+02   0.0000000e+00   2.0973333e-01
   1.3417279e+00   1.0167831e+06   3.7737570e+02   0.0000000e+00   2.0683505e-01
   1.3419797e+00   1.0477373e+06   3.8848481e+02   0.0000000e+00   2.0180648e-01
   1.3422316e+00   1.0218505e+06   3.8294746e+02   0.0000000e+00   1.9948106e-01
   1.3424834e+00   1.0524249e+06   3.9080521e+02   0.0000000e+00   1.9576808e-01
   1.3427352e+00   1.0448967e+06   3.8149797e+02   0.0000000e+00   1.9231461e-01
   1.3429870e+00   1.0318593e+06   3.7945278e+02   0.0000000e+00   1.8965727e-01
   1.3432387e+00   1.0405124e+06   3.8274693e+02   0.0000000e+00   1.8741274e-01
   1.3434905e+00   1.0193987e+06   3.8013384e+02   0.0000000e+00   1.8609269e-01
   1.3437422e+00   1.0339649e+06   3.8902798e+02   0.0000000e+00   1.8284286e-01
   1.3439939e+00   1.0630972e+06   3.9711611e+02   0.0000000e+00   1.7967754e-01
   1.3442456e+00   1.0211155e+06   3.7841855e+02   0.0000000e+00   1.7741948e-01
   1.3444973e+00   1.0326381e+06   3.8852020e+02   0.0000000e+00   1.7714402e-01
   1.3447489e+00   1.0401375e+06   3.8505604e+02   0.0000000e+00   1.7406268e-01
   1.3450006e+00   1.0275455e+06   3.8469603e+02   0.0000000e+00   1.7354003e-01
   1.3452522e+00   1.0453757e+06   3.8958802e+02   0.0000000e+00   1.6940702e-01
   1.3455038e+00   1.0435605e+06   3.8771952e+02   0.0000000e+00   1.6894968e-01
   1.3457554e+00   1.0573816e+06   3.9045245e+02   0.0000000e+00   1.6827498e-01
   1.3460070e+00   1.0370200e+06   3.8547532e+02   0.0000000e+00   1.6461231e-01
   1.3462585e+00   1.0578515e+06   3.9268463e+02   0.0000000e+00   1.6313251e-01
   1.3465100e+00   1.0594585e+06   3.8978299e+02   0.0000000e+00   1.6158724e-01
   1.3467615e+00   1.0406629e+06   3.8404001e+02   0.0000000e+00   1.6054766e-01
   1.3470130e+00   1.0331303e+06   3.9186916e+02   0.0000000e+00   1.6004628e-01
   1.3472645e+00   1.0530792e+06   3.9608115e+02   0.0000000e+00   1.6161669e-01
   1.3475159e+00   1.0552160e+06   3.9060678e+02   0.0000000e+00   1.5887306e-01
   1.3477673e+00   1.0593497e+06   3.9635237e+02   0.0000000e+00   1.5845375e-01
   1.3480187e+00   1.0901285e+06   4.0504504e+02   0.0000000e+00   1.5759459e-01
   1.3482701e+00   1.0905881e+06   4.0801093e+02   0.0000000e+00   1.5935953e-01
   1.3485215e+00   1.0590302e+06   3.9302158e+02   0.0000000e+00   1.5409807e-01
   1.3487728e+00   1.0850217e+06   3.9920618e+02   0.0000000e+00   1.5375668e-01
   1.3490241e+00   1.0985924e+06   4.0441615e+02   0.0000000e+00   1.5232170e-01
   1.3492754e+00   1.0689317e+06   3.9569739e+02   0.0000000e+00   1.5366277e-01
   1.3495266e+00   1.0695870e+06   3.9414822e+02   0.0000000e+00   1.5215367e-01
   1.3497779e+00   1.0799332e+06   3.9542016e+02   0.0000000e+00   1.5125444e-01
   1.3500291e+00   1.0654335e+06   3.9346900e+02   0.0000000e+00   1.5037733e-01
   1.3502803e+00   1.0665817e+06   3.9564040e+02   0.0000000e+00   1.4986114e-01
   1.3505314e+00   1.0895198e+06   3.9949376e+02   0.0000000e+00   1.4812202e-01
   1.3507826e+00   1.0709427e+06   3.9027086e+02   0.0000000e+00   1.4850547e-01
   1.3510337e+00   1.0606743e+06   3.9427921e+02   0.0000000e+00   1.4875250e-01
   1.3512848e+00   1.0727187e+06   3.9365816e+02   0.0000000e+00   1.4658471e-01
   1.3515358e+00   1.0562266e+06   3.8784729e+02   0.0000000e+00   1.4580780e-01
   1.3517869e+00   1.0519057e+06   3.9014992e+02   0.0000000e+00   1.4532996e-01
   1.3520379e+00   1.0619445e+06   3.8942626e+02   0.0000000e+00   1.4561874e-01
   1.3522889e+00   1.0735831e+06   3.9259750e+02   0.0000000e+00   1.4421549e-01
   1.3525398e+00   1.0906692e+06   3.9250597e+02   0.0000000e+00   1.4412632e-01
   1.3527908e+00   1.0803078e+06   3.9190368e+02   0.0000000e+00   1.4388254e-01
   1.3530417e+00   1.0779299e+06   3.9488967e+02   0.0000000e+00   1.4333172e-01
   1.3532925e+00   1.0735831e+06   4.0821676e+02   0.0000000e+00   1.4952548e-01
   1.3535434e+00   1.0741443e+06   3.9691189e+02   0.0000000e+00   1.4526382e-01
   1.3537942e+00   1.0804365e+06   3.9876532e+02   0.0000000e+00   1.4230337e-01
   1.3540450e+00   1.0721312e+06   3.9563935e+02   0.0000000e+00   1.4106149e-01
   1.3542957e+00   1.0950927e+06   3.9651122e+02   0.0000000e+00   1.4096860e-01
   1.3545465e+00   1.1105741e+06   4.0874593e+02   0.0000000e+00   1.3963948e-01
   1.3547972e+00   1.1105784e+06   4.0116572e+02   0.0000000e+00   1.3893996e-01
   1.3550478e+00   1.1242931e+06   4.0972904e+02   0.0000000e+00   1.3847504e-01
   1.3552985e+00   1.0900084e+06   4.0257801e+02   0.0000000e+00   1.3892248e-01
   1.3555491e+00   1.1062853e+06   4.0719989e+02   0.0000000e+00   1.4121830e-01
   1.3557997e+00   1.1089937e+06   4.0316743e+02   0.0000000e+00   1.3752941e-01
   1.3560502e+00   1.0898065e+06   3.9901036e+02   0.0000000e+00   1.3708641e-01
   1.3563007e+00   1.0719234e+06   3.9452454e+02   0.0000000e+00   1.3855278e-01
   1.3565512e+00   1.0767237e+06   3.9239251e+02   0.0000000e+00   1.3644215e-01
   1.3568017e+00   1.0753283e+06   3.9834804e+02   0.0000000e+00   1.3696905e-01
   1.3570521e+00   1.0832827e+06   3.9701353e+02   0.0000000e+00   1.3565671e-01
   1.3573025e+00   1.1039633e+06   4.0479109e+02   0.0000000e+00   1.3605785e-01
   1.3575528e+00   1.0856113e+06   3.9762152e+02   0.0000000e+00   1.3588985e-01
   1.3578031e+00   1.0839915e+06   3.9716018e+02   0.0000000e+00   1.3500456e-01
   1.3580534e+00   1.0887682e+06   3.9838745e+02   0.0000000e+00   1.3547382e-01
   1.3583037e+00   1.0730933e+06   3.9585948e+02   0.0000000e+00   1.3404870e-01
   1.3585539e+00   1.0623203e+06   3.9727837e+02   0.0000000e+00   1.3605121e-01
   1.3588041e+00   1.0862280e+06   3.9799280e+02   0.0000000e+00   1.3430003e-01
   1.3590542e+00   1.0666563e+06   3.9242996e+02   0.0000000e+00   1.3491765e-01
   1.3593044e+00   1.0633588e+06   3.9934614e+02   0.0000000e+00   1.3688954e-01
   1.3595544e+00   1.0784998e+06   3.9956240e+02   0.0000000e+00   1.3348593e-01
   1.3598045e+00   1.0741859e+06   4.0096156e+02   0.0000000e+00   1.3645644e-01
   1.3600545e+00   1.0718657e+06   4.0553509e+02   0.0000000e+00   1.3537982e-01
   1.3603045e+00   1.0725411e+06   3.9352470e+02   0.0000000e+00   1.3267867e-01
   1.3605544e+00   1.1049888e+06   4.0296675e+02   0.0000000e+00   1.3370864e-01
   1.3608043e+00   1.0829760e+06   3.9722154e+02   0.0000000e+00   1.3185623e-01
   1.3610542e+00   1.0988753e+06   4.0433510e+02   0.0000000e+00   1.3259890e-01
   1.3613040e+00   1.0834321e+06   4.0410756e+02   0.0000000e+00   1.3403691e-01
   1.3615538e+00   1.1016325e+06   4.0520254e+02   0.0000000e+00   1.3191306e-01
   1.3618035e+00   1.1224289e+06   4.1270039e+02   0.0000000e+00   1.3331137e-01
   1.3620533e+00   1.1204227e+06   4.0946303e+02   0.0000000e+00   1.3395604e-01
   1.3623029e+00   1.1087733e+06   4.0350930e+02   0.0000000e+00   1.3131355e-01
   1.3625526e+00   1.1051040e+06   4.8811713e+02   0.0000000e+00   1.3280385e-01
   1.3628022e+00   1.1048447e+06   4.0154165e+02   0.0000000e+00   1.3061505e-01
   1.3630517e+00   1.1197120e+06   4.0996142e+02   0.0000000e+00   1.3087715e-01
   1.3633013e+00   1.1230346e+06   4.0890236e+02   0.0000000e+00   1.3355435e-01
   1.3635507e+00   1.1402832e+06   4.1121557e+02   0.0000000e+00   1.3075451e-01
   1.3638002e+00   1.1142950e+06   4.0726554e+02   0.0000000e+00   1.3215395e-01
   1.3640496e+00   1.1257050e+06   4.1477227e+02   0.0000000e+00   1.3042021e-01
   1.3642989e+00   1.1212966e+06   4.1535536e+02   0.0000000e+00   1.3145376e-01
   1.3645483e+00   1.1129069e+06   4.0985947e+02   0.0000000e+00   1.3111617e-01
   1.3647975e+00   1.1125579e+06   4.1105872e+02   0.0000000e+00   1.3135805e-01
   1.3650468e+00   1.1450222e+06   4.1647825e+02   0.0000000e+00   1.3086409e-01
   1.3652960e+00   1.1385499e+06   4.1490863e+02   0.0000000e+00   1.3150838e-01
   1.3655451e+00   1.1406582e+06   4.1675841e+02   0.0000000e+00   1.3170547e-01
   1.3657942e+00   1.1543734e+06   4.2294635e+02   0.0000000e+00   1.3340730e-01
   1.3660433e+00   1.1487633e+06   4.1769452e+02   0.0000000e+00   1.3123505e-01
   1.3662923e+00   1.1820334e+06   4.2713040e+02   0.0000000e+00   1.3192916e-01
   1.3665413e+00   1.1656306e+06   4.2334481e+02   0.0000000e+00   1.3348130e-01
   1.3667903e+00   1.1306206e+06   4.1145154e+02   0.0000000e+00   1.3164719e-01
   1.3670392e+00   1.1626661e+06   4.2111430e+02   0.0000000e+00   1.3180174e-01
   1.3672880e+00   1.1384315e+06   4.1514778e+02   0.0000000e+00   1.3401648e-01
   1.3675368e+00   1.1600207e+06   4.2476144e+02   0.0000000e+00   1.3495959e-01
   1.3677856e+00   1.1650917e+06   4.2084668e+02   0.0000000e+00   1.3346814e-01
   1.3680343e+00   1.1518036e+06   4.2088642e+02   0.0000000e+00   1.3373584e-01
   1.3682830e+00   1.1345002e+06   4.1576010e+02   0.0000000e+00   1.3489650e-01
   1.3685316e+00   1.1239288e+06   4.1191798e+02   0.0000000e+00   1.3634774e-01
   1.3687802e+00   1.1175865e+06   4.1543024e+02   0.0000000e+00   1.3787972e-01
   1.3690287e+00   1.1393006e+06   4.1634515e+02   0.0000000e+00   1.3487917e-01
   1.3692772e+00   1.1182217e+06   4.0654664e+02   0.0000000e+00   1.3724036e-01
   1.3695257e+00   1.1286457e+06   4.1411292e+02   0.0000000e+00   1.3785200e-01
   1.3697741e+00   1.1440073e+06   4.1735292e+02   0.0000000e+00   1.3691620e-01
   1.3700224e+00   1.1195500e+06   4.0950585e+02   0.0000000e+00   1.3893026e-01
   1.3702707e+00   1.1399383e+06   4.2653827e+02   0.0000000e+00   1.3940971e-01
   1.3705190e+00   1.1388411e+06   4.1371604e+02   0.0000000e+00   1.3928675e-01
   1.3707672e+00   1.1406582e+06   4.1704499e+02   0.0000000e+00   1.3992512e-01
   1.3710153e+00   1.1527438e+06   4.1434199e+02   0.0000000e+00   1.4039029e-01
   1.3712635e+00   1.1341320e+06   4.1040740e+02   0.0000000e+00   1.4147183e-01
   1.3715115e+00   1.1464039e+06   4.1785097e+02   0.0000000e+00   1.4290284e-01
   1.3717595e+00   1.1553130e+06   4.1915253e+02   0.0000000e+00   1.4375567e-01
   1.3720075e+00   1.1556412e+06   4.1700431e+02   0.0000000e+00   1.4327749e-01
   1.3722554e+00   1.1521548e+06   4.2005624e+02   0.0000000e+00   1.4623198e-01
   1.3725033e+00   1.1293226e+06   4.1074267e+02   0.0000000e+00   1.4528874e-01
   1.3727511e+00   1.1263965e+06   4.0999352e+02   0.0000000e+00   1.4658420e-01
   1.3729988e+00   1.1302627e+06   4.1024421e+02   0.0000000e+00   1.4835006e-01
   1.3732466e+00   1.1310135e+06   4.0650650e+02   0.0000000e+00   1.4880359e-01
   1.3734942e+00   1.1405706e+06   4.1062491e+02   0.0000000e+00   1.5003710e-01
   1.3737418e+00   1.1413213e+06   4.1376275e+02   0.0000000e+00   1.5121122e-01
   1.3739894e+00   1.1152172e+06   4.0626101e+02   0.0000000e+00   1.5254525e-01
   1.3742369e+00   1.1021939e+06   4.0938586e+02   0.0000000e+00   1.5376985e-01
   1.3744843e+00   1.1084397e+06   4.1580413e+02   0.0000000e+00   1.5903707e-01
   1.3747317e+00   1.1738575e+06   4.3147204e+02   0.0000000e+00   1.5716095e-01
   1.3749791e+00   1.1404261e+06   4.1902657e+02   0.0000000e+00   1.5949779e-01
   1.3752264e+00   1.1384865e+06   4.1591641e+02   0.0000000e+00   1.6023609e-01
   1.3754736e+00   1.1618935e+06   4.1949961e+02   0.0000000e+00   1.6196462e-01
   1.3757208e+00   1.1481230e+06   4.1497548e+02   0.0000000e+00   1.6457610e-01
   1.3759679e+00   1.1179870e+06   4.0461182e+02   0.0000000e+00   1.6459753e-01
   1.3762150e+00   1.1386968e+06   4.2021546e+02   0.0000000e+00   1.6820228e-01
   1.3764620e+00   1.1162545e+06   4.0618604e+02   0.0000000e+00   1.6891122e-01
   1.3767090e+00   1.1374566e+06   4.1466167e+02   0.0000000e+00   1.7054036e-01
   1.3769559e+00   1.1359910e+06   4.3078574e+02   0.0000000e+00   1.7112210e-01
   1.3772028e+00   1.1402544e+06   4.1641894e+02   0.0000000e+00   1.7432229e-01
   1.3774496e+00   1.1465543e+06   4.1674761e+02   0.0000000e+00   1.7700285e-01
   1.3776963e+00   1.1487345e+06   4.1905708e+02   0.0000000e+00   1.7923457e-01
   1.3779430e+00   1.1444079e+06   4.1612355e+02   0.0000000e+00   1.8126366e-01
   1.3781897e+00   1.1317541e+06   4.0667381e+02   0.0000000e+00   1.8347405e-01
   1.3784362e+00   1.1274766e+06   4.1462409e+02   0.0000000e+00   1.8803084e-01
   1.3786828e+00   1.1408308e+06   4.1175310e+02   0.0000000e+00   1.8844394e-01
   1.3789292e+00   1.1480999e+06   4.1783248e+02   0.0000000e+00   1.9240361e-01
   1.3791756e+00   1.1473637e+06   4.2172394e+02   0.0000000e+00   1.9591984e-01
   1.3794220e+00   1.1530899e+06   4.1749328e+02   0.0000000e+00   1.9907226e-01
   1.3796683e+00   1.1510059e+06   4.1919352e+02   0.0000000e+00   2.0382604e-01
   1.3799145e+00   1.1696174e+06   4.2354278e+02   0.0000000e+00   2.0670575e-01
   1.3801607e+00   1.1559490e+06   4.1779263e+02   0.0000000e+00   2.0957182e-01
   1.3804068e+00   1.1825809e+06   4.2737795e+02   0.0000000e+00   2.1168546e-01
   1.3806528e+00   1.1825106e+06   4.3187367e+02   0.0000000e+00   2.1805264e-01
   1.3808988e+00   1.1767419e+06   4.2674460e+02   0.0000000e+00   2.2155981e-01
   1.3811448e+00   1.1937581e+06   4.3025009e+02   0.0000000e+00   2.2701678e-01
   1.3813906e+00   1.1787776e+06   4.3411451e+02   0.0000000e+00   2.3406641e-01
   1.3816364e+00   1.1741964e+06   4.3009729e+02   0.0000000e+00   2.3666470e-01
   1.3818822e+00   1.1778891e+06   4.2847249e+02   0.0000000e+00   2.4198637e-01
   1.3821279e+00   1.1822510e+06   4.2932282e+02   0.0000000e+00   2.4792121e-01
   1.3823735e+00   1.1979215e+06   4.2617660e+02   0.0000000e+00   2.5020287e-01
   1.3826191e+00   1.2084124e+06   4.3914324e+02   0.0000000e+00   2.5748667e-01
   1.3828646e+00   1.2266064e+06   4.4234039e+02   0.0000000e+00   2.6575251e-01
   1.3831100e+00   1.2364080e+06   4.4154255e+02   0.0000000e+00   2.7268773e-01
   1.3833554e+00   1.2095373e+06   4.3680075e+02   0.0000000e+00   2.8125451e-01
   1.3836007e+00   1.2149186e+06   4.3554967e+02   0.0000000e+00   2.8569241e-01
   1.3838460e+00   1.2052228e+06   4.4118430e+02   0.0000000e+00   2.9572745e-01
   1.3840912e+00   1.2051242e+06   4.3739939e+02   0.0000000e+00   3.0581379e-01
   1.3843363e+00   1.2389292e+06   4.4376700e+02   0.0000000e+00   3.1336295e-01
   1.3845813e+00   1.2647830e+06   4.6007892e+02   0.0000000e+00   3.2313332e-01
   1.3848263e+00   1.2346026e+06   4.3881477e+02   0.0000000e+00   3.3164518e-01
   1.3850713e+00   1.2526359e+06   4.4998019e+02   0.0000000e+00   3.4356152e-01
   1.3853161e+00   1.2479292e+06   4.4786117e+02   0.0000000e+00   3.5483226e-01
   1.3855610e+00   1.2463979e+06   4.5067047e+02   0.0000000e+00   3.6581595e-01
   1.3858057e+00   1.2354102e+06   4.4225879e+02   0.0000000e+00   3.7708493e-01
   1.3860504e+00   1.2091748e+06   4.3403963e+02   0.0000000e+00   3.9050359e-01
   1.3862950e+00   1.2421308e+06   4.4762366e+02   0.0000000e+00   4.0464932e-01
   1.3865395e+00   1.2332909e+06   4.4066990e+02   0.0000000e+00   4.1789938e-01
   1.3867840e+00   1.2122486e+06   4.3999362e+02   0.0000000e+00   4.3149329e-01
   1.3870284e+00   1.2200358e+06   4.3883265e+02   0.0000000e+00   4.4712457e-01
   1.3872727e+00   1.2122289e+06   4.3546242e+02   0.0000000e+00   4.6531564e-01
   1.3875170e+00   1.1973652e+06   4.3137084e+02   0.0000000e+00   4.8090385e-01
   1.3877612e+00   1.2190829e+06   4.3953457e+02   0.0000000e+00   4.9571316e-01
   1.3880053e+00   1.2068548e+06   4.3416084e+02   0.0000000e+00   5.1312687e-01
   1.3882494e+00   1.2200653e+06   4.3689282e+02   0.0000000e+00   5.3371966e-01
   1.3884934e+00   1.2652059e+06   4.5765349e+02   0.0000000e+00   5.5365980e-01
   1.3887373e+00   1.2334777e+06   4.4448373e+02   0.0000000e+00   5.7046792e-01
   1.3889812e+00   1.2248579e+06   4.3991462e+02   0.0000000e+00   5.8957060e-01
   1.3892250e+00   1.2382081e+06   4.4384517e+02   0.0000000e+00   6.1349427e-01
   1.3894687e+00   1.2447503e+06   4.4612478e+02   0.0000000e+00   6.3598772e-01
   1.3897123e+00   1.2731373e+06   4.5338574e+02   0.0000000e+00   6.5673425e-01
   1.3899559e+00   1.2434824e+06   4.5029797e+02   0.0000000e+00   6.7360465e-01
   1.3901994e+00   1.2496355e+06   4.5116522e+02   0.0000000e+00   6.9512095e-01
   1.3904429e+00   1.2771986e+06   4.5410027e+02   0.0000000e+00   7.2081341e-01
   1.3906862e+00   1.2719206e+06   4.6198529e+02   0.0000000e+00   7.4373559e-01
   1.3909295e+00   1.3026452e+06   4.6384166e+02   0.0000000e+00   7.6158206e-01
   1.3911728e+00   1.3046690e+06   4.6373425e+02   0.0000000e+00   7.8104526e-01
   1.3914159e+00   1.2977334e+06   4.6204398e+02   0.0000000e+00   8.0371735e-01
   1.3916590e+00   1.3326139e+06   4.7414612e+02   0.0000000e+00   8.2818360e-01
   1.3919020e+00   1.3097408e+06   4.7143464e+02   0.0000000e+00   8.4744091e-01
   1.3921449e+00   1.3374193e+06   4.8335076e+02   0.0000000e+00   8.6398782e-01
   1.3923878e+00   1.3453831e+06   4.7759710e+02   0.0000000e+00   8.8111798e-01
   1.3926306e+00   1.3294208e+06   4.7127020e+02   0.0000000e+00   9.0352622e-01
   1.3928733e+00   1.3584980e+06   4.8836895e+02   0.0000000e+00   9.1971984e-01
   1.3931159e+00   1.3490549e+06   4.8241700e+02   0.0000000e+00   9.3097089e-01
   1.3933585e+00   1.3534106e+06   4.8531340e+02   0.0000000e+00   9.4275679e-01
   1.3936010e+00   1.3770365e+06   4.8928670e+02   0.0000000e+00   9.6090930e-01
   1.3938434e+00   1.3349303e+06   4.7636860e+02   0.0000000e+00   9.7596175e-01
   1.3940857e+00   1.3515375e+06   4.8402396e+02   0.0000000e+00   9.8369003e-01
   1.3943280e+00   1.3573042e+06   4.8777731e+02   0.0000000e+00   9.9147140e-01
   1.3945702e+00   1.3753117e+06   4.8565131e+02   0.0000000e+00   1.0028498e+00
   1.3948123e+00   1.3782431e+06   4.9133894e+02   0.0000000e+00   1.0149568e+00
   1.3950543e+00   1.3776945e+06   4.8518522e+02   0.0000000e+00   1.0207584e+00
   1.3952963e+00   1.3738894e+06   4.8740498e+02   0.0000000e+00   1.0220146e+00
   1.3955382e+00   1.3641808e+06   4.8495912e+02   0.0000000e+00   1.0251683e+00
   1.3957800e+00   1.3565578e+06   4.8535566e+02   0.0000000e+00   1.0322541e+00
   1.3960217e+00   1.3820499e+06   4.9297330e+02   0.0000000e+00   1.0367264e+00
   1.3962634e+00   1.3719772e+06   4.8314659e+02   0.0000000e+00   1.0387823e+00
   1.3965049e+00   1.3767993e+06   4.8889106e+02   0.0000000e+00   1.0336061e+00
   1.3967464e+00   1.3922476e+06   4.9305502e+02   0.0000000e+00   1.0353229e+00
   1.3969879e+00   1.3730811e+06   4.9370081e+02   0.0000000e+00   1.0374009e+00
   1.3972292e+00   1.3763989e+06   4.9020905e+02   0.0000000e+00   1.0403682e+00
   1.3974704e+00   1.3525450e+06   4.8135675e+02   0.0000000e+00   1.0347472e+00
   1.3977116e+00   1.3546534e+06   4.8431261e+02   0.0000000e+00   1.0299142e+00
   1.3979527e+00   1.3529475e+06   4.7893446e+02   0.0000000e+00   1.0330547e+00
   1.3981937e+00   1.3527764e+06   4.8192240e+02   0.0000000e+00   1.0348036e+00
   1.3984347e+00   1.3440174e+06   4.7981660e+02   0.0000000e+00   1.0270667e+00
   1.3986755e+00   1.3691935e+06   4.8387914e+02   0.0000000e+00   1.0227325e+00
   1.3989163e+00   1.3668232e+06   4.8363719e+02   0.0000000e+00   1.0178745e+00
   1.3991570e+00   1.3687599e+06   4.8390116e+02   0.0000000e+00   1.0211700e+00
   1.3993976e+00   1.3419141e+06   4.7902697e+02   0.0000000e+00   1.0179825e+00
   1.3996381e+00   1.3464301e+06   4.8409716e+02   0.0000000e+00   1.0120179e+00
   1.3998786e+00   1.3754182e+06   4.9024367e+02   0.0000000e+00   1.0048367e+00
   1.4001190e+00   1.3577898e+06   4.8711588e+02   0.0000000e+00   1.0073578e+00
   1.4003592e+00   1.3570158e+06   4.7952974e+02   0.0000000e+00   1.0015345e+00
   1.4005994e+00   1.3713130e+06   4.8668321e+02   0.0000000e+00   9.9791907e-01
   1.4008396e+00   1.3745010e+06   4.8757635e+02   0.0000000e+00   9.9224648e-01
   1.4010796e+00   1.3546204e+06   4.8202123e+02   0.0000000e+00   9.8815879e-01
   1.4013195e+00   1.3607286e+06   4.8128864e+02   0.0000000e+00   9.9063699e-01
   1.4015594e+00   1.3743798e+06   4.8751621e+02   0.0000000e+00   9.8865821e-01
   1.4017992e+00   1.3687021e+06   4.8374442e+02   0.0000000e+00   9.7965481e-01
   1.4020389e+00   1.3831265e+06   4.8874976e+02   0.0000000e+00   9.7551171e-01
   1.4022785e+00   1.3966914e+06   4.9631859e+02   0.0000000e+00   9.7699528e-01
   1.4025180e+00   1.3710435e+06   4.8604906e+02   0.0000000e+00   9.7675999e-01
   1.4027574e+00   1.3785060e+06   4.8277375e+02   0.0000000e+00   9.7197214e-01
   1.4029968e+00   1.3696494e+06   4.8596679e+02   0.0000000e+00   9.6756592e-01
   1.4032361e+00   1.4043197e+06   4.9539236e+02   0.0000000e+00   9.6549565e-01
   1.4034753e+00   1.3848447e+06   4.9729698e+02   0.0000000e+00   9.6685009e-01
   1.4037143e+00   1.3712452e+06   4.8219428e+02   0.0000000e+00   9.6563018e-01
   1.4039534e+00   1.4082156e+06   4.9804999e+02   0.0000000e+00   9.6096759e-01
   1.4041923e+00   1.3950773e+06   4.9912073e+02   0.0000000e+00   9.5719095e-01
   1.4044311e+00   1.3763951e+06   4.8537221e+02   0.0000000e+00   9.6038052e-01
   1.4046699e+00   1.4044639e+06   4.9401730e+02   0.0000000e+00   9.6205236e-01
   1.4049085e+00   1.3999066e+06   4.9596527e+02   0.0000000e+00   9.5994037e-01
   1.4051471e+00   1.3961345e+06   4.9195361e+02   0.0000000e+00   9.5613602e-01
   1.4053856e+00   1.3929259e+06   4.8785990e+02   0.0000000e+00   9.5378029e-01
   1.4056239e+00   1.4065117e+06   5.0403360e+02   0.0000000e+00   9.5479667e-01
   1.4058622e+00   1.4282940e+06   5.1151253e+02   0.0000000e+00   9.5574960e-01
   1.4061005e+00   1.4314922e+06   5.0356184e+02   0.0000000e+00   9.5106539e-01
   1.4063386e+00   1.4395452e+06   5.0688885e+02   0.0000000e+00   9.5035343e-01
   1.4065766e+00   1.4278106e+06   5.0598327e+02   0.0000000e+00   9.5429384e-01
   1.4068146e+00   1.4259602e+06   5.0214484e+02   0.0000000e+00   9.5679016e-01
   1.4070524e+00   1.4537971e+06   5.2489399e+02   0.0000000e+00   9.5062192e-01
   1.4072902e+00   1.4215559e+06   5.0915802e+02   0.0000000e+00   9.4607925e-01
   1.4075278e+00   1.4429272e+06   5.1372285e+02   0.0000000e+00   9.4875588e-01
   1.4077654e+00   1.4509602e+06   5.1797975e+02   0.0000000e+00   9.5334305e-01
   1.4080029e+00   1.4530439e+06   5.1487656e+02   0.0000000e+00   9.5353864e-01
   1.4082403e+00   1.4440088e+06   5.1199279e+02   0.0000000e+00   9.4993127e-01
   1.4084776e+00   1.4513551e+06   5.1099627e+02   0.0000000e+00   9.4893132e-01
   1.4087148e+00   1.4492584e+06   5.0924017e+02   0.0000000e+00   9.5123217e-01
   1.4089519e+00   1.4569020e+06   5.1317264e+02   0.0000000e+00   9.5367520e-01
   1.4091889e+00   1.4648917e+06   5.1902452e+02   0.0000000e+00   9.4924036e-01
   1.4094258e+00   1.4656638e+06   5.1383673e+02   0.0000000e+00   9.4621274e-01
   1.4096627e+00   1.4627861e+06   5.1208690e+02   0.0000000e+00   9.4958256e-01
   1.4098994e+00   1.4720314e+06   5.2005920e+02   0.0000000e+00   9.5542663e-01
   1.4101361e+00   1.4684586e+06   5.2160593e+02   0.0000000e+00   9.5386159e-01
   1.4103726e+00   1.4637668e+06   5.1585926e+02   0.0000000e+00   9.4987471e-01
   1.4106091e+00   1.5136090e+06   5.2909792e+02   0.0000000e+00   9.4760717e-01
   1.4108454e+00   1.5128013e+06   5.3126783e+02   0.0000000e+00   9.5192652e-01
   1.4110817e+00   1.5062400e+06   5.2657678e+02   0.0000000e+00   9.5266314e-01
   1.4113179e+00   1.4859188e+06   5.2422556e+02   0.0000000e+00   9.4989247e-01
   1.4115539e+00   1.4920626e+06   5.2857144e+02   0.0000000e+00   9.4864268e-01
   1.4117899e+00   1.5073210e+06   5.3138389e+02   0.0000000e+00   9.5117973e-01
   1.4120258e+00   1.4902166e+06   5.2380079e+02   0.0000000e+00   9.5474982e-01
   1.4122616e+00   1.5022557e+06   5.3620044e+02   0.0000000e+00   9.5323146e-01
   1.4124972e+00   1.5002986e+06   5.3101316e+02   0.0000000e+00   9.4907629e-01
   1.4127328e+00   1.5018812e+06   5.2331604e+02   0.0000000e+00   9.4761741e-01
   1.4129683e+00   1.5119065e+06   5.2693589e+02   0.0000000e+00   9.5079043e-01
   1.4132037e+00   1.5200493e+06   5.3303333e+02   0.0000000e+00   9.5326407e-01
   1.4134390e+00   1.4931474e+06   5.2661428e+02   0.0000000e+00   9.5000906e-01
   1.4136742e+00   1.5162874e+06   5.2861768e+02   0.0000000e+00   9.4733619e-01
   1.4139093e+00   1.5379532e+06   5.4002550e+02   0.0000000e+00   9.4770829e-01
   1.4141443e+00   1.5200700e+06   5.3901792e+02   0.0000000e+00   9.5052264e-01
   1.4143792e+00   1.5497503e+06   5.4615151e+02   0.0000000e+00   9.4927534e-01
   1.4146140e+00   1.5350066e+06   5.4184554e+02   0.0000000e+00   9.4568528e-01
   1.4148487e+00   1.5279155e+06   5.4210545e+02   0.0000000e+00   9.4503931e-01
   1.4150833e+00   1.5160895e+06   5.3103760e+02   0.0000000e+00   9.4559393e-01
   1.4153178e+00   1.5380397e+06   5.3481126e+02   0.0000000e+00   9.4727820e-01
   1.4155521e+00   1.5468659e+06   5.3978008e+02   0.0000000e+00   9.4442405e-01
   1.4157864e+00   1.5462602e+06   5.3950041e+02   0.0000000e+00   9.3994086e-01
   1.4160206e+00   1.5642876e+06   5.5442240e+02   0.0000000e+00   9.3720894e-01
   1.4162547e+00   1.5328699e+06   5.3839866e+02   0.0000000e+00   9.4208251e-01
   1.4164887e+00   1.5713317e+06   5.5521021e+02   0.0000000e+00   9.4521170e-01
   1.4167226e+00   1.5520866e+06   5.4549032e+02   0.0000000e+00   9.3706645e-01
   1.4169564e+00   1.5575494e+06   5.4305753e+02   0.0000000e+00   9.3498681e-01
   1.4171900e+00   1.5382128e+06   5.4631587e+02   0.0000000e+00   9.3884845e-01
   1.4174236e+00   1.5400876e+06   5.4287843e+02   0.0000000e+00   9.3886942e-01
   1.4176571e+00   1.5674913e+06   5.5285329e+02   0.0000000e+00   9.3460916e-01
   1.4178904e+00   1.5624704e+06   5.5200900e+02   0.0000000e+00   9.3231032e-01
   1.4181237e+00   1.5908513e+06   5.5369056e+02   0.0000000e+00   9.3185425e-01
   1.4183569e+00   1.5521443e+06   5.4231838e+02   0.0000000e+00   9.3229350e-01
   1.4185899e+00   1.5897881e+06   5.6208911e+02   0.0000000e+00   9.3138673e-01
   1.4188229e+00   1.5903027e+06   5.5190878e+02   0.0000000e+00   9.2811539e-01
   1.4190557e+00   1.5879881e+06   5.5556513e+02   0.0000000e+00   9.2484521e-01
   1.4192884e+00   1.5824457e+06   5.6377291e+02   0.0000000e+00   9.2848085e-01
   1.4195211e+00   1.6107262e+06   5.6206203e+02   0.0000000e+00   9.2948750e-01
   1.4197536e+00   1.6178794e+06   5.6632578e+02   0.0000000e+00   9.2402794e-01
   1.4199860e+00   1.5877039e+06   5.6199764e+02   0.0000000e+00   9.2091906e-01
   1.4202183e+00   1.5939140e+06   5.6422175e+02   0.0000000e+00   9.1907744e-01
   1.4204505e+00   1.5984895e+06   5.6328557e+02   0.0000000e+00   9.2015834e-01
   1.4206826e+00   1.6150488e+06   5.6810182e+02   0.0000000e+00   9.2050726e-01
   1.4209146e+00   1.6283523e+06   5.7078588e+02   0.0000000e+00   9.1449638e-01
   1.4211465e+00   1.6636746e+06   5.8293395e+02   0.0000000e+00   9.1405721e-01
   1.4213782e+00   1.6423102e+06   5.7643790e+02   0.0000000e+00   9.1757481e-01
   1.4216099e+00   1.6626739e+06   5.8634422e+02   0.0000000e+00   9.1764687e-01
   1.4218415e+00   1.6600619e+06   5.8105141e+02   0.0000000e+00   9.1304182e-01
   1.4220729e+00   1.6404589e+06   5.7783841e+02   0.0000000e+00   9.0808250e-01
   1.4223042e+00   1.5997367e+06   5.6359595e+02   0.0000000e+00   9.0906708e-01
   1.4225355e+00   1.6270229e+06   5.6841919e+02   0.0000000e+00   9.1247883e-01
   1.4227666e+00   1.6171006e+06   5.7046402e+02   0.0000000e+00   9.1300458e-01
   1.4229976e+00   1.6443879e+06   5.8100057e+02   0.0000000e+00   9.0860010e-01
   1.4232285e+00   1.6599178e+06   5.7818240e+02   0.0000000e+00   9.0380591e-01
   1.4234593e+00   1.7216561e+06   6.1028426e+02   0.0000000e+00   9.0624361e-01
   1.4236899e+00   1.6988435e+06   5.8932108e+02   0.0000000e+00   9.1075802e-01
   1.4239205e+00   1.6950655e+06   5.9207277e+02   0.0000000e+00   9.0771037e-01
   1.4241510e+00   1.6999996e+06   5.9568757e+02   0.0000000e+00   9.0295446e-01
   1.4243813e+00   1.6909489e+06   5.8777324e+02   0.0000000e+00   9.0007135e-01
   1.4246115e+00   1.6551061e+06   5.7661621e+02   0.0000000e+00   9.0228203e-01
   1.4248416e+00   1.6654580e+06   5.8673995e+02   0.0000000e+00   9.0443602e-01
   1.4250716e+00   1.6674768e+06   5.7963112e+02   0.0000000e+00   8.9695292e-01
   1.4253015e+00   1.6704574e+06   5.8527693e+02   0.0000000e+00   8.9347459e-01
   1.4255313e+00   1.6594856e+06   5.7743404e+02   0.0000000e+00   8.9711989e-01
   1.4257609e+00   1.6563235e+06   5.8180520e+02   0.0000000e+00   8.9850771e-01
   1.4259905e+00   1.6597634e+06   5.7706028e+02   0.0000000e+00   8.9798910e-01
   1.4262199e+00   1.6593857e+06   5.8273148e+02   0.0000000e+00   8.9231484e-01
   1.4264492e+00   1.6909777e+06   5.9438379e+02   0.0000000e+00   8.9303098e-01
   1.4266784e+00   1.6793951e+06   5.9031561e+02   0.0000000e+00   8.9188614e-01
   1.4269075e+00   1.6633950e+06   5.7889752e+02   0.0000000e+00   8.9451986e-01
   1.4271365e+00   1.6533573e+06   5.8910775e+02   0.0000000e+00   8.9151135e-01
   1.4273654e+00   1.6673706e+06   5.7993752e+02   0.0000000e+00   8.8799823e-01
   1.4275941e+00   1.6945175e+06   5.9072381e+02   0.0000000e+00   8.8599064e-01
   1.4278227e+00   1.6622804e+06   5.8164554e+02   0.0000000e+00   8.9129062e-01
   1.4280512e+00   1.6852009e+06   5.8614811e+02   0.0000000e+00   8.8822713e-01
   1.4282796e+00   1.6929713e+06   5.9260012e+02   0.0000000e+00   8.8273643e-01
   1.4285079e+00   1.7039721e+06   5.9184347e+02   0.0000000e+00   8.8115936e-01
   1.4287360e+00   1.7491189e+06   6.0701417e+02   0.0000000e+00   8.8111989e-01
   1.4289641e+00   1.7409272e+06   6.0815945e+02   0.0000000e+00   8.8085163e-01
   1.4291920e+00   1.7480841e+06   6.0636492e+02   0.0000000e+00   8.7710896e-01
   1.4294198e+00   1.7877514e+06   6.1741246e+02   0.0000000e+00   8.7315790e-01
   1.4296475e+00   1.7908700e+06   6.1986412e+02   0.0000000e+00   8.7656279e-01
   1.4298750e+00   1.8201612e+06   6.3087383e+02   0.0000000e+00   8.7858919e-01
   1.4301025e+00   1.7669275e+06   6.0946548e+02   0.0000000e+00   8.7780475e-01
   1.4303298e+00   1.7958942e+06   6.2425151e+02   0.0000000e+00   8.7341492e-01
   1.4305570e+00   1.8010378e+06   6.2386975e+02   0.0000000e+00   8.6974945e-01
   1.4307841e+00   1.7661079e+06   6.1436430e+02   0.0000000e+00   8.7430319e-01
   1.4310111e+00   1.8147498e+06   6.3383661e+02   0.0000000e+00   8.7359527e-01
   1.4312379e+00   1.8461949e+06   6.3854708e+02   0.0000000e+00   8.6973692e-01
   1.4314646e+00   1.7888895e+06   6.1706740e+02   0.0000000e+00   8.6634708e-01
   1.4316912e+00   1.8406613e+06   6.4738133e+02   0.0000000e+00   8.6934311e-01
   1.4319177e+00   1.8301936e+06   6.4360260e+02   0.0000000e+00   8.7241822e-01
   1.4321441e+00   1.8273643e+06   6.4504501e+02   0.0000000e+00   8.7575789e-01
   1.4323703e+00   1.9115673e+06   6.6358391e+02   0.0000000e+00   8.7741467e-01
   1.4325964e+00   1.9733141e+06   6.9006981e+02   0.0000000e+00   8.8180981e-01
   1.4328224e+00   1.9974748e+06   6.8348845e+02   0.0000000e+00   8.9772024e-01
   1.4330483e+00   1.9526289e+06   6.7603804e+02   0.0000000e+00   9.2610769e-01
   1.4332740e+00   1.9841735e+06   7.6534927e+02   0.0000000e+00   9.5672367e-01
