   1.1890102e+00   0.0000000e+00   0.0000000e+00   0.0000000e+00   0.0000000e+00
   1.1892121e+00   0.0000000e+00   0.0000000e+00   0.0000000e+00   0.0000000e+00
   1.1894142e+00   0.0000000e+00   0.0000000e+00   0.0000000e+00   0.0000000e+00
   1.1896164e+00   0.0000000e+00   0.0000000e+00   0.0000000e+00   0.0000000e+00
   1.1898188e+00   0.0000000e+00   0.0000000e+00   0.0000000e+00   0.0000000e+00
   1.1900213e+00   0.0000000e+00   0.0000000e+00   0.0000000e+00   0.0000000e+00
   1.1902240e+00   0.0000000e+00   0.0000000e+00   0.0000000e+00   0.0000000e+00
   1.1904269e+00   0.0000000e+00   0.0000000e+00   0.0000000e+00   0.0000000e+00
   1.1906300e+00   0.0000000e+00   0.0000000e+00   0.0000000e+00   0.0000000e+00
   1.1908332e+00   0.0000000e+00   0.0000000e+00   0.0000000e+00   0.0000000e+00
   1.1910366e+00   0.0000000e+00   0.0000000e+00   0.0000000e+00   0.0000000e+00
   1.1912401e+00   0.0000000e+00   0.0000000e+00   0.0000000e+00   0.0000000e+00
   1.1914439e+00   0.0000000e+00   0.0000000e+00   0.0000000e+00   0.0000000e+00
   1.1916478e+00   0.0000000e+00   0.0000000e+00   0.0000000e+00   0.0000000e+00
   1.1918518e+00   0.0000000e+00   0.0000000e+00   0.0000000e+00   0.0000000e+00
   1.1920560e+00   0.0000000e+00   0.0000000e+00   0.0000000e+00   0.0000000e+00
   1.1922604e+00   0.0000000e+00   0.0000000e+00   0.0000000e+00   0.0000000e+00
   1.1924650e+00   0.0000000e+00   0.0000000e+00   0.0000000e+00   0.0000000e+00
   1.1926697e+00   0.0000000e+00   0.0000000e+00   0.0000000e+00   0.0000000e+00
   1.1928746e+00   0.0000000e+00   0.0000000e+00   0.0000000e+00   0.0000000e+00
   1.1930796e+00   0.0000000e+00   0.0000000e+00   0.0000000e+00   0.0000000e+00
   1.1932849e+00   0.0000000e+00   0.0000000e+00   0.0000000e+00   0.0000000e+00
   1.1934902e+00   0.0000000e+00   0.0000000e+00   0.0000000e+00   0.0000000e+00
   1.1936958e+00   0.0000000e+00   0.0000000e+00   0.0000000e+00   0.0000000e+00
   1.1939015e+00   2.8759125e+05   1.2630055e+02   0.0000000e+00   9.9220441e-01
   1.1941074e+00   2.8944453e+05   1.2861708e+02   0.0000000e+00   9.9639612e-01
   1.1943134e+00   2.8379480e+05   1.2844708e+02   0.0000000e+00   9.9556799e-01
   1.1945196e+00   2.8855306e+05   1.2597860e+02   0.0000000e+00   9.9683335e-01
   1.1947260e+00   2.9279813e+05   1.2741957e+02   0.0000000e+00   9.9584044e-01
   1.1949325e+00   2.9237924e+05   1.2695542e+02   0.0000000e+00   1.0003816e+00
   1.1951392e+00   2.8983527e+05   1.2308448e+02   0.0000000e+00   1.0025057e+00
   1.1953460e+00   2.9768201e+05   1.3049053e+02   0.0000000e+00   1.0045661e+00
   1.1955530e+00   2.9122950e+05   1.2691817e+02   0.0000000e+00   1.0043275e+00
   1.1957602e+00   2.8906834e+05   1.2891771e+02   0.0000000e+00   1.0073654e+00
   1.1959675e+00   2.9281780e+05   1.2526427e+02   0.0000000e+00   1.0059800e+00
   1.1961750e+00   2.9529426e+05   1.2826703e+02   0.0000000e+00   1.0084572e+00
   1.1963826e+00   2.9525336e+05   1.2936541e+02   0.0000000e+00   1.0123591e+00
   1.1965905e+00   2.9230870e+05   1.2401534e+02   0.0000000e+00   1.0117752e+00
   1.1967984e+00   2.9948270e+05   1.3334989e+02   0.0000000e+00   1.0158969e+00
   1.1970065e+00   2.8994062e+05   1.2495020e+02   0.0000000e+00   1.0157659e+00
   1.1972148e+00   2.9739802e+05   1.3870935e+02   0.0000000e+00   1.0140588e+00
   1.1974233e+00   2.9522976e+05   1.2858679e+02   0.0000000e+00   1.0175513e+00
   1.1976319e+00   2.9862995e+05   1.2730614e+02   0.0000000e+00   1.0182136e+00
   1.1978406e+00   2.8649832e+05   1.2864657e+02   0.0000000e+00   1.0208594e+00
   1.1980496e+00   2.9195106e+05   1.4350441e+02   0.0000000e+00   1.0204571e+00
   1.1982586e+00   2.8757221e+05   1.3117953e+02   0.0000000e+00   1.0244653e+00
   1.1984679e+00   2.8687368e+05   1.2472256e+02   0.0000000e+00   1.0242405e+00
   1.1986773e+00   2.8836962e+05   1.2657274e+02   0.0000000e+00   1.0271396e+00
   1.1988868e+00   2.9178291e+05   1.2037934e+02   0.0000000e+00   1.0273366e+00
   1.1990965e+00   2.9749208e+05   1.3971460e+02   0.0000000e+00   1.0298380e+00
   1.1993064e+00   3.0393963e+05   1.4658896e+02   0.0000000e+00   1.0280985e+00
   1.1995164e+00   2.9583377e+05   1.3071905e+02   0.0000000e+00   1.0340316e+00
   1.1997266e+00   2.9517097e+05   1.3443699e+02   0.0000000e+00   1.0336153e+00
   1.1999369e+00   3.0635900e+05   1.3495231e+02   0.0000000e+00   1.0382348e+00
   1.2001474e+00   2.9712211e+05   1.2433583e+02   0.0000000e+00   1.0370718e+00
   1.2003580e+00   2.9930651e+05   1.3008133e+02   0.0000000e+00   1.0355658e+00
   1.2005688e+00   3.0182456e+05   1.2482697e+02   0.0000000e+00   1.0404298e+00
   1.2007797e+00   3.1068808e+05   1.3329219e+02   0.0000000e+00   1.0440566e+00
   1.2009908e+00   3.0667485e+05   1.2274499e+02   0.0000000e+00   1.0462545e+00
   1.2012021e+00   3.0208781e+05   1.2246119e+02   0.0000000e+00   1.0472052e+00
   1.2014135e+00   2.9429983e+05   1.1589196e+02   0.0000000e+00   1.0466735e+00
   1.2016251e+00   2.9729287e+05   1.2043151e+02   0.0000000e+00   1.0468326e+00
   1.2018368e+00   2.9271103e+05   1.1733588e+02   0.0000000e+00   1.0493369e+00
   1.2020486e+00   3.0639157e+05   1.2354632e+02   0.0000000e+00   1.0526246e+00
   1.2022607e+00   3.0023694e+05   1.1817754e+02   0.0000000e+00   1.0525902e+00
   1.2024728e+00   2.9823235e+05   1.2316451e+02   0.0000000e+00   1.0511444e+00
   1.2026851e+00   3.0339350e+05   1.1411257e+02   0.0000000e+00   1.0520886e+00
   1.2028976e+00   3.0959866e+05   1.1921803e+02   0.0000000e+00   1.0530748e+00
   1.2031102e+00   3.0358738e+05   1.1767635e+02   0.0000000e+00   1.0549486e+00
   1.2033230e+00   3.1145360e+05   1.2096727e+02   0.0000000e+00   1.0545903e+00
   1.2035359e+00   3.0695797e+05   1.1745042e+02   0.0000000e+00   1.0565756e+00
   1.2037490e+00   2.9889632e+05   1.1573062e+02   0.0000000e+00   1.0560461e+00
   1.2039622e+00   2.9559446e+05   1.0985628e+02   0.0000000e+00   1.0617801e+00
   1.2041756e+00   3.0407545e+05   1.0998470e+02   0.0000000e+00   1.0600064e+00
   1.2043891e+00   3.0105794e+05   1.2644764e+02   0.0000000e+00   1.0609669e+00
   1.2046028e+00   2.9674720e+05   1.1024335e+02   0.0000000e+00   1.0596951e+00
   1.2048166e+00   3.0238655e+05   1.1550697e+02   0.0000000e+00   1.0620581e+00
   1.2050306e+00   3.0613911e+05   1.1135249e+02   0.0000000e+00   1.0619300e+00
   1.2052447e+00   3.0058938e+05   1.1054415e+02   0.0000000e+00   1.0658729e+00
   1.2054590e+00   3.0836825e+05   1.1175814e+02   0.0000000e+00   1.0668080e+00
   1.2056734e+00   3.1353408e+05   1.1389968e+02   0.0000000e+00   1.0658669e+00
   1.2058879e+00   3.0634729e+05   1.1308348e+02   0.0000000e+00   1.0685214e+00
   1.2061026e+00   3.0453803e+05   1.1127443e+02   0.0000000e+00   1.0675765e+00
   1.2063175e+00   3.0239078e+05   1.1133788e+02   0.0000000e+00   1.0692647e+00
   1.2065325e+00   3.0471683e+05   1.1234956e+02   0.0000000e+00   1.0686306e+00
   1.2067476e+00   2.9018453e+05   1.0857139e+02   0.0000000e+00   1.0705426e+00
   1.2069629e+00   2.9537489e+05   1.0851750e+02   0.0000000e+00   1.0713534e+00
   1.2071784e+00   3.0424424e+05   1.0936048e+02   0.0000000e+00   1.0724900e+00
   1.2073939e+00   2.9883947e+05   1.0896121e+02   0.0000000e+00   1.0742397e+00
   1.2076097e+00   3.0051228e+05   1.1405436e+02   0.0000000e+00   1.0718207e+00
   1.2078255e+00   3.0098922e+05   1.0854312e+02   0.0000000e+00   1.0753391e+00
   1.2080415e+00   3.0217623e+05   1.0952563e+02   0.0000000e+00   1.0748593e+00
   1.2082577e+00   2.9785376e+05   1.0827329e+02   0.0000000e+00   1.0780867e+00
   1.2084740e+00   3.0411880e+05   1.1151063e+02   0.0000000e+00   1.0765633e+00
   1.2086905e+00   3.0523327e+05   1.1091023e+02   0.0000000e+00   1.0808201e+00
   1.2089070e+00   2.9254835e+05   1.0916098e+02   0.0000000e+00   1.0762336e+00
   1.2091238e+00   2.9521136e+05   1.0835900e+02   0.0000000e+00   1.0821185e+00
   1.2093407e+00   3.0534764e+05   1.1734311e+02   0.0000000e+00   1.0777959e+00
   1.2095577e+00   2.9693463e+05   1.0731813e+02   0.0000000e+00   1.0821265e+00
   1.2097748e+00   2.9105387e+05   1.0667486e+02   0.0000000e+00   1.0784026e+00
   1.2099921e+00   3.0629954e+05   1.1379645e+02   0.0000000e+00   1.0827984e+00
   1.2102096e+00   3.0157351e+05   1.1116884e+02   0.0000000e+00   1.0832757e+00
   1.2104272e+00   2.9385350e+05   1.0797672e+02   0.0000000e+00   1.0830678e+00
   1.2106449e+00   3.0572322e+05   1.1261019e+02   0.0000000e+00   1.0825067e+00
   1.2108627e+00   2.9936488e+05   1.1273400e+02   0.0000000e+00   1.0825354e+00
   1.2110808e+00   3.0182550e+05   1.2447297e+02  -4.8963157e+03   1.0899053e+00
   1.2112989e+00   3.0374434e+05   1.1175919e+02  -8.4846019e+03   1.0891521e+00
   1.2115172e+00   3.1508344e+05   1.1481454e+02  -3.0383971e+03   1.0868656e+00
   1.2117356e+00   3.1761990e+05   1.1433639e+02  -5.9910060e+03   1.0890412e+00
   1.2119542e+00   3.3127056e+05   1.2196017e+02   3.3649296e+03   1.0875452e+00
   1.2121729e+00   3.5095705e+05   1.2920228e+02   2.0546346e+04   1.0888453e+00
   1.2123917e+00   3.4821987e+05   1.2468508e+02   1.7346050e+04   1.0915140e+00
   1.2126107e+00   3.1809219e+05   1.1756863e+02  -1.1338887e+04   1.0880250e+00
   1.2128298e+00   3.1285946e+05   1.1269310e+02  -1.3691934e+04   1.0921941e+00
   1.2130491e+00   3.1542080e+05   1.1296900e+02  -7.4804284e+03   1.0928307e+00
   1.2132685e+00   3.1563976e+05   1.1506773e+02  -3.5289213e+03   1.0953444e+00
   1.2134880e+00   3.1557052e+05   1.1628692e+02  -3.3601950e+02   1.0917258e+00
   1.2137077e+00   3.2724720e+05   1.1806218e+02   1.3800243e+04   1.0990787e+00
   1.2139275e+00   3.1815352e+05   1.1528393e+02   6.2671940e+03   1.0944495e+00
   1.2141474e+00   3.0097047e+05   1.1264154e+02  -1.0151856e+04   1.0965117e+00
   1.2143675e+00   3.1137101e+05   1.1202981e+02   4.4405924e+02   1.0980222e+00
   1.2145877e+00   3.1553352e+05   1.1437251e+02   4.5082225e+03   1.0989072e+00
   1.2148080e+00   3.0446942e+05   1.1268696e+02  -6.6838555e+03   1.0976702e+00
   1.2150285e+00   3.0881234e+05   1.1277834e+02  -2.2892070e+03   1.1004061e+00
   1.2152491e+00   3.1801730e+05   1.1410136e+02   7.2668088e+03   1.1009809e+00
   1.2154699e+00   3.0891722e+05   1.1437758e+02  -1.1625380e+03   1.1030262e+00
   1.2156908e+00   3.1051709e+05   1.1277309e+02   1.3609090e+03   1.1040468e+00
   1.2159118e+00   3.1120378e+05   1.1229474e+02   3.0957357e+03   1.1050977e+00
   1.2161330e+00   3.0010377e+05   1.0984809e+02  -6.9802246e+03   1.1040688e+00
   1.2163542e+00   3.0346855e+05   1.1205340e+02  -2.7405112e+03   1.1029739e+00
   1.2165757e+00   3.0736203e+05   1.1138679e+02   1.8079428e+03   1.1036044e+00
   1.2167972e+00   3.1144437e+05   1.1356174e+02   6.3227029e+03   1.1062100e+00
   1.2170189e+00   3.0221598e+05   1.1217172e+02  -2.6331901e+03   1.1057688e+00
   1.2172407e+00   2.9878387e+05   1.0988412e+02  -5.8508351e+03   1.1057563e+00
   1.2174627e+00   3.0803415e+05   1.1100969e+02   3.6561375e+03   1.1078046e+00
   1.2176848e+00   3.0515094e+05   1.1085255e+02   1.1331231e+03   1.1080126e+00
   1.2179070e+00   3.0110097e+05   1.0956096e+02  -2.4520665e+03   1.1105088e+00
   1.2181293e+00   3.1034822e+05   1.1339978e+02   7.2996107e+03   1.1134530e+00
   1.2183518e+00   3.0362085e+05   1.1012639e+02   1.0040990e+03   1.1081068e+00
   1.2185744e+00   2.9798233e+05   1.0737394e+02  -4.3918281e+03   1.1077730e+00
   1.2187971e+00   2.9890295e+05   1.0960024e+02  -3.4917423e+03   1.1096066e+00
   1.2190200e+00   3.0189146e+05   1.1203928e+02  -7.8298647e+02   1.1092897e+00
   1.2192430e+00   3.0102133e+05   1.0988575e+02  -2.0962934e+03   1.1108681e+00
   1.2194661e+00   3.0386975e+05   1.1050738e+02   3.1376494e+02   1.1147215e+00
   1.2196894e+00   3.1374467e+05   1.1279412e+02   9.9443078e+03   1.1117794e+00
   1.2199128e+00   3.0249680e+05   1.0920372e+02  -1.2060964e+03   1.1126425e+00
   1.2201363e+00   2.9505551e+05   1.0566931e+02  -8.1595187e+03   1.1140653e+00
   1.2203599e+00   3.0291343e+05   1.1026150e+02   4.8210566e+02   1.1145198e+00
   1.2205837e+00   3.0608518e+05   1.1119390e+02   4.4843158e+03   1.1163523e+00
   1.2208076e+00   3.0071278e+05   1.0768985e+02  -3.7997104e+02   1.1175924e+00
   1.2210316e+00   3.0033086e+05   1.1116332e+02  -9.9597216e+02   1.1168677e+00
   1.2212558e+00   3.0836744e+05   1.1022001e+02   5.6866229e+03   1.1206617e+00
   1.2214800e+00   3.0953057e+05   1.1153629e+02   4.1492519e+03   1.1219072e+00
   1.2217044e+00   3.0348194e+05   1.0897973e+02  -5.9204478e+03   1.1189341e+00
   1.2219290e+00   3.0956695e+05   1.1047709e+02  -4.8446830e+03   1.1196533e+00
   1.2221536e+00   3.1090202e+05   1.1135202e+02  -8.8875613e+03   1.1189277e+00
   1.2223784e+00   3.1555801e+05   1.1329360e+02  -9.1736026e+03   1.1221354e+00
   1.2226033e+00   3.3891762e+05   1.2057697e+02   1.0494123e+04   1.1243970e+00
   1.2228284e+00   3.4528807e+05   1.2446916e+02   1.5044118e+04   1.1240899e+00
   1.2230535e+00   3.3633985e+05   1.2013332e+02   6.4103982e+03   1.1226045e+00
   1.2232788e+00   3.2617147e+05   1.1588973e+02  -1.4826233e+03   1.1228147e+00
   1.2235042e+00   3.2052388e+05   1.1357854e+02  -3.4742045e+03   1.1246505e+00
   1.2237297e+00   3.1246672e+05   1.1569446e+02  -7.3367439e+03   1.1251850e+00
   1.2239554e+00   3.1004175e+05   1.1079432e+02  -5.9202023e+03   1.1252425e+00
   1.2241812e+00   3.1245327e+05   1.1271711e+02  -7.4786014e+02   1.1265449e+00
   1.2244071e+00   3.1699421e+05   1.1440365e+02   5.0677161e+03   1.1231605e+00
   1.2246331e+00   3.1281562e+05   1.1140870e+02   6.6315795e+02   1.1255449e+00
   1.2248592e+00   3.1266906e+05   1.1116991e+02  -8.6550219e+02   1.1300439e+00
   1.2250855e+00   3.1443663e+05   1.1275458e+02  -1.0498518e+03   1.1308402e+00
   1.2253119e+00   3.1553352e+05   1.1510955e+02  -1.8117947e+03   1.1282399e+00
   1.2255384e+00   3.2281777e+05   1.1554709e+02   4.2738680e+03   1.1266857e+00
   1.2257650e+00   3.2377363e+05   1.1560254e+02   5.0222541e+03   1.1246857e+00
   1.2259918e+00   3.1765739e+05   1.1334060e+02  -2.9364650e+02   1.1296264e+00
   1.2262187e+00   3.1365509e+05   1.1186906e+02  -2.7879754e+03   1.1312328e+00
   1.2264457e+00   3.1062837e+05   1.1238523e+02  -4.1465255e+03   1.1302415e+00
   1.2266728e+00   3.1306517e+05   1.1213478e+02  -5.4802483e+02   1.1274347e+00
   1.2269000e+00   3.1824377e+05   1.1336052e+02   4.6597355e+03   1.1286390e+00
   1.2271274e+00   3.1988773e+05   1.1383560e+02   4.7745045e+03   1.1352620e+00
   1.2273549e+00   3.1934420e+05   1.1400259e+02   1.0445190e+03   1.1331658e+00
   1.2275824e+00   3.1818942e+05   1.1548394e+02  -4.6641157e+03   1.1292042e+00
   1.2278102e+00   3.1513967e+05   1.1119820e+02  -1.2981050e+04   1.1294310e+00
   1.2280380e+00   3.2190523e+05   1.1577068e+02  -1.1297296e+04   1.1340662e+00
   1.2282659e+00   3.4464598e+05   1.2294810e+02   7.4912211e+03   1.1349043e+00
   1.2284940e+00   3.5568587e+05   1.2555486e+02   1.6470725e+04   1.1362263e+00
   1.2287222e+00   3.5244697e+05   1.2526599e+02   1.3453564e+04   1.1372681e+00
   1.2289505e+00   3.3917405e+05   1.2006822e+02   2.6046536e+03   1.1352239e+00
   1.2291789e+00   3.2292093e+05   1.1535090e+02  -9.5469761e+03   1.1335105e+00
   1.2294075e+00   3.1942711e+05   1.1337232e+02  -8.0895622e+03   1.1351207e+00
   1.2296361e+00   3.1099657e+05   1.1163597e+02  -1.1636150e+04   1.1357710e+00
   1.2298649e+00   3.1889099e+05   1.1589239e+02   2.8071667e+02   1.1344435e+00
   1.2300938e+00   3.1912554e+05   1.1285472e+02   3.1545308e+03   1.1343202e+00
   1.2303228e+00   3.1983408e+05   1.1336880e+02   4.9249213e+03   1.1352875e+00
   1.2305519e+00   3.1911929e+05   1.1452498e+02   3.7944374e+03   1.1392155e+00
   1.2307811e+00   3.1909333e+05   1.1259297e+02   2.1776823e+03   1.1400800e+00
   1.2310105e+00   3.2136853e+05   1.1380043e+02   2.0877925e+03   1.1409342e+00
   1.2312399e+00   3.1836678e+05   1.1213608e+02  -3.6382848e+03   1.1359216e+00
   1.2314695e+00   3.2529587e+05   1.1475499e+02   5.8396742e+02   1.1362585e+00
   1.2316992e+00   3.2602628e+05   1.1664148e+02  -1.0608943e+03   1.1390836e+00
   1.2319290e+00   3.2075071e+05   1.1357130e+02  -8.1389063e+03   1.1435749e+00
   1.2321589e+00   3.2629135e+05   1.1813630e+02  -3.6752783e+03   1.1437595e+00
   1.2323889e+00   3.4160069e+05   1.2262468e+02   1.1316485e+04   1.1430333e+00
   1.2326191e+00   3.3009920e+05   1.1737970e+02   1.4758209e+02   1.1420337e+00
   1.2328493e+00   3.2630592e+05   1.1616398e+02  -2.9246617e+03   1.1413421e+00
   1.2330797e+00   3.3306975e+05   1.1832971e+02   4.5513989e+03   1.1466227e+00
   1.2333102e+00   3.2935885e+05   1.1609462e+02   1.0744582e+03   1.1485702e+00
   1.2335408e+00   3.3203380e+05   1.1745297e+02   3.0736317e+03   1.1484063e+00
   1.2337715e+00   3.3101250e+05   1.1797249e+02   2.0087539e+02   1.1431369e+00
   1.2340023e+00   3.2913394e+05   1.1888791e+02  -4.6958394e+03   1.1466222e+00
   1.2342332e+00   3.2912550e+05   1.1806372e+02  -8.5529587e+03   1.1500838e+00
   1.2344642e+00   3.2964363e+05   1.1764793e+02  -1.2088653e+04   1.1557820e+00
   1.2346954e+00   3.4739213e+05   1.2259424e+02   2.1807059e+03   1.1555239e+00
   1.2349266e+00   3.5793053e+05   1.2545218e+02   1.0549664e+04   1.1516653e+00
   1.2351580e+00   3.6314816e+05   1.2667797e+02   1.5392822e+04   1.1557292e+00
   1.2353895e+00   3.5366764e+05   1.2385007e+02   7.4248463e+03   1.1628883e+00
   1.2356211e+00   3.3769179e+05   1.1843384e+02  -5.4872064e+03   1.1624250e+00
   1.2358527e+00   3.2880907e+05   1.1564901e+02  -1.0428568e+04   1.1602248e+00
   1.2360845e+00   3.3467178e+05   1.1812989e+02  -5.7449175e+02   1.1599564e+00
   1.2363165e+00   3.2604902e+05   1.1522312e+02  -5.9126569e+03   1.1594023e+00
   1.2365485e+00   3.2659196e+05   1.1701656e+02  -3.2893095e+03   1.1668135e+00
   1.2367806e+00   3.2837678e+05   1.1634223e+02  -7.7272029e+02   1.1725824e+00
   1.2370128e+00   3.3296362e+05   1.1853126e+02   3.3867365e+03   1.1698337e+00
   1.2372452e+00   3.3413436e+05   1.1949609e+02   3.3872512e+03   1.1694121e+00
   1.2374776e+00   3.3666383e+05   1.1920343e+02   4.4918163e+03   1.1725729e+00
   1.2377102e+00   3.3967758e+05   1.2066481e+02   6.2384837e+03   1.1756890e+00
   1.2379428e+00   3.3307591e+05   1.1883083e+02  -1.2292825e+03   1.1802411e+00
   1.2381756e+00   3.3059685e+05   1.1756784e+02  -4.1205552e+03   1.1818283e+00
   1.2384084e+00   3.3112891e+05   1.1946270e+02  -3.6417868e+03   1.1794197e+00
   1.2386414e+00   3.3277045e+05   1.2000452e+02  -1.8576827e+03   1.1786703e+00
   1.2388745e+00   3.3324422e+05   1.1851734e+02  -1.1944377e+03   1.1823209e+00
   1.2391077e+00   3.3389976e+05   1.2111614e+02  -3.8654937e+02   1.1862520e+00
   1.2393410e+00   3.3291383e+05   1.2100854e+02  -1.2713975e+03   1.1923220e+00
   1.2395744e+00   3.3745693e+05   1.2000093e+02   3.3409141e+03   1.1905195e+00
   1.2398079e+00   3.3401833e+05   1.1824774e+02  -6.0724167e+01   1.1906167e+00
   1.2400415e+00   3.4097423e+05   1.2050141e+02   6.8346816e+03   1.1934701e+00
   1.2402752e+00   3.3979832e+05   1.2176726e+02   5.3600197e+03   1.1984623e+00
   1.2405090e+00   3.2482680e+05   1.1661739e+02  -1.0329695e+04   1.2025465e+00
   1.2407429e+00   3.3419931e+05   1.1826938e+02  -2.2503765e+03   1.2012078e+00
   1.2409769e+00   3.4668634e+05   1.2663750e+02   8.3121613e+03   1.1991963e+00
   1.2412110e+00   3.3220595e+05   1.1789572e+02  -8.6163406e+03   1.2082163e+00
   1.2414452e+00   3.3964410e+05   1.2321505e+02  -3.8605457e+03   1.2158718e+00
   1.2416795e+00   3.4582085e+05   1.2449411e+02  -1.7896454e+02   1.2192022e+00
   1.2419139e+00   3.4766039e+05   1.2159074e+02  -1.9315348e+02   1.2178871e+00
   1.2421485e+00   3.5174636e+05   1.2491838e+02   3.0470348e+03   1.2162888e+00
   1.2423831e+00   3.5848716e+05   1.2664567e+02   1.0115500e+04   1.2214372e+00
   1.2426178e+00   3.5453291e+05   1.2524930e+02   7.5667959e+03   1.2301937e+00
   1.2428526e+00   3.3485035e+05   1.1828193e+02  -9.9715988e+03   1.2365984e+00
   1.2430875e+00   3.3803807e+05   1.1978823e+02  -4.4009616e+03   1.2371627e+00
   1.2433226e+00   3.4098914e+05   1.2120209e+02   6.3751035e+02   1.2337003e+00
   1.2435577e+00   3.3320705e+05   1.1956464e+02  -5.7827994e+03   1.2350529e+00
   1.2437929e+00   3.3818708e+05   1.2029109e+02  -3.8919432e+02   1.2430867e+00
   1.2440282e+00   3.4604406e+05   1.2314226e+02   6.9531814e+03   1.2493074e+00
   1.2442636e+00   3.3754560e+05   1.2119169e+02  -2.7527473e+03   1.2526171e+00
   1.2444991e+00   3.3987830e+05   1.2033504e+02  -1.9493159e+03   1.2486041e+00
   1.2447348e+00   3.4641850e+05   1.2264597e+02   3.1366918e+03   1.2518143e+00
   1.2449705e+00   3.4908450e+05   1.2387772e+02   4.7438840e+03   1.2607385e+00
   1.2452063e+00   3.4451517e+05   1.2253796e+02   0.0000000e+00   1.2677665e+00
   1.2454422e+00   3.4170681e+05   1.2124638e+02   0.0000000e+00   1.2699325e+00
   1.2456782e+00   3.4513222e+05   1.2199029e+02   0.0000000e+00   1.2705963e+00
   1.2459143e+00   3.4159444e+05   1.2135606e+02   0.0000000e+00   1.2735949e+00
   1.2461505e+00   3.3801155e+05   1.1993520e+02   0.0000000e+00   1.2793180e+00
   1.2463868e+00   3.4622315e+05   1.2357826e+02   0.0000000e+00   1.2851570e+00
   1.2466231e+00   3.4642887e+05   1.2231131e+02   0.0000000e+00   1.2881793e+00
   1.2468596e+00   3.3656215e+05   1.1903005e+02   0.0000000e+00   1.2864105e+00
   1.2470962e+00   3.4004056e+05   1.2017478e+02   0.0000000e+00   1.2854920e+00
   1.2473329e+00   3.4753558e+05   1.2218268e+02   0.0000000e+00   1.2927669e+00
   1.2475696e+00   3.4284261e+05   1.2114850e+02   0.0000000e+00   1.3024690e+00
   1.2478065e+00   3.4865094e+05   1.2429837e+02   0.0000000e+00   1.3036296e+00
   1.2480434e+00   3.4680170e+05   1.2263652e+02   0.0000000e+00   1.3065671e+00
   1.2482805e+00   3.4629532e+05   1.2129093e+02   0.0000000e+00   1.3047992e+00
   1.2485176e+00   3.4264291e+05   1.2002858e+02   0.0000000e+00   1.3076252e+00
   1.2487548e+00   3.4617328e+05   1.2230345e+02   0.0000000e+00   1.3177815e+00
   1.2489922e+00   3.4866344e+05   1.2177882e+02   0.0000000e+00   1.3244762e+00
   1.2492296e+00   3.4517037e+05   1.2099909e+02   0.0000000e+00   1.3262422e+00
   1.2494671e+00   3.5020660e+05   1.2420443e+02   0.0000000e+00   1.3258638e+00
   1.2497047e+00   3.5171543e+05   1.2535994e+02   0.0000000e+00   1.3281126e+00
   1.2499424e+00   3.4930693e+05   1.2236002e+02   0.0000000e+00   1.3384930e+00
   1.2501802e+00   3.5059974e+05   1.2462069e+02   0.0000000e+00   1.3405282e+00
   1.2504180e+00   3.5702876e+05   1.2529030e+02   0.0000000e+00   1.3380486e+00
   1.2506560e+00   3.4667437e+05   1.2220120e+02   0.0000000e+00   1.3358939e+00
   1.2508941e+00   3.5069284e+05   1.2475638e+02   0.0000000e+00   1.3431653e+00
   1.2511322e+00   3.5166065e+05   1.2450190e+02   0.0000000e+00   1.3496473e+00
   1.2513704e+00   3.5139357e+05   1.2390449e+02   0.0000000e+00   1.3559200e+00
   1.2516088e+00   3.5591661e+05   1.2467332e+02   0.0000000e+00   1.3544782e+00
   1.2518472e+00   3.5510799e+05   1.2568541e+02   0.0000000e+00   1.3514573e+00
   1.2520857e+00   3.6006680e+05   1.2666107e+02   0.0000000e+00   1.3510043e+00
   1.2523243e+00   3.6248818e+05   1.2749576e+02   0.0000000e+00   1.3634715e+00
   1.2525630e+00   3.5232840e+05   1.2460365e+02   0.0000000e+00   1.3698578e+00
   1.2528017e+00   3.6231410e+05   1.2666739e+02   0.0000000e+00   1.3681999e+00
   1.2530406e+00   3.5836935e+05   1.2629994e+02   0.0000000e+00   1.3673313e+00
   1.2532795e+00   3.5349808e+05   1.2492284e+02   0.0000000e+00   1.3711113e+00
   1.2535185e+00   3.6363231e+05   1.2842350e+02   0.0000000e+00   1.3765539e+00
   1.2537577e+00   3.5871882e+05   1.2594203e+02   0.0000000e+00   1.3802379e+00
   1.2539969e+00   3.5461395e+05   1.2609499e+02   0.0000000e+00   1.3814280e+00
   1.2542362e+00   3.6391584e+05   1.2950316e+02   0.0000000e+00   1.3823188e+00
   1.2544755e+00   3.6017914e+05   1.2809545e+02   0.0000000e+00   1.3849189e+00
   1.2547150e+00   3.5849416e+05   1.2748928e+02   0.0000000e+00   1.3944990e+00
   1.2549545e+00   3.5869713e+05   1.2773749e+02   0.0000000e+00   1.3974470e+00
   1.2551942e+00   3.6663821e+05   1.2910610e+02   0.0000000e+00   1.3974351e+00
   1.2554339e+00   3.6410451e+05   1.2836946e+02   0.0000000e+00   1.3944263e+00
   1.2556737e+00   3.6321046e+05   1.2940137e+02   0.0000000e+00   1.3952614e+00
   1.2559136e+00   3.6263795e+05   1.2778475e+02   0.0000000e+00   1.4071301e+00
   1.2561536e+00   3.6180784e+05   1.2570300e+02   0.0000000e+00   1.4114050e+00
   1.2563936e+00   3.6442573e+05   1.2700166e+02   0.0000000e+00   1.4103111e+00
   1.2566337e+00   3.7037967e+05   1.2967610e+02   0.0000000e+00   1.4074019e+00
   1.2568740e+00   3.6597046e+05   1.2819359e+02   0.0000000e+00   1.4085866e+00
   1.2571143e+00   3.7011425e+05   1.3033680e+02   0.0000000e+00   1.4149008e+00
   1.2573547e+00   3.7108550e+05   1.3140355e+02   0.0000000e+00   1.4205981e+00
   1.2575951e+00   3.6606881e+05   1.3013585e+02   0.0000000e+00   1.4197588e+00
   1.2578357e+00   3.6743077e+05   1.2967804e+02   0.0000000e+00   1.4153876e+00
   1.2580763e+00   3.6502452e+05   1.2679293e+02   0.0000000e+00   1.4167128e+00
   1.2583170e+00   3.6999775e+05   1.2938444e+02   0.0000000e+00   1.4184670e+00
   1.2585578e+00   3.7466209e+05   1.3068177e+02   0.0000000e+00   1.4252729e+00
   1.2587987e+00   3.7558106e+05   1.3136051e+02   0.0000000e+00   1.4215765e+00
   1.2590397e+00   3.7795875e+05   1.3191804e+02   0.0000000e+00   1.4208502e+00
   1.2592807e+00   3.7904462e+05   1.3224006e+02   0.0000000e+00   1.4257187e+00
   1.2595218e+00   3.7977386e+05   1.3308383e+02   0.0000000e+00   1.4325817e+00
   1.2597630e+00   3.8305112e+05   1.3374403e+02   0.0000000e+00   1.4334654e+00
   1.2600043e+00   3.8377210e+05   1.3291684e+02   0.0000000e+00   1.4356807e+00
   1.2602456e+00   3.8256997e+05   1.3359732e+02   0.0000000e+00   1.4379888e+00
   1.2604871e+00   3.8030374e+05   1.3205301e+02   0.0000000e+00   1.4353375e+00
   1.2607286e+00   3.8023801e+05   1.3290267e+02   0.0000000e+00   1.4394671e+00
   1.2609702e+00   3.8300198e+05   1.3363409e+02   0.0000000e+00   1.4446139e+00
   1.2612119e+00   3.8572212e+05   1.3415345e+02   0.0000000e+00   1.4466494e+00
   1.2614536e+00   3.8404962e+05   1.3521923e+02   0.0000000e+00   1.4414242e+00
   1.2616954e+00   3.8548409e+05   1.3476678e+02   0.0000000e+00   1.4446448e+00
   1.2619373e+00   3.8992100e+05   1.3598124e+02   0.0000000e+00   1.4470341e+00
   1.2621793e+00   3.8930425e+05   1.3632749e+02   0.0000000e+00   1.4511658e+00
   1.2624214e+00   3.8223001e+05   1.3350063e+02   0.0000000e+00   1.4498033e+00
   1.2626635e+00   3.7941282e+05   1.3238226e+02   0.0000000e+00   1.4465160e+00
   1.2629057e+00   3.8874077e+05   1.3589043e+02   0.0000000e+00   1.4484419e+00
   1.2631480e+00   3.7784286e+05   1.3403196e+02   0.0000000e+00   1.4474160e+00
   1.2633904e+00   3.8593430e+05   1.3780280e+02   0.0000000e+00   1.4502488e+00
   1.2636328e+00   3.9225808e+05   1.3769850e+02   0.0000000e+00   1.4483072e+00
   1.2638753e+00   3.8800558e+05   1.3747848e+02   0.0000000e+00   1.4495292e+00
   1.2641179e+00   3.8732932e+05   1.3719108e+02   0.0000000e+00   1.4511508e+00
   1.2643605e+00   3.8873086e+05   1.3519287e+02   0.0000000e+00   1.4527414e+00
   1.2646033e+00   3.7762799e+05   1.3325001e+02   0.0000000e+00   1.4550113e+00
   1.2648461e+00   3.8624633e+05   1.3601686e+02   0.0000000e+00   1.4534806e+00
   1.2650890e+00   3.8319003e+05   1.3345164e+02   0.0000000e+00   1.4559715e+00
   1.2653319e+00   3.8439316e+05   1.3434277e+02   0.0000000e+00   1.4570173e+00
   1.2655749e+00   3.8617932e+05   1.3755496e+02   0.0000000e+00   1.4585219e+00
   1.2658180e+00   3.8195277e+05   1.3449340e+02   0.0000000e+00   1.4661227e+00
   1.2660612e+00   3.8558383e+05   1.3670937e+02   0.0000000e+00   1.4626502e+00
   1.2663044e+00   3.8908104e+05   1.3590940e+02   0.0000000e+00   1.4574865e+00
   1.2665478e+00   3.9189875e+05   1.3693887e+02   0.0000000e+00   1.4532133e+00
   1.2667911e+00   3.9918649e+05   1.3979244e+02   0.0000000e+00   1.4629921e+00
   1.2670346e+00   4.0153474e+05   1.4069341e+02   0.0000000e+00   1.4717970e+00
   1.2672781e+00   4.0216056e+05   1.4145036e+02   0.0000000e+00   1.4661165e+00
   1.2675217e+00   3.9764176e+05   1.3954017e+02   0.0000000e+00   1.4612724e+00
   1.2677654e+00   3.9769169e+05   1.3946399e+02   0.0000000e+00   1.4645973e+00
   1.2680091e+00   4.0489666e+05   1.4116116e+02   0.0000000e+00   1.4683428e+00
   1.2682529e+00   4.0469994e+05   1.4073109e+02   0.0000000e+00   1.4694048e+00
   1.2684968e+00   4.1456512e+05   1.4403799e+02   0.0000000e+00   1.4689403e+00
   1.2687408e+00   4.1364336e+05   1.4582955e+02   0.0000000e+00   1.4653867e+00
   1.2689848e+00   4.1181257e+05   1.4544079e+02   0.0000000e+00   1.4603215e+00
   1.2692289e+00   4.1355523e+05   1.4388943e+02   0.0000000e+00   1.4622590e+00
   1.2694730e+00   4.1653502e+05   1.4537356e+02   0.0000000e+00   1.4678235e+00
   1.2697172e+00   4.1699009e+05   1.4370963e+02   0.0000000e+00   1.4671592e+00
   1.2699615e+00   4.0913080e+05   1.4119112e+02   0.0000000e+00   1.4657221e+00
   1.2702059e+00   4.1399918e+05   1.4262323e+02   0.0000000e+00   1.4680085e+00
   1.2704503e+00   4.1219001e+05   1.4309234e+02   0.0000000e+00   1.4727061e+00
   1.2706948e+00   4.0865651e+05   1.4148830e+02   0.0000000e+00   1.4775918e+00
   1.2709394e+00   4.1467733e+05   1.4388107e+02   0.0000000e+00   1.4780647e+00
   1.2711840e+00   4.1301872e+05   1.4196880e+02   0.0000000e+00   1.4719965e+00
   1.2714287e+00   4.1076245e+05   1.4211935e+02   0.0000000e+00   1.4702476e+00
   1.2716734e+00   4.1517799e+05   1.4508473e+02   0.0000000e+00   1.4755208e+00
   1.2719182e+00   4.2068224e+05   1.4627669e+02   0.0000000e+00   1.4798786e+00
   1.2721631e+00   4.2430806e+05   1.4654815e+02   0.0000000e+00   1.4811809e+00
   1.2724081e+00   4.1807365e+05   1.4412299e+02   0.0000000e+00   1.4721277e+00
   1.2726531e+00   4.1987096e+05   1.4511298e+02   0.0000000e+00   1.4689728e+00
   1.2728982e+00   4.2198343e+05   1.4657849e+02   0.0000000e+00   1.4749306e+00
   1.2731433e+00   4.1799631e+05   1.4610645e+02   0.0000000e+00   1.4846631e+00
   1.2733885e+00   4.1308145e+05   1.4427053e+02   0.0000000e+00   1.4802095e+00
   1.2736338e+00   4.1796630e+05   1.4413685e+02   0.0000000e+00   1.4755297e+00
   1.2738791e+00   4.1946531e+05   1.4489282e+02   0.0000000e+00   1.4739046e+00
   1.2741245e+00   4.2407630e+05   1.4740050e+02   0.0000000e+00   1.4759187e+00
   1.2743700e+00   4.2381788e+05   1.4731994e+02   0.0000000e+00   1.4826611e+00
   1.2746155e+00   4.2948675e+05   1.4691469e+02   0.0000000e+00   1.4836480e+00
   1.2748611e+00   4.2541206e+05   1.4822012e+02   0.0000000e+00   1.4784245e+00
   1.2751067e+00   4.3276649e+05   1.4990015e+02   0.0000000e+00   1.4739152e+00
   1.2753524e+00   4.3750830e+05   1.4994889e+02   0.0000000e+00   1.4782948e+00
   1.2755982e+00   4.2743183e+05   1.4885144e+02   0.0000000e+00   1.4852526e+00
   1.2758440e+00   4.2536327e+05   1.4658722e+02   0.0000000e+00   1.4867251e+00
   1.2760899e+00   4.3086755e+05   1.4981869e+02   0.0000000e+00   1.4783451e+00
   1.2763359e+00   4.4132091e+05   1.5400923e+02   0.0000000e+00   1.4748316e+00
   1.2765819e+00   4.3696966e+05   1.5500828e+02   0.0000000e+00   1.4779343e+00
   1.2768279e+00   4.2824334e+05   1.4972433e+02   0.0000000e+00   1.4805124e+00
   1.2770741e+00   4.2838562e+05   1.4846371e+02   0.0000000e+00   1.4853106e+00
   1.2773203e+00   4.2533777e+05   1.4779234e+02   0.0000000e+00   1.4755448e+00
   1.2775665e+00   4.2489471e+05   1.4697694e+02   0.0000000e+00   1.4707161e+00
   1.2778128e+00   4.3230418e+05   1.5163514e+02   0.0000000e+00   1.4706812e+00
   1.2780592e+00   4.4579644e+05   1.5638593e+02   0.0000000e+00   1.4801930e+00
   1.2783056e+00   4.5252204e+05   1.5996010e+02   0.0000000e+00   1.4812683e+00
   1.2785521e+00   4.6105490e+05   1.6129641e+02   0.0000000e+00   1.4842902e+00
   1.2787986e+00   4.3081706e+05   1.4916558e+02   0.0000000e+00   1.4770679e+00
   1.2790452e+00   4.2914456e+05   1.4830452e+02   0.0000000e+00   1.4782094e+00
   1.2792918e+00   4.2661467e+05   1.4630047e+02   0.0000000e+00   1.4877580e+00
   1.2795386e+00   4.2922594e+05   1.4705899e+02   0.0000000e+00   1.4937362e+00
   1.2797853e+00   4.2633467e+05   1.4850434e+02   0.0000000e+00   1.4840742e+00
   1.2800321e+00   4.3480316e+05   1.5196588e+02   0.0000000e+00   1.4782249e+00
   1.2802790e+00   4.4335315e+05   1.5445756e+02   0.0000000e+00   1.4809284e+00
   1.2805259e+00   4.5578590e+05   1.5805825e+02   0.0000000e+00   1.4909420e+00
   1.2807729e+00   4.5994493e+05   1.5755111e+02   0.0000000e+00   1.4910266e+00
   1.2810200e+00   4.6472143e+05   1.6267422e+02   0.0000000e+00   1.4835510e+00
   1.2812670e+00   4.4508644e+05   1.5392232e+02   0.0000000e+00   1.4764681e+00
   1.2815142e+00   4.3899519e+05   1.5210546e+02   0.0000000e+00   1.4777303e+00
   1.2817614e+00   4.3719685e+05   1.5204593e+02   0.0000000e+00   1.4869680e+00
   1.2820087e+00   4.4093939e+05   1.5221179e+02   0.0000000e+00   1.4937048e+00
   1.2822560e+00   4.4739032e+05   1.5366681e+02   0.0000000e+00   1.4894183e+00
   1.2825033e+00   4.4093441e+05   1.5317341e+02   0.0000000e+00   1.4826228e+00
   1.2827507e+00   4.4470535e+05   1.5715060e+02   0.0000000e+00   1.4777122e+00
   1.2829982e+00   4.4738550e+05   1.5471783e+02   0.0000000e+00   1.4853392e+00
   1.2832457e+00   4.5121774e+05   1.5466058e+02   0.0000000e+00   1.4908113e+00
   1.2834933e+00   4.6273798e+05   1.5994511e+02   0.0000000e+00   1.4849378e+00
   1.2837409e+00   4.6414015e+05   1.6203290e+02   0.0000000e+00   1.4786953e+00
   1.2839886e+00   4.5650052e+05   1.5829363e+02   0.0000000e+00   1.4795513e+00
   1.2842363e+00   4.6311866e+05   1.5958670e+02   0.0000000e+00   1.4904330e+00
   1.2844841e+00   4.6435279e+05   1.6061615e+02   0.0000000e+00   1.4968224e+00
   1.2847319e+00   4.6131917e+05   1.5943600e+02   0.0000000e+00   1.4945161e+00
   1.2849798e+00   4.5938667e+05   1.5910183e+02   0.0000000e+00   1.4812717e+00
   1.2852277e+00   4.5321398e+05   1.5531421e+02   0.0000000e+00   1.4787696e+00
   1.2854757e+00   4.5965033e+05   1.5871872e+02   0.0000000e+00   1.4871798e+00
   1.2857237e+00   4.5262292e+05   1.5833756e+02   0.0000000e+00   1.4917458e+00
   1.2859718e+00   4.5859341e+05   1.6010288e+02   0.0000000e+00   1.4959269e+00
   1.2862199e+00   4.6059259e+05   1.5847657e+02   0.0000000e+00   1.4855016e+00
   1.2864681e+00   4.5704274e+05   1.5824830e+02   0.0000000e+00   1.4801305e+00
   1.2867163e+00   4.6434730e+05   1.5845871e+02   0.0000000e+00   1.4905990e+00
   1.2869646e+00   4.6546470e+05   1.6099204e+02   0.0000000e+00   1.4992117e+00
   1.2872129e+00   4.6669456e+05   1.6182651e+02   0.0000000e+00   1.4974578e+00
   1.2874613e+00   4.6934993e+05   1.6188205e+02   0.0000000e+00   1.4931146e+00
   1.2877097e+00   4.6583959e+05   1.6305567e+02   0.0000000e+00   1.4776482e+00
   1.2879581e+00   4.6628757e+05   1.6187500e+02   0.0000000e+00   1.4871927e+00
   1.2882066e+00   4.7174221e+05   1.6246309e+02   0.0000000e+00   1.4978574e+00
   1.2884552e+00   4.7216761e+05   1.6226503e+02   0.0000000e+00   1.4989426e+00
   1.2887038e+00   4.7681720e+05   1.6349888e+02   0.0000000e+00   1.4927693e+00
   1.2889524e+00   4.6973491e+05   1.6223582e+02   0.0000000e+00   1.4888730e+00
   1.2892011e+00   4.7047050e+05   1.6367956e+02   0.0000000e+00   1.4932547e+00
   1.2894498e+00   4.8121147e+05   1.6557694e+02   0.0000000e+00   1.5010390e+00
   1.2896986e+00   4.7639268e+05   1.6292331e+02   0.0000000e+00   1.5043914e+00
   1.2899474e+00   4.8170332e+05   1.6424842e+02   0.0000000e+00   1.4924669e+00
   1.2901963e+00   5.0834854e+05   1.7514998e+02   0.0000000e+00   1.4837102e+00
   1.2904452e+00   5.5689057e+05   1.8923219e+02   0.0000000e+00   1.4946915e+00
   1.2906941e+00   5.5849452e+05   1.9029216e+02   0.0000000e+00   1.5017763e+00
   1.2909431e+00   5.3878031e+05   1.8303277e+02   0.0000000e+00   1.5035336e+00
   1.2911922e+00   4.9927626e+05   1.7043127e+02   0.0000000e+00   1.4914344e+00
   1.2914413e+00   4.9292935e+05   1.6843874e+02   0.0000000e+00   1.4856857e+00
   1.2916904e+00   4.9752122e+05   1.6952887e+02   0.0000000e+00   1.4888368e+00
   1.2919395e+00   5.2213469e+05   1.8133596e+02   0.0000000e+00   1.4946224e+00
   1.2921887e+00   5.1573983e+05   1.7869248e+02   0.0000000e+00   1.4999106e+00
   1.2924380e+00   5.1806426e+05   1.7780006e+02   0.0000000e+00   1.4950729e+00
   1.2926873e+00   5.0183566e+05   1.7252550e+02   0.0000000e+00   1.4906374e+00
   1.2929366e+00   5.0005768e+05   1.7045426e+02   0.0000000e+00   1.4919957e+00
   1.2931860e+00   5.0348510e+05   1.7287020e+02   0.0000000e+00   1.5002875e+00
   1.2934354e+00   5.0384363e+05   1.7237963e+02   0.0000000e+00   1.5058104e+00
   1.2936849e+00   5.0503734e+05   1.7322657e+02   0.0000000e+00   1.4946487e+00
   1.2939343e+00   5.1202040e+05   1.7586856e+02   0.0000000e+00   1.4916861e+00
   1.2941839e+00   5.2271090e+05   1.7950107e+02   0.0000000e+00   1.4883958e+00
   1.2944335e+00   5.2101476e+05   1.7732043e+02   0.0000000e+00   1.5017621e+00
   1.2946831e+00   5.2671252e+05   1.7885070e+02   0.0000000e+00   1.5067421e+00
   1.2949327e+00   5.1737417e+05   1.7622404e+02   0.0000000e+00   1.5040327e+00
   1.2951824e+00   5.1913112e+05   1.7612559e+02   0.0000000e+00   1.4942536e+00
   1.2954321e+00   5.2410944e+05   1.7729902e+02   0.0000000e+00   1.4953488e+00
   1.2956819e+00   5.2526610e+05   1.7775108e+02   0.0000000e+00   1.5065305e+00
   1.2959317e+00   5.2234230e+05   1.7623150e+02   0.0000000e+00   1.5139349e+00
   1.2961815e+00   5.2775258e+05   1.8096854e+02   0.0000000e+00   1.5061849e+00
   1.2964314e+00   5.2666721e+05   1.8057660e+02   0.0000000e+00   1.4993580e+00
   1.2966813e+00   5.2999347e+05   1.8152972e+02   0.0000000e+00   1.4980395e+00
   1.2969313e+00   5.3209033e+05   1.8104314e+02   0.0000000e+00   1.5057732e+00
   1.2971812e+00   5.3453667e+05   1.8091998e+02   0.0000000e+00   1.5113491e+00
   1.2974313e+00   5.3602818e+05   1.8268028e+02   0.0000000e+00   1.5110455e+00
   1.2976813e+00   5.2949422e+05   1.8382702e+02   0.0000000e+00   1.4964926e+00
   1.2979314e+00   5.4128905e+05   1.8472208e+02   0.0000000e+00   1.4987704e+00
   1.2981815e+00   5.5217899e+05   1.8874857e+02   0.0000000e+00   1.5056277e+00
   1.2984317e+00   5.5189816e+05   1.8793437e+02   0.0000000e+00   1.5126353e+00
   1.2986819e+00   5.6080356e+05   1.8994219e+02   0.0000000e+00   1.5136774e+00
   1.2989321e+00   5.5818735e+05   1.8865879e+02   0.0000000e+00   1.5063214e+00
   1.2991824e+00   5.4441049e+05   1.8423455e+02   0.0000000e+00   1.5054867e+00
   1.2994327e+00   5.4704293e+05   1.8582285e+02   0.0000000e+00   1.5099512e+00
   1.2996830e+00   5.5284674e+05   1.8849154e+02   0.0000000e+00   1.5147299e+00
   1.2999334e+00   5.5401050e+05   1.8784042e+02   0.0000000e+00   1.5135165e+00
   1.3001838e+00   5.5208637e+05   1.8890686e+02   0.0000000e+00   1.5089780e+00
   1.3004342e+00   5.5169221e+05   1.8829163e+02   0.0000000e+00   1.5078706e+00
   1.3006847e+00   5.6122793e+05   1.9018395e+02   0.0000000e+00   1.5114615e+00
   1.3009352e+00   5.6431441e+05   1.9028851e+02   0.0000000e+00   1.5168386e+00
   1.3011857e+00   5.5956455e+05   1.9009198e+02   0.0000000e+00   1.5183464e+00
   1.3014362e+00   5.7136597e+05   1.9361571e+02   0.0000000e+00   1.5096565e+00
   1.3016868e+00   5.8622435e+05   1.9879828e+02   0.0000000e+00   1.5057057e+00
   1.3019374e+00   6.1057491e+05   2.0818640e+02   0.0000000e+00   1.5107157e+00
   1.3021881e+00   6.1696604e+05   2.1118688e+02   0.0000000e+00   1.5132265e+00
   1.3024388e+00   6.0434919e+05   2.0903126e+02   0.0000000e+00   1.5093939e+00
   1.3026895e+00   5.8045475e+05   1.9850201e+02   0.0000000e+00   1.5083896e+00
   1.3029402e+00   5.7735102e+05   1.9584058e+02   0.0000000e+00   1.5057206e+00
   1.3031910e+00   5.8406416e+05   1.9845571e+02   0.0000000e+00   1.5073270e+00
   1.3034418e+00   5.8731385e+05   1.9899522e+02   0.0000000e+00   1.5107968e+00
   1.3036926e+00   5.8444186e+05   1.9767103e+02   0.0000000e+00   1.5040095e+00
   1.3039434e+00   5.9149494e+05   2.0297933e+02   0.0000000e+00   1.4983180e+00
   1.3041943e+00   5.9644392e+05   2.0308226e+02   0.0000000e+00   1.5000454e+00
   1.3044452e+00   5.8940659e+05   2.0036747e+02   0.0000000e+00   1.5004559e+00
   1.3046962e+00   6.0151133e+05   2.0318496e+02   0.0000000e+00   1.5019557e+00
   1.3049471e+00   6.1472859e+05   2.0873805e+02   0.0000000e+00   1.4973467e+00
   1.3051981e+00   6.1017959e+05   2.0774838e+02   0.0000000e+00   1.4892133e+00
   1.3054491e+00   6.1504886e+05   2.0730726e+02   0.0000000e+00   1.4897107e+00
   1.3057002e+00   6.0404009e+05   2.0570188e+02   0.0000000e+00   1.4869833e+00
   1.3059512e+00   6.0194291e+05   2.0575031e+02   0.0000000e+00   1.4875937e+00
   1.3062023e+00   6.0431338e+05   2.0459252e+02   0.0000000e+00   1.4823491e+00
   1.3064534e+00   6.0490223e+05   2.0510806e+02   0.0000000e+00   1.4812254e+00
   1.3067046e+00   6.1461106e+05   2.0694319e+02   0.0000000e+00   1.4779118e+00
   1.3069558e+00   6.1002514e+05   2.0464471e+02   0.0000000e+00   1.4725966e+00
   1.3072070e+00   6.1918485e+05   2.1014346e+02   0.0000000e+00   1.4678911e+00
   1.3074582e+00   6.2382573e+05   2.1245653e+02   0.0000000e+00   1.4640823e+00
   1.3077094e+00   6.2682965e+05   2.1329575e+02   0.0000000e+00   1.4609397e+00
   1.3079607e+00   7.7914720e+05   2.7673912e+02   0.0000000e+00   1.4077217e+00
   1.3082120e+00   5.8617865e+05   2.4641824e+02   0.0000000e+00   1.4539267e+00
   1.3084633e+00   5.8518626e+05   2.3819501e+02   0.0000000e+00   1.4660502e+00
   1.3087146e+00   5.3306484e+05   2.2961718e+02   0.0000000e+00   1.4684084e+00
   1.3089660e+00   4.6607673e+05   2.1917737e+02   0.0000000e+00   1.4674675e+00
   1.3092174e+00   4.4347934e+05   2.1111956e+02   0.0000000e+00   1.4680206e+00
   1.3094688e+00   4.2393261e+05   2.0589979e+02   0.0000000e+00   1.4653837e+00
   1.3097202e+00   4.0292358e+05   2.0389055e+02   0.0000000e+00   1.4552296e+00
   1.3099716e+00   3.8032073e+05   1.9713751e+02   0.0000000e+00   1.4475133e+00
   1.3102231e+00   3.6250152e+05   1.8915671e+02   0.0000000e+00   1.4367824e+00
   1.3104746e+00   3.4031232e+05   1.7967471e+02   0.0000000e+00   1.4332997e+00
   1.3107261e+00   3.2512149e+05   1.7113001e+02   0.0000000e+00   1.4312140e+00
   1.3109776e+00   3.0612461e+05   1.5665388e+02   0.0000000e+00   1.4261338e+00
   1.3112292e+00   3.0333201e+05   1.4342951e+02   0.0000000e+00   1.4297385e+00
   1.3114808e+00   2.8973178e+05   1.2519518e+02   0.0000000e+00   1.4475516e+00
   1.3117323e+00   2.8247056e+05   1.1556447e+02   0.0000000e+00   1.4482275e+00
   1.3119840e+00   2.8393711e+05   1.0583037e+02   0.0000000e+00   1.4537591e+00
   1.3122356e+00   2.9950026e+05   1.0778450e+02   0.0000000e+00   1.4671418e+00
   1.3124872e+00   3.0325704e+05   1.0802846e+02   0.0000000e+00   1.4659362e+00
   1.3127389e+00   3.0461827e+05   1.0800145e+02   0.0000000e+00   1.4636067e+00
   1.3129906e+00   2.9339794e+05   1.0474154e+02   0.0000000e+00   1.4619386e+00
   1.3132423e+00   2.8628360e+05   1.0375884e+02   0.0000000e+00   1.4614955e+00
   1.3134940e+00   2.8509573e+05   1.0284308e+02   0.0000000e+00   1.4575858e+00
   1.3137457e+00   2.9218725e+05   1.0389598e+02   0.0000000e+00   1.4517929e+00
   1.3139975e+00   2.8422733e+05   1.0169601e+02   0.0000000e+00   1.4400124e+00
   1.3142492e+00   2.8199554e+05   1.0231473e+02   0.0000000e+00   1.4420321e+00
   1.3145010e+00   2.8854895e+05   1.0628176e+02   0.0000000e+00   1.4442172e+00
   1.3147528e+00   2.8066629e+05   1.0103991e+02   0.0000000e+00   1.4332566e+00
   1.3150046e+00   2.9577241e+05   1.0575639e+02   0.0000000e+00   1.4269643e+00
   1.3152565e+00   3.0889971e+05   1.1097381e+02   0.0000000e+00   1.4185065e+00
   1.3155083e+00   3.1597661e+05   1.1249878e+02   0.0000000e+00   1.4252146e+00
   1.3157602e+00   2.9942205e+05   1.0838063e+02   0.0000000e+00   1.4247865e+00
   1.3160121e+00   2.9067933e+05   1.0355044e+02   0.0000000e+00   1.4191733e+00
   1.3162640e+00   2.8811721e+05   1.0297711e+02   0.0000000e+00   1.4129475e+00
   1.3165159e+00   2.8762533e+05   1.0272008e+02   0.0000000e+00   1.4070474e+00
   1.3167678e+00   2.8900038e+05   1.0352478e+02   0.0000000e+00   1.4060059e+00
   1.3170197e+00   2.9472303e+05   1.0460913e+02   0.0000000e+00   1.4095694e+00
   1.3172717e+00   2.8944760e+05   1.0406816e+02   0.0000000e+00   1.4084641e+00
   1.3175236e+00   2.8625061e+05   1.0220086e+02   0.0000000e+00   1.4006079e+00
   1.3177756e+00   2.8973713e+05   1.0397510e+02   0.0000000e+00   1.3913548e+00
   1.3180276e+00   2.9556968e+05   1.0544519e+02   0.0000000e+00   1.3918663e+00
   1.3182796e+00   2.8547057e+05   1.0142365e+02   0.0000000e+00   1.3956932e+00
   1.3185316e+00   2.8152198e+05   1.0292855e+02   0.0000000e+00   1.3950004e+00
   1.3187836e+00   2.8387194e+05   1.0147826e+02   0.0000000e+00   1.3899187e+00
   1.3190356e+00   2.8471351e+05   1.0239865e+02   0.0000000e+00   1.3826653e+00
   1.3192877e+00   2.8518524e+05   1.0084283e+02   0.0000000e+00   1.3837835e+00
   1.3195397e+00   2.8329219e+05   1.0183615e+02   0.0000000e+00   1.3912360e+00
   1.3197918e+00   2.8807980e+05   1.0321163e+02   0.0000000e+00   1.3922723e+00
   1.3200438e+00   2.8860345e+05   1.0298741e+02   0.0000000e+00   1.3867109e+00
   1.3202959e+00   2.9369413e+05   1.0383373e+02   0.0000000e+00   1.3796843e+00
   1.3205480e+00   2.9797920e+05   1.0618573e+02   0.0000000e+00   1.3823506e+00
   1.3208001e+00   2.9900204e+05   1.0692021e+02   0.0000000e+00   1.3906081e+00
   1.3210522e+00   2.9335366e+05   1.0464142e+02   0.0000000e+00   1.3946946e+00
   1.3213043e+00   2.8697631e+05   1.0280549e+02   0.0000000e+00   1.3883127e+00
   1.3215565e+00   2.9419524e+05   1.0410488e+02   0.0000000e+00   1.3791731e+00
   1.3218086e+00   2.8632104e+05   1.0243128e+02   0.0000000e+00   1.3809439e+00
   1.3220607e+00   2.8308647e+05   1.0283175e+02   0.0000000e+00   1.3885632e+00
   1.3223129e+00   2.8498327e+05   1.0246650e+02   0.0000000e+00   1.3981477e+00
   1.3225650e+00   2.8966826e+05   1.0385017e+02   0.0000000e+00   1.3895326e+00
   1.3228172e+00   2.9670548e+05   1.0476307e+02   0.0000000e+00   1.3779779e+00
   1.3230694e+00   3.0205996e+05   1.0766006e+02   0.0000000e+00   1.3813588e+00
   1.3233215e+00   3.0397584e+05   1.0810963e+02   0.0000000e+00   1.3909183e+00
   1.3235737e+00   2.8988763e+05   1.0299631e+02   0.0000000e+00   1.3962601e+00
   1.3238259e+00   2.8293062e+05   1.0077670e+02   0.0000000e+00   1.3925816e+00
   1.3240781e+00   2.8300466e+05   1.0196707e+02   0.0000000e+00   1.3802121e+00
   1.3243303e+00   2.7581802e+05   9.8346190e+01   0.0000000e+00   1.3781347e+00
   1.3245825e+00   2.7708488e+05   9.9722861e+01   0.0000000e+00   1.3816546e+00
   1.3248347e+00   2.7520062e+05   9.8799610e+01   0.0000000e+00   1.3865268e+00
   1.3250869e+00   2.8573005e+05   1.0403405e+02   0.0000000e+00   1.3820222e+00
   1.3253391e+00   2.7910968e+05   1.0042728e+02   0.0000000e+00   1.3656880e+00
   1.3255914e+00   2.7891601e+05   9.9721315e+01   0.0000000e+00   1.3544726e+00
   1.3258436e+00   2.7908813e+05   1.0047923e+02   0.0000000e+00   1.3533529e+00
   1.3260958e+00   2.8820194e+05   1.0231573e+02   0.0000000e+00   1.3545631e+00
   1.3263480e+00   2.8467090e+05   1.0299927e+02   0.0000000e+00   1.3414313e+00
   1.3266003e+00   2.9370276e+05   1.0531031e+02   0.0000000e+00   1.3185762e+00
   1.3268525e+00   2.9058964e+05   1.0449850e+02   0.0000000e+00   1.3032099e+00
   1.3271047e+00   2.8898163e+05   1.0357790e+02   0.0000000e+00   1.2949434e+00
   1.3273570e+00   2.9166179e+05   1.0483149e+02   0.0000000e+00   1.2876708e+00
   1.3276092e+00   2.9540743e+05   1.0493168e+02   0.0000000e+00   1.2715366e+00
   1.3278614e+00   2.9492920e+05   1.0578307e+02   0.0000000e+00   1.2400956e+00
   1.3281137e+00   2.9433861e+05   1.0527293e+02   0.0000000e+00   1.2122997e+00
   1.3283659e+00   2.9423418e+05   1.0469165e+02   0.0000000e+00   1.1978800e+00
   1.3286182e+00   2.9433861e+05   1.0393095e+02   0.0000000e+00   1.1833421e+00
   1.3288704e+00   2.9322275e+05   1.0331960e+02   0.0000000e+00   1.1602483e+00
   1.3291226e+00   2.9324816e+05   1.0511687e+02   0.0000000e+00   1.1227342e+00
   1.3293749e+00   2.9439989e+05   1.0416711e+02   0.0000000e+00   1.0867515e+00
   1.3296271e+00   2.9048979e+05   1.0357855e+02   0.0000000e+00   1.0632545e+00
   1.3298794e+00   2.9849661e+05   1.0560731e+02   0.0000000e+00   1.0423353e+00
   1.3301316e+00   2.9664932e+05   1.0503122e+02   0.0000000e+00   1.0131744e+00
   1.3303838e+00   2.9350951e+05   1.0354924e+02   0.0000000e+00   9.7358626e-01
   1.3306361e+00   2.9230014e+05   1.0339886e+02   0.0000000e+00   9.3612013e-01
   1.3308883e+00   2.9041594e+05   1.0248602e+02   0.0000000e+00   9.0288906e-01
   1.3311405e+00   3.0168609e+05   1.0626014e+02   0.0000000e+00   8.7988594e-01
   1.3313927e+00   2.9094536e+05   1.0340619e+02   0.0000000e+00   8.4952425e-01
   1.3316450e+00   2.9420922e+05   1.0611357e+02   0.0000000e+00   8.1329796e-01
   1.3318972e+00   2.9571013e+05   1.0577702e+02   0.0000000e+00   7.7571550e-01
   1.3321494e+00   2.9204204e+05   1.0478078e+02   0.0000000e+00   7.4263726e-01
   1.3324016e+00   2.8868800e+05   1.0336006e+02   0.0000000e+00   7.2022541e-01
   1.3326538e+00   2.9315567e+05   1.0494059e+02   0.0000000e+00   6.9371564e-01
   1.3329060e+00   2.9727338e+05   1.0606537e+02   0.0000000e+00   6.6081433e-01
   1.3331582e+00   2.9115934e+05   1.0386049e+02   0.0000000e+00   6.3151693e-01
   1.3334104e+00   2.9243105e+05   1.0444673e+02   0.0000000e+00   6.0170397e-01
   1.3336626e+00   2.9634592e+05   1.0481251e+02   0.0000000e+00   5.7975674e-01
   1.3339148e+00   2.9167052e+05   1.0355962e+02   0.0000000e+00   5.5992260e-01
   1.3341669e+00   2.9285505e+05   1.0438816e+02   0.0000000e+00   5.3556658e-01
   1.3344191e+00   2.9509788e+05   1.0827052e+02   0.0000000e+00   5.0973706e-01
   1.3346713e+00   2.9709864e+05   1.0829233e+02   0.0000000e+00   4.8469041e-01
   1.3349234e+00   2.9087881e+05   1.0625580e+02   0.0000000e+00   4.6639204e-01
   1.3351756e+00   3.0045611e+05   1.0746094e+02   0.0000000e+00   4.5150913e-01
   1.3354277e+00   2.9744067e+05   1.0604340e+02   0.0000000e+00   4.3331709e-01
   1.3356798e+00   2.8682002e+05   1.0174359e+02   0.0000000e+00   4.1386898e-01
   1.3359320e+00   2.9209988e+05   1.0472616e+02   0.0000000e+00   3.9679387e-01
   1.3361841e+00   2.9008118e+05   1.0376661e+02   0.0000000e+00   3.8223456e-01
   1.3364362e+00   2.8700120e+05   1.0289563e+02   0.0000000e+00   3.7149183e-01
   1.3366883e+00   2.8628984e+05   1.0230776e+02   0.0000000e+00   3.5864942e-01
   1.3369404e+00   2.9013116e+05   1.0332210e+02   0.0000000e+00   3.4191629e-01
   1.3371924e+00   2.8960914e+05   1.0237204e+02   0.0000000e+00   3.2925255e-01
   1.3374445e+00   2.8637172e+05   1.0206934e+02   0.0000000e+00   3.1896701e-01
   1.3376966e+00   2.8581907e+05   1.0235176e+02   0.0000000e+00   3.1031499e-01
   1.3379486e+00   2.9084337e+05   1.0458600e+02   0.0000000e+00   3.0197893e-01
   1.3382006e+00   2.9217269e+05   1.0411160e+02   0.0000000e+00   2.8962840e-01
   1.3384527e+00   2.8801953e+05   1.0397555e+02   0.0000000e+00   2.8174540e-01
   1.3387047e+00   2.9522382e+05   1.0712330e+02   0.0000000e+00   2.7373515e-01
   1.3389567e+00   2.9196351e+05   1.0357354e+02   0.0000000e+00   2.6531410e-01
   1.3392087e+00   2.9464806e+05   1.0381999e+02   0.0000000e+00   2.5907317e-01
   1.3394607e+00   2.9474592e+05   1.0546639e+02   0.0000000e+00   2.5314270e-01
   1.3397126e+00   2.9074167e+05   1.0353489e+02   0.0000000e+00   2.4465473e-01
   1.3399646e+00   2.8761463e+05   1.0355139e+02   0.0000000e+00   2.4034019e-01
   1.3402165e+00   2.8926663e+05   1.0279586e+02   0.0000000e+00   2.3414764e-01
   1.3404685e+00   2.9636849e+05   1.0480935e+02   0.0000000e+00   2.2881158e-01
   1.3407204e+00   2.9700048e+05   1.0448792e+02   0.0000000e+00   2.2314575e-01
   1.3409723e+00   2.9318575e+05   1.0491843e+02   0.0000000e+00   2.1943907e-01
   1.3412242e+00   2.9376613e+05   1.0452626e+02   0.0000000e+00   2.1349779e-01
   1.3414760e+00   2.9683531e+05   1.0492634e+02   0.0000000e+00   2.0973333e-01
   1.3417279e+00   2.8756346e+05   1.0288651e+02   0.0000000e+00   2.0683505e-01
   1.3419797e+00   2.9191168e+05   1.0402153e+02   0.0000000e+00   2.0180648e-01
   1.3422316e+00   2.9233079e+05   1.0433181e+02   0.0000000e+00   1.9948106e-01
   1.3424834e+00   2.9606269e+05   1.0479375e+02   0.0000000e+00   1.9576808e-01
   1.3427352e+00   2.9726714e+05   1.0482682e+02   0.0000000e+00   1.9231461e-01
   1.3429870e+00   2.9616879e+05   1.0501777e+02   0.0000000e+00   1.8965727e-01
   1.3432387e+00   2.9348531e+05   1.0394759e+02   0.0000000e+00   1.8741274e-01
   1.3434905e+00   2.8874241e+05   1.0383507e+02   0.0000000e+00   1.8609269e-01
   1.3437422e+00   2.9536374e+05   1.0577989e+02   0.0000000e+00   1.8284286e-01
   1.3439939e+00   2.9148206e+05   1.0378261e+02   0.0000000e+00   1.7967754e-01
   1.3442456e+00   2.9585968e+05   1.0428434e+02   0.0000000e+00   1.7741948e-01
   1.3444973e+00   2.9689894e+05   1.0588512e+02   0.0000000e+00   1.7714402e-01
   1.3447489e+00   2.9557592e+05   1.0491294e+02   0.0000000e+00   1.7406268e-01
   1.3450006e+00   2.9420601e+05   1.0509199e+02   0.0000000e+00   1.7354003e-01
   1.3452522e+00   2.9354068e+05   1.0472681e+02   0.0000000e+00   1.6940702e-01
   1.3455038e+00   3.0095276e+05   1.0708403e+02   0.0000000e+00   1.6894968e-01
   1.3457554e+00   2.9722201e+05   1.0602897e+02   0.0000000e+00   1.6827498e-01
   1.3460070e+00   2.8963827e+05   1.0341129e+02   0.0000000e+00   1.6461231e-01
   1.3462585e+00   2.9565396e+05   1.0583007e+02   0.0000000e+00   1.6313251e-01
   1.3465100e+00   2.9667223e+05   1.0505699e+02   0.0000000e+00   1.6158724e-01
   1.3467615e+00   2.9602875e+05   1.0490180e+02   0.0000000e+00   1.6054766e-01
   1.3470130e+00   2.9343470e+05   1.0499850e+02   0.0000000e+00   1.6004628e-01
   1.3472645e+00   2.9101830e+05   1.0375075e+02   0.0000000e+00   1.6161669e-01
   1.3475159e+00   2.9616619e+05   1.0450874e+02   0.0000000e+00   1.5887306e-01
   1.3477673e+00   2.9144610e+05   1.0472054e+02   0.0000000e+00   1.5845375e-01
   1.3480187e+00   2.9247359e+05   1.0462368e+02   0.0000000e+00   1.5759459e-01
   1.3482701e+00   2.9943360e+05   1.0763375e+02   0.0000000e+00   1.5935953e-01
   1.3485215e+00   3.0214733e+05   1.0777964e+02   0.0000000e+00   1.5409807e-01
   1.3487728e+00   2.9725607e+05   1.0545226e+02   0.0000000e+00   1.5375668e-01
   1.3490241e+00   2.9880830e+05   1.0606917e+02   0.0000000e+00   1.5232170e-01
   1.3492754e+00   2.9506039e+05   1.0539167e+02   0.0000000e+00   1.5366277e-01
   1.3495266e+00   2.9626864e+05   1.0434622e+02   0.0000000e+00   1.5215367e-01
   1.3497779e+00   2.9872764e+05   1.0684639e+02   0.0000000e+00   1.5125444e-01
   1.3500291e+00   2.9970099e+05   1.0588788e+02   0.0000000e+00   1.5037733e-01
   1.3502803e+00   2.9891428e+05   1.0591452e+02   0.0000000e+00   1.4986114e-01
   1.3505314e+00   3.0158897e+05   1.0698812e+02   0.0000000e+00   1.4812202e-01
   1.3507826e+00   2.9838422e+05   1.0595529e+02   0.0000000e+00   1.4850547e-01
   1.3510337e+00   2.9973220e+05   1.0874025e+02   0.0000000e+00   1.4875250e-01
   1.3512848e+00   2.9980572e+05   1.0623446e+02   0.0000000e+00   1.4658471e-01
   1.3515358e+00   3.0613086e+05   1.0802651e+02   0.0000000e+00   1.4580780e-01
   1.3517869e+00   3.0381358e+05   1.0711371e+02   0.0000000e+00   1.4532996e-01
   1.3520379e+00   3.0313708e+05   1.0724721e+02   0.0000000e+00   1.4561874e-01
   1.3522889e+00   3.0786765e+05   1.0826357e+02   0.0000000e+00   1.4421549e-01
   1.3525398e+00   3.1151655e+05   1.0943024e+02   0.0000000e+00   1.4412632e-01
   1.3527908e+00   3.1040064e+05   1.0965029e+02   0.0000000e+00   1.4388254e-01
   1.3530417e+00   3.0643698e+05   1.0955678e+02   0.0000000e+00   1.4333172e-01
   1.3532925e+00   3.0469931e+05   1.1111296e+02   0.0000000e+00   1.4952548e-01
   1.3535434e+00   3.0790121e+05   1.1079411e+02   0.0000000e+00   1.4526382e-01
   1.3537942e+00   3.1377963e+05   1.1122046e+02   0.0000000e+00   1.4230337e-01
   1.3540450e+00   3.1367319e+05   1.1102034e+02   0.0000000e+00   1.4106149e-01
   1.3542957e+00   3.1210341e+05   1.0952905e+02   0.0000000e+00   1.4096860e-01
   1.3545465e+00   3.1548360e+05   1.1141890e+02   0.0000000e+00   1.3963948e-01
   1.3547972e+00   3.1257270e+05   1.1037277e+02   0.0000000e+00   1.3893996e-01
   1.3550478e+00   3.1116384e+05   1.0992706e+02   0.0000000e+00   1.3847504e-01
   1.3552985e+00   3.1334665e+05   1.1429152e+02   0.0000000e+00   1.3892248e-01
   1.3555491e+00   3.0539127e+05   1.1088489e+02   0.0000000e+00   1.4121830e-01
   1.3557997e+00   3.1264127e+05   1.1047986e+02   0.0000000e+00   1.3752941e-01
   1.3560502e+00   3.1066582e+05   1.0843621e+02   0.0000000e+00   1.3708641e-01
   1.3563007e+00   3.1354900e+05   1.1009775e+02   0.0000000e+00   1.3855278e-01
   1.3565512e+00   3.0496114e+05   1.0748277e+02   0.0000000e+00   1.3644215e-01
   1.3568017e+00   3.0789656e+05   1.0891936e+02   0.0000000e+00   1.3696905e-01
   1.3570521e+00   3.1562072e+05   1.1070396e+02   0.0000000e+00   1.3565671e-01
   1.3573025e+00   3.0713664e+05   1.0839471e+02   0.0000000e+00   1.3605785e-01
   1.3575528e+00   3.1311305e+05   1.0950705e+02   0.0000000e+00   1.3588985e-01
   1.3578031e+00   3.1459854e+05   1.1079959e+02   0.0000000e+00   1.3500456e-01
   1.3580534e+00   3.1710617e+05   1.1275523e+02   0.0000000e+00   1.3547382e-01
   1.3583037e+00   3.1643147e+05   1.1218394e+02   0.0000000e+00   1.3404870e-01
   1.3585539e+00   3.1406325e+05   1.1114113e+02   0.0000000e+00   1.3605121e-01
   1.3588041e+00   3.1121003e+05   1.0935804e+02   0.0000000e+00   1.3430003e-01
   1.3590542e+00   3.1797840e+05   1.1188962e+02   0.0000000e+00   1.3491765e-01
   1.3593044e+00   3.1808846e+05   1.1326277e+02   0.0000000e+00   1.3688954e-01
   1.3595544e+00   3.1635729e+05   1.1235953e+02   0.0000000e+00   1.3348593e-01
   1.3598045e+00   3.1737348e+05   1.1320256e+02   0.0000000e+00   1.3645644e-01
   1.3600545e+00   3.1348659e+05   1.1232094e+02   0.0000000e+00   1.3537982e-01
   1.3603045e+00   3.1645788e+05   1.1138700e+02   0.0000000e+00   1.3267867e-01
   1.3605544e+00   3.1287192e+05   1.1020992e+02   0.0000000e+00   1.3370864e-01
   1.3608043e+00   3.1516599e+05   1.0968481e+02   0.0000000e+00   1.3185623e-01
   1.3610542e+00   3.1818217e+05   1.1210829e+02   0.0000000e+00   1.3259890e-01
   1.3613040e+00   3.1223222e+05   1.1052190e+02   0.0000000e+00   1.3403691e-01
   1.3615538e+00   3.1603278e+05   1.1051663e+02   0.0000000e+00   1.3191306e-01
   1.3618035e+00   3.1324320e+05   1.1149465e+02   0.0000000e+00   1.3331137e-01
   1.3620533e+00   3.1552674e+05   1.1278574e+02   0.0000000e+00   1.3395604e-01
   1.3623029e+00   3.1579567e+05   1.1076702e+02   0.0000000e+00   1.3131355e-01
   1.3625526e+00   3.0874370e+05   1.1055535e+02   0.0000000e+00   1.3280385e-01
   1.3628022e+00   3.1391921e+05   1.1179540e+02   0.0000000e+00   1.3061505e-01
   1.3630517e+00   3.1063396e+05   1.0907570e+02   0.0000000e+00   1.3087715e-01
   1.3633013e+00   3.1314960e+05   1.1063934e+02   0.0000000e+00   1.3355435e-01
   1.3635507e+00   3.1738076e+05   1.1146521e+02   0.0000000e+00   1.3075451e-01
   1.3638002e+00   3.1975844e+05   1.1284838e+02   0.0000000e+00   1.3215395e-01
   1.3640496e+00   3.1790266e+05   1.1178418e+02   0.0000000e+00   1.3042021e-01
   1.3642989e+00   3.1864449e+05   1.1304364e+02   0.0000000e+00   1.3145376e-01
   1.3645483e+00   3.1981715e+05   1.1328913e+02   0.0000000e+00   1.3111617e-01
   1.3647975e+00   3.2149326e+05   1.1360072e+02   0.0000000e+00   1.3135805e-01
   1.3650468e+00   3.2070437e+05   1.1252891e+02   0.0000000e+00   1.3086409e-01
   1.3652960e+00   3.2386734e+05   1.1266298e+02   0.0000000e+00   1.3150838e-01
   1.3655451e+00   3.2752181e+05   1.1408180e+02   0.0000000e+00   1.3170547e-01
   1.3657942e+00   3.1874423e+05   1.1290089e+02   0.0000000e+00   1.3340730e-01
   1.3660433e+00   3.2117507e+05   1.1302087e+02   0.0000000e+00   1.3123505e-01
   1.3662923e+00   3.2427991e+05   1.1347234e+02   0.0000000e+00   1.3192916e-01
   1.3665413e+00   3.1689764e+05   1.1113756e+02   0.0000000e+00   1.3348130e-01
   1.3667903e+00   3.1918430e+05   1.1225462e+02   0.0000000e+00   1.3164719e-01
   1.3670392e+00   3.2737828e+05   1.1461203e+02   0.0000000e+00   1.3180174e-01
   1.3672880e+00   3.1942313e+05   1.1225983e+02   0.0000000e+00   1.3401648e-01
   1.3675368e+00   3.2276835e+05   1.1465643e+02   0.0000000e+00   1.3495959e-01
   1.3677856e+00   3.2502798e+05   1.1481628e+02   0.0000000e+00   1.3346814e-01
   1.3680343e+00   3.2331132e+05   1.1431960e+02   0.0000000e+00   1.3373584e-01
   1.3682830e+00   3.2896711e+05   1.1561771e+02   0.0000000e+00   1.3489650e-01
   1.3685316e+00   3.2133109e+05   1.1465986e+02   0.0000000e+00   1.3634774e-01
   1.3687802e+00   3.2975243e+05   1.1832240e+02   0.0000000e+00   1.3787972e-01
   1.3690287e+00   3.3072704e+05   1.1563186e+02   0.0000000e+00   1.3487917e-01
   1.3692772e+00   3.2472949e+05   1.1442767e+02   0.0000000e+00   1.3724036e-01
   1.3695257e+00   3.3290739e+05   1.1745981e+02   0.0000000e+00   1.3785200e-01
   1.3697741e+00   3.2397088e+05   1.1334561e+02   0.0000000e+00   1.3691620e-01
   1.3700224e+00   3.2591651e+05   1.1486779e+02   0.0000000e+00   1.3893026e-01
   1.3702707e+00   3.2833817e+05   1.1890297e+02   0.0000000e+00   1.3940971e-01
   1.3705190e+00   3.2550608e+05   1.1395187e+02   0.0000000e+00   1.3928675e-01
   1.3707672e+00   3.2582436e+05   1.1482509e+02   0.0000000e+00   1.3992512e-01
   1.3710153e+00   3.3150959e+05   1.1606385e+02   0.0000000e+00   1.4039029e-01
   1.3712635e+00   3.2915893e+05   1.1551773e+02   0.0000000e+00   1.4147183e-01
   1.3715115e+00   3.2959000e+05   1.1568599e+02   0.0000000e+00   1.4290284e-01
   1.3717595e+00   3.3001457e+05   1.1573880e+02   0.0000000e+00   1.4375567e-01
   1.3720075e+00   3.3173563e+05   1.1611821e+02   0.0000000e+00   1.4327749e-01
   1.3722554e+00   3.2623112e+05   1.1537811e+02   0.0000000e+00   1.4623198e-01
   1.3725033e+00   3.3043620e+05   1.2850252e+02   0.0000000e+00   1.4528874e-01
   1.3727511e+00   3.3023326e+05   1.2156802e+02   0.0000000e+00   1.4658420e-01
   1.3729988e+00   3.2725971e+05   1.1487466e+02   0.0000000e+00   1.4835006e-01
   1.3732466e+00   3.2484457e+05   1.1337623e+02   0.0000000e+00   1.4880359e-01
   1.3734942e+00   3.3229437e+05   1.1660778e+02   0.0000000e+00   1.5003710e-01
   1.3737418e+00   3.3231538e+05   1.1583662e+02   0.0000000e+00   1.5121122e-01
   1.3739894e+00   3.2669805e+05   1.1532242e+02   0.0000000e+00   1.5254525e-01
   1.3742369e+00   3.2441706e+05   1.1345180e+02   0.0000000e+00   1.5376985e-01
   1.3744843e+00   3.2664188e+05   1.1723540e+02   0.0000000e+00   1.5903707e-01
   1.3747317e+00   3.3431788e+05   1.1776206e+02   0.0000000e+00   1.5716095e-01
   1.3749791e+00   3.2301933e+05   1.1382899e+02   0.0000000e+00   1.5949779e-01
   1.3752264e+00   3.3232491e+05   1.1598923e+02   0.0000000e+00   1.6023609e-01
   1.3754736e+00   3.3611804e+05   1.1726109e+02   0.0000000e+00   1.6196462e-01
   1.3757208e+00   3.3667635e+05   1.1839015e+02   0.0000000e+00   1.6457610e-01
   1.3759679e+00   3.3107898e+05   1.1591485e+02   0.0000000e+00   1.6459753e-01
   1.3762150e+00   3.3645842e+05   1.1877356e+02   0.0000000e+00   1.6820228e-01
   1.3764620e+00   3.3509569e+05   1.1721631e+02   0.0000000e+00   1.6891122e-01
   1.3767090e+00   3.3821205e+05   1.1941301e+02   0.0000000e+00   1.7054036e-01
   1.3769559e+00   3.3760794e+05   1.1883399e+02   0.0000000e+00   1.7112210e-01
   1.3772028e+00   3.3248937e+05   1.1661588e+02   0.0000000e+00   1.7432229e-01
   1.3774496e+00   3.3206297e+05   1.1595890e+02   0.0000000e+00   1.7700285e-01
   1.3776963e+00   3.4009048e+05   1.1856097e+02   0.0000000e+00   1.7923457e-01
   1.3779430e+00   3.3925424e+05   1.1841821e+02   0.0000000e+00   1.8126366e-01
   1.3781897e+00   3.3949301e+05   1.1792593e+02   0.0000000e+00   1.8347405e-01
   1.3784362e+00   3.3510420e+05   1.1820238e+02   0.0000000e+00   1.8803084e-01
   1.3786828e+00   3.4464651e+05   1.1951018e+02   0.0000000e+00   1.8844394e-01
   1.3789292e+00   3.4302359e+05   1.1971737e+02   0.0000000e+00   1.9240361e-01
   1.3791756e+00   3.4557214e+05   1.2015225e+02   0.0000000e+00   1.9591984e-01
   1.3794220e+00   3.4537631e+05   1.2149117e+02   0.0000000e+00   1.9907226e-01
   1.3796683e+00   3.4472182e+05   1.2017634e+02   0.0000000e+00   2.0382604e-01
   1.3799145e+00   3.4368510e+05   1.1985120e+02   0.0000000e+00   2.0670575e-01
   1.3801607e+00   3.4363332e+05   1.1996217e+02   0.0000000e+00   2.0957182e-01
   1.3804068e+00   3.4984503e+05   1.2182410e+02   0.0000000e+00   2.1168546e-01
   1.3806528e+00   3.4938281e+05   1.2321693e+02   0.0000000e+00   2.1805264e-01
   1.3808988e+00   3.4708625e+05   1.2044730e+02   0.0000000e+00   2.2155981e-01
   1.3811448e+00   3.5140993e+05   1.2223439e+02   0.0000000e+00   2.2701678e-01
   1.3813906e+00   3.5368510e+05   1.2572912e+02   0.0000000e+00   2.3406641e-01
   1.3816364e+00   3.4197165e+05   1.2067166e+02   0.0000000e+00   2.3666470e-01
   1.3818822e+00   3.5051299e+05   1.2282302e+02   0.0000000e+00   2.4198637e-01
   1.3821279e+00   3.5576700e+05   1.2444610e+02   0.0000000e+00   2.4792121e-01
   1.3823735e+00   3.5576031e+05   1.2287954e+02   0.0000000e+00   2.5020287e-01
   1.3826191e+00   3.5472481e+05   1.2320327e+02   0.0000000e+00   2.5748667e-01
   1.3828646e+00   3.5683944e+05   1.2480783e+02   0.0000000e+00   2.6575251e-01
   1.3831100e+00   3.6324497e+05   1.2529313e+02   0.0000000e+00   2.7268773e-01
   1.3833554e+00   3.5730220e+05   1.2468765e+02   0.0000000e+00   2.8125451e-01
   1.3836007e+00   3.5482217e+05   1.2309704e+02   0.0000000e+00   2.8569241e-01
   1.3838460e+00   3.5483591e+05   1.2388963e+02   0.0000000e+00   2.9572745e-01
   1.3840912e+00   3.5073079e+05   1.2255647e+02   0.0000000e+00   3.0581379e-01
   1.3843363e+00   3.5883116e+05   1.2403945e+02   0.0000000e+00   3.1336295e-01
   1.3845813e+00   3.5857869e+05   1.2555882e+02   0.0000000e+00   3.2313332e-01
   1.3848263e+00   3.6019162e+05   1.2402552e+02   0.0000000e+00   3.3164518e-01
   1.3850713e+00   3.6410711e+05   1.2620392e+02   0.0000000e+00   3.4356152e-01
   1.3853161e+00   3.5995256e+05   1.2539661e+02   0.0000000e+00   3.5483226e-01
   1.3855610e+00   3.6040721e+05   1.2594687e+02   0.0000000e+00   3.6581595e-01
   1.3858057e+00   3.6504684e+05   1.2724321e+02   0.0000000e+00   3.7708493e-01
   1.3860504e+00   3.5347938e+05   1.2258287e+02   0.0000000e+00   3.9050359e-01
   1.3862950e+00   3.5866266e+05   1.2528779e+02   0.0000000e+00   4.0464932e-01
   1.3865395e+00   3.6248733e+05   1.2600058e+02   0.0000000e+00   4.1789938e-01
   1.3867840e+00   3.6085937e+05   1.2618486e+02   0.0000000e+00   4.3149329e-01
   1.3870284e+00   3.6949865e+05   1.2822317e+02   0.0000000e+00   4.4712457e-01
   1.3872727e+00   3.7033578e+05   1.2921569e+02   0.0000000e+00   4.6531564e-01
   1.3875170e+00   3.6516542e+05   1.2722896e+02   0.0000000e+00   4.8090385e-01
   1.3877612e+00   3.6232034e+05   1.2579487e+02   0.0000000e+00   4.9571316e-01
   1.3880053e+00   3.5854129e+05   1.2387222e+02   0.0000000e+00   5.1312687e-01
   1.3882494e+00   3.6919064e+05   1.2726673e+02   0.0000000e+00   5.3371966e-01
   1.3884934e+00   3.6580196e+05   1.2647031e+02   0.0000000e+00   5.5365980e-01
   1.3887373e+00   3.6655084e+05   1.2755660e+02   0.0000000e+00   5.7046792e-01
   1.3889812e+00   3.7227877e+05   1.2966869e+02   0.0000000e+00   5.8957060e-01
   1.3892250e+00   3.6987087e+05   1.2945640e+02   0.0000000e+00   6.1349427e-01
   1.3894687e+00   3.7667451e+05   1.3077391e+02   0.0000000e+00   6.3598772e-01
   1.3897123e+00   3.7801392e+05   1.3024634e+02   0.0000000e+00   6.5673425e-01
   1.3899559e+00   3.7374691e+05   1.3030848e+02   0.0000000e+00   6.7360465e-01
   1.3901994e+00   3.7522978e+05   1.3140726e+02   0.0000000e+00   6.9512095e-01
   1.3904429e+00   3.8004292e+05   1.3159036e+02   0.0000000e+00   7.2081341e-01
   1.3906862e+00   3.7212651e+05   1.3133539e+02   0.0000000e+00   7.4373559e-01
   1.3909295e+00   3.7830823e+05   1.3178924e+02   0.0000000e+00   7.6158206e-01
   1.3911728e+00   3.8317430e+05   1.3269903e+02   0.0000000e+00   7.8104526e-01
   1.3914159e+00   3.8712803e+05   1.3262142e+02   0.0000000e+00   8.0371735e-01
   1.3916590e+00   3.8467993e+05   1.3342094e+02   0.0000000e+00   8.2818360e-01
   1.3919020e+00   3.8172810e+05   1.3383238e+02   0.0000000e+00   8.4744091e-01
   1.3921449e+00   3.8701139e+05   1.4608908e+02   0.0000000e+00   8.6398782e-01
   1.3923878e+00   3.8642297e+05   1.3363346e+02   0.0000000e+00   8.8111798e-01
   1.3926306e+00   3.8432345e+05   1.3224438e+02   0.0000000e+00   9.0352622e-01
   1.3928733e+00   3.8584949e+05   1.3319290e+02   0.0000000e+00   9.1971984e-01
   1.3931159e+00   3.8262051e+05   1.3319079e+02   0.0000000e+00   9.3097089e-01
   1.3933585e+00   3.8772283e+05   1.3686583e+02   0.0000000e+00   9.4275679e-01
   1.3936010e+00   3.8463005e+05   1.3714022e+02   0.0000000e+00   9.6090930e-01
   1.3938434e+00   3.8449876e+05   1.3332586e+02   0.0000000e+00   9.7596175e-01
   1.3940857e+00   3.9159952e+05   1.3648363e+02   0.0000000e+00   9.8369003e-01
   1.3943280e+00   3.9017170e+05   1.3637576e+02   0.0000000e+00   9.9147140e-01
   1.3945702e+00   3.9576788e+05   1.3612488e+02   0.0000000e+00   1.0028498e+00
   1.3948123e+00   3.9521937e+05   1.3737001e+02   0.0000000e+00   1.0149568e+00
   1.3950543e+00   3.9793701e+05   1.3676637e+02   0.0000000e+00   1.0207584e+00
   1.3952963e+00   3.9556986e+05   1.3673987e+02   0.0000000e+00   1.0220146e+00
   1.3955382e+00   3.9476331e+05   1.3642513e+02   0.0000000e+00   1.0251683e+00
   1.3957800e+00   3.9834934e+05   1.3749097e+02   0.0000000e+00   1.0322541e+00
   1.3960217e+00   3.9483490e+05   1.3750260e+02   0.0000000e+00   1.0367264e+00
   1.3962634e+00   3.9853676e+05   1.3712495e+02   0.0000000e+00   1.0387823e+00
   1.3965049e+00   4.0489041e+05   1.3966570e+02   0.0000000e+00   1.0336061e+00
   1.3967464e+00   3.9944889e+05   1.3689556e+02   0.0000000e+00   1.0353229e+00
   1.3969879e+00   3.9411942e+05   1.3804305e+02   0.0000000e+00   1.0374009e+00
   1.3972292e+00   3.9631250e+05   1.3827948e+02   0.0000000e+00   1.0403682e+00
   1.3974704e+00   3.9821590e+05   1.3730580e+02   0.0000000e+00   1.0347472e+00
   1.3977116e+00   3.9716342e+05   1.3848756e+02   0.0000000e+00   1.0299142e+00
   1.3979527e+00   4.0150344e+05   1.3880821e+02   0.0000000e+00   1.0330547e+00
   1.3981937e+00   3.9813886e+05   1.3806975e+02   0.0000000e+00   1.0348036e+00
   1.3984347e+00   4.0108125e+05   1.3874925e+02   0.0000000e+00   1.0270667e+00
   1.3986755e+00   4.0046722e+05   1.3859017e+02   0.0000000e+00   1.0227325e+00
   1.3989163e+00   4.0151012e+05   1.3907157e+02   0.0000000e+00   1.0178745e+00
   1.3991570e+00   4.0144132e+05   1.3762068e+02   0.0000000e+00   1.0211700e+00
   1.3993976e+00   3.9965369e+05   1.3827653e+02   0.0000000e+00   1.0179825e+00
   1.3996381e+00   4.0161081e+05   1.3990321e+02   0.0000000e+00   1.0120179e+00
   1.3998786e+00   4.0285270e+05   1.3929320e+02   0.0000000e+00   1.0048367e+00
   1.4001190e+00   4.0003396e+05   1.3914068e+02   0.0000000e+00   1.0073578e+00
   1.4003592e+00   4.0361406e+05   1.3957504e+02   0.0000000e+00   1.0015345e+00
   1.4005994e+00   4.0301618e+05   1.4011845e+02   0.0000000e+00   9.9791907e-01
   1.4008396e+00   3.9621882e+05   1.3670843e+02   0.0000000e+00   9.9224648e-01
   1.4010796e+00   4.0411091e+05   1.4043679e+02   0.0000000e+00   9.8815879e-01
   1.4013195e+00   4.0554470e+05   1.4003575e+02   0.0000000e+00   9.9063699e-01
   1.4015594e+00   4.0965501e+05   1.4070092e+02   0.0000000e+00   9.8865821e-01
   1.4017992e+00   4.0553160e+05   1.3951914e+02   0.0000000e+00   9.7965481e-01
   1.4020389e+00   4.0813962e+05   1.4100731e+02   0.0000000e+00   9.7551171e-01
   1.4022785e+00   4.1592267e+05   1.4353819e+02   0.0000000e+00   9.7699528e-01
   1.4025180e+00   4.1076869e+05   1.4124226e+02   0.0000000e+00   9.7675999e-01
   1.4027574e+00   4.1070011e+05   1.4051398e+02   0.0000000e+00   9.7197214e-01
   1.4029968e+00   4.0598551e+05   1.4024056e+02   0.0000000e+00   9.6756592e-01
   1.4032361e+00   4.0850673e+05   1.3979945e+02   0.0000000e+00   9.6549565e-01
   1.4034753e+00   4.0845592e+05   1.4213703e+02   0.0000000e+00   9.6685009e-01
   1.4037143e+00   4.1137337e+05   1.4198831e+02   0.0000000e+00   9.6563018e-01
   1.4039534e+00   4.1527366e+05   1.4195438e+02   0.0000000e+00   9.6096759e-01
   1.4041923e+00   4.0984463e+05   1.4160092e+02   0.0000000e+00   9.5719095e-01
   1.4044311e+00   4.1763519e+05   1.4300906e+02   0.0000000e+00   9.6038052e-01
   1.4046699e+00   4.1414204e+05   1.4173432e+02   0.0000000e+00   9.6205236e-01
   1.4049085e+00   4.1610160e+05   1.4294172e+02   0.0000000e+00   9.5994037e-01
   1.4051471e+00   4.1847164e+05   1.4399336e+02   0.0000000e+00   9.5613602e-01
   1.4053856e+00   4.2084637e+05   1.4414042e+02   0.0000000e+00   9.5378029e-01
   1.4056239e+00   4.2504426e+05   1.4843180e+02   0.0000000e+00   9.5479667e-01
   1.4058622e+00   4.2547440e+05   1.4716450e+02   0.0000000e+00   9.5574960e-01
   1.4061005e+00   4.2543076e+05   1.4610052e+02   0.0000000e+00   9.5106539e-01
   1.4063386e+00   4.1842861e+05   1.4384567e+02   0.0000000e+00   9.5035343e-01
   1.4065766e+00   4.1433236e+05   1.4320002e+02   0.0000000e+00   9.5429384e-01
   1.4068146e+00   4.2003222e+05   1.4420401e+02   0.0000000e+00   9.5679016e-01
   1.4070524e+00   4.1885285e+05   1.4473710e+02   0.0000000e+00   9.5062192e-01
   1.4072902e+00   4.2024662e+05   1.4793412e+02   0.0000000e+00   9.4607925e-01
   1.4075278e+00   4.2502627e+05   1.4642301e+02   0.0000000e+00   9.4875588e-01
   1.4077654e+00   4.2398979e+05   1.4728702e+02   0.0000000e+00   9.5334305e-01
   1.4080029e+00   4.2556791e+05   1.4717590e+02   0.0000000e+00   9.5353864e-01
   1.4082403e+00   4.2480731e+05   1.4760810e+02   0.0000000e+00   9.4993127e-01
   1.4084776e+00   4.2984269e+05   1.4899378e+02   0.0000000e+00   9.4893132e-01
   1.4087148e+00   4.3167203e+05   1.4925750e+02   0.0000000e+00   9.5123217e-01
   1.4089519e+00   4.3280158e+05   1.4771216e+02   0.0000000e+00   9.5367520e-01
   1.4091889e+00   4.3008690e+05   1.4888916e+02   0.0000000e+00   9.4924036e-01
   1.4094258e+00   4.2854770e+05   1.4671533e+02   0.0000000e+00   9.4621274e-01
   1.4096627e+00   4.2940667e+05   1.4724286e+02   0.0000000e+00   9.4958256e-01
   1.4098994e+00   4.3450105e+05   1.5016844e+02   0.0000000e+00   9.5542663e-01
   1.4101361e+00   4.2886562e+05   1.4767638e+02   0.0000000e+00   9.5386159e-01
   1.4103726e+00   4.3804373e+05   1.5074138e+02   0.0000000e+00   9.4987471e-01
   1.4106091e+00   4.3920449e+05   1.5052052e+02   0.0000000e+00   9.4760717e-01
   1.4108454e+00   4.4259941e+05   1.5189621e+02   0.0000000e+00   9.5192652e-01
   1.4110817e+00   4.4448305e+05   1.5248051e+02   0.0000000e+00   9.5266314e-01
   1.4113179e+00   4.4592985e+05   1.5273046e+02   0.0000000e+00   9.4989247e-01
   1.4115539e+00   4.4874645e+05   1.5471906e+02   0.0000000e+00   9.4864268e-01
   1.4117899e+00   4.4923946e+05   1.5407937e+02   0.0000000e+00   9.5117973e-01
   1.4120258e+00   4.4477739e+05   1.5217783e+02   0.0000000e+00   9.5474982e-01
   1.4122616e+00   4.4339679e+05   1.5360774e+02   0.0000000e+00   9.5323146e-01
   1.4124972e+00   4.5019060e+05   1.5521147e+02   0.0000000e+00   9.4907629e-01
   1.4127328e+00   4.4979897e+05   1.5358056e+02   0.0000000e+00   9.4761741e-01
   1.4129683e+00   4.5338929e+05   1.5463008e+02   0.0000000e+00   9.5079043e-01
   1.4132037e+00   4.5372666e+05   1.5539065e+02   0.0000000e+00   9.5326407e-01
   1.4134390e+00   4.5977043e+05   1.5812234e+02   0.0000000e+00   9.5000906e-01
   1.4136742e+00   4.6315193e+05   1.5803404e+02   0.0000000e+00   9.4733619e-01
   1.4139093e+00   4.5675320e+05   1.5663072e+02   0.0000000e+00   9.4770829e-01
   1.4141443e+00   4.5861367e+05   1.5673679e+02   0.0000000e+00   9.5052264e-01
   1.4143792e+00   4.6238851e+05   1.5865622e+02   0.0000000e+00   9.4927534e-01
   1.4146140e+00   4.6729610e+05   1.6053711e+02   0.0000000e+00   9.4568528e-01
   1.4148487e+00   4.7014564e+05   1.6199608e+02   0.0000000e+00   9.4503931e-01
   1.4150833e+00   4.6193294e+05   1.5707206e+02   0.0000000e+00   9.4559393e-01
   1.4153178e+00   4.7369657e+05   1.6181442e+02   0.0000000e+00   9.4727820e-01
   1.4155521e+00   4.6864164e+05   1.5918808e+02   0.0000000e+00   9.4442405e-01
   1.4157864e+00   4.7111918e+05   1.6069623e+02   0.0000000e+00   9.3994086e-01
   1.4160206e+00   4.7856427e+05   1.6448483e+02   0.0000000e+00   9.3720894e-01
   1.4162547e+00   4.7796673e+05   1.6193410e+02   0.0000000e+00   9.4208251e-01
   1.4164887e+00   4.8282724e+05   1.6520060e+02   0.0000000e+00   9.4521170e-01
   1.4167226e+00   4.8061745e+05   1.6477576e+02   0.0000000e+00   9.3706645e-01
   1.4169564e+00   4.8073892e+05   1.6286641e+02   0.0000000e+00   9.3498681e-01
   1.4171900e+00   4.8096068e+05   1.6585011e+02   0.0000000e+00   9.3884845e-01
   1.4174236e+00   4.8257701e+05   1.6487108e+02   0.0000000e+00   9.3886942e-01
   1.4176571e+00   4.8933082e+05   1.6785956e+02   0.0000000e+00   9.3460916e-01
   1.4178904e+00   4.9374778e+05   1.6816436e+02   0.0000000e+00   9.3231032e-01
   1.4181237e+00   4.8755030e+05   1.6609951e+02   0.0000000e+00   9.3185425e-01
   1.4183569e+00   4.9347319e+05   1.6751909e+02   0.0000000e+00   9.3229350e-01
   1.4185899e+00   4.9668394e+05   1.6959353e+02   0.0000000e+00   9.3138673e-01
   1.4188229e+00   4.9818969e+05   1.6852943e+02   0.0000000e+00   9.2811539e-01
   1.4190557e+00   5.0063367e+05   1.7061872e+02   0.0000000e+00   9.2484521e-01
   1.4192884e+00   4.9544006e+05   1.7142777e+02   0.0000000e+00   9.2848085e-01
   1.4195211e+00   5.0561125e+05   1.7210526e+02   0.0000000e+00   9.2948750e-01
   1.4197536e+00   5.0508704e+05   1.7214983e+02   0.0000000e+00   9.2402794e-01
   1.4199860e+00   5.0362497e+05   1.7334039e+02   0.0000000e+00   9.2091906e-01
   1.4202183e+00   5.0225352e+05   1.7187816e+02   0.0000000e+00   9.1907744e-01
   1.4204505e+00   5.0589761e+05   1.7276644e+02   0.0000000e+00   9.2015834e-01
   1.4206826e+00   5.0810438e+05   1.7363348e+02   0.0000000e+00   9.2050726e-01
   1.4209146e+00   5.0621978e+05   1.7160672e+02   0.0000000e+00   9.1449638e-01
   1.4211465e+00   5.1830021e+05   1.7603650e+02   0.0000000e+00   9.1405721e-01
   1.4213782e+00   5.1429200e+05   1.7635966e+02   0.0000000e+00   9.1757481e-01
   1.4216099e+00   5.1562750e+05   1.7594171e+02   0.0000000e+00   9.1764687e-01
   1.4218415e+00   5.1916953e+05   1.7655165e+02   0.0000000e+00   9.1304182e-01
   1.4220729e+00   5.1410193e+05   1.7492069e+02   0.0000000e+00   9.0808250e-01
   1.4223042e+00   5.1521561e+05   1.7666649e+02   0.0000000e+00   9.0906708e-01
   1.4225355e+00   5.1635141e+05   1.7568262e+02   0.0000000e+00   9.1247883e-01
   1.4227666e+00   5.1837338e+05   1.7742754e+02   0.0000000e+00   9.1300458e-01
   1.4229976e+00   5.2300960e+05   1.7919498e+02   0.0000000e+00   9.0860010e-01
   1.4232285e+00   5.2230517e+05   1.7752315e+02   0.0000000e+00   9.0380591e-01
   1.4234593e+00   5.2885838e+05   1.8108220e+02   0.0000000e+00   9.0624361e-01
   1.4236899e+00   5.3631268e+05   1.8172395e+02   0.0000000e+00   9.1075802e-01
   1.4239205e+00   5.4176958e+05   1.8306916e+02   0.0000000e+00   9.0771037e-01
   1.4241510e+00   5.4536412e+05   1.8525492e+02   0.0000000e+00   9.0295446e-01
   1.4243813e+00   5.4137459e+05   1.8330651e+02   0.0000000e+00   9.0007135e-01
   1.4246115e+00   5.3596359e+05   1.8186954e+02   0.0000000e+00   9.0228203e-01
   1.4248416e+00   5.4267472e+05   1.8549017e+02   0.0000000e+00   9.0443602e-01
   1.4250716e+00   5.3822635e+05   1.8326383e+02   0.0000000e+00   8.9695292e-01
   1.4253015e+00   5.4106262e+05   1.8512424e+02   0.0000000e+00   8.9347459e-01
   1.4255313e+00   5.4178603e+05   1.8286163e+02   0.0000000e+00   8.9711989e-01
   1.4257609e+00   5.4365038e+05   1.8442892e+02   0.0000000e+00   8.9850771e-01
   1.4259905e+00   5.4837234e+05   1.8511727e+02   0.0000000e+00   8.9798910e-01
   1.4262199e+00   5.5018822e+05   1.8795038e+02   0.0000000e+00   8.9231484e-01
   1.4264492e+00   5.5194101e+05   1.8877099e+02   0.0000000e+00   8.9303098e-01
   1.4266784e+00   5.5032020e+05   1.8832762e+02   0.0000000e+00   8.9188614e-01
   1.4269075e+00   5.5707166e+05   1.8814695e+02   0.0000000e+00   8.9451986e-01
   1.4271365e+00   5.5651667e+05   1.9124536e+02   0.0000000e+00   8.9151135e-01
   1.4273654e+00   5.5476027e+05   1.8729075e+02   0.0000000e+00   8.8799823e-01
   1.4275941e+00   5.6434201e+05   1.9004463e+02   0.0000000e+00   8.8599064e-01
   1.4278227e+00   5.6450850e+05   1.9151493e+02   0.0000000e+00   8.9129062e-01
   1.4280512e+00   5.6590842e+05   1.9092575e+02   0.0000000e+00   8.8822713e-01
   1.4282796e+00   5.7534822e+05   1.9724216e+02   0.0000000e+00   8.8273643e-01
   1.4285079e+00   5.7380320e+05   1.9390240e+02   0.0000000e+00   8.8115936e-01
   1.4287360e+00   5.7151252e+05   1.9345926e+02   0.0000000e+00   8.8111989e-01
   1.4289641e+00   5.8146012e+05   1.9841536e+02   0.0000000e+00   8.8085163e-01
   1.4291920e+00   5.8342207e+05   1.9726221e+02   0.0000000e+00   8.7710896e-01
   1.4294198e+00   5.8297996e+05   1.9692352e+02   0.0000000e+00   8.7315790e-01
   1.4296475e+00   5.9195129e+05   1.9976579e+02   0.0000000e+00   8.7656279e-01
   1.4298750e+00   5.9366059e+05   2.0209537e+02   0.0000000e+00   8.7858919e-01
   1.4301025e+00   5.9032921e+05   1.9944745e+02   0.0000000e+00   8.7780475e-01
   1.4303298e+00   5.9103916e+05   1.9950658e+02   0.0000000e+00   8.7341492e-01
   1.4305570e+00   5.9620053e+05   2.0175797e+02   0.0000000e+00   8.6974945e-01
   1.4307841e+00   5.9161366e+05   2.0112584e+02   0.0000000e+00   8.7430319e-01
   1.4310111e+00   5.9351940e+05   2.0171418e+02   0.0000000e+00   8.7359527e-01
   1.4312379e+00   6.0825711e+05   2.0401140e+02   0.0000000e+00   8.6973692e-01
   1.4314646e+00   6.0430407e+05   2.0318011e+02   0.0000000e+00   8.6634708e-01
   1.4316912e+00   6.1101487e+05   2.0795752e+02   0.0000000e+00   8.6934311e-01
   1.4319177e+00   6.0876411e+05   2.0825999e+02   0.0000000e+00   8.7241822e-01
   1.4321441e+00   6.1387932e+05   2.1128476e+02   0.0000000e+00   8.7575789e-01
   1.4323703e+00   6.3807530e+05   2.1558319e+02   0.0000000e+00   8.7741467e-01
   1.4325964e+00   6.4967237e+05   2.2263401e+02   0.0000000e+00   8.8180981e-01
   1.4328224e+00   6.5556729e+05   2.2151743e+02   0.0000000e+00   8.9772024e-01
   1.4330483e+00   6.5338862e+05   2.2208980e+02   0.0000000e+00   9.2610769e-01
   1.4332740e+00   6.5454867e+05   2.5529130e+02   0.0000000e+00   9.5672367e-01
