   1.1890102e+00   0.0000000e+00   0.0000000e+00   0.0000000e+00   0.0000000e+00
   1.1892121e+00   0.0000000e+00   0.0000000e+00   0.0000000e+00   0.0000000e+00
   1.1894142e+00   0.0000000e+00   0.0000000e+00   0.0000000e+00   0.0000000e+00
   1.1896164e+00   0.0000000e+00   0.0000000e+00   0.0000000e+00   0.0000000e+00
   1.1898188e+00   0.0000000e+00   0.0000000e+00   0.0000000e+00   0.0000000e+00
   1.1900213e+00   0.0000000e+00   0.0000000e+00   0.0000000e+00   0.0000000e+00
   1.1902240e+00   0.0000000e+00   0.0000000e+00   0.0000000e+00   0.0000000e+00
   1.1904269e+00   0.0000000e+00   0.0000000e+00   0.0000000e+00   0.0000000e+00
   1.1906300e+00   0.0000000e+00   0.0000000e+00   0.0000000e+00   0.0000000e+00
   1.1908332e+00   0.0000000e+00   0.0000000e+00   0.0000000e+00   0.0000000e+00
   1.1910366e+00   0.0000000e+00   0.0000000e+00   0.0000000e+00   0.0000000e+00
   1.1912401e+00   0.0000000e+00   0.0000000e+00   0.0000000e+00   0.0000000e+00
   1.1914439e+00   0.0000000e+00   0.0000000e+00   0.0000000e+00   0.0000000e+00
   1.1916478e+00   0.0000000e+00   0.0000000e+00   0.0000000e+00   0.0000000e+00
   1.1918518e+00   0.0000000e+00   0.0000000e+00   0.0000000e+00   0.0000000e+00
   1.1920560e+00   0.0000000e+00   0.0000000e+00   0.0000000e+00   0.0000000e+00
   1.1922604e+00   0.0000000e+00   0.0000000e+00   0.0000000e+00   0.0000000e+00
   1.1924650e+00   0.0000000e+00   0.0000000e+00   0.0000000e+00   0.0000000e+00
   1.1926697e+00   0.0000000e+00   0.0000000e+00   0.0000000e+00   0.0000000e+00
   1.1928746e+00   0.0000000e+00   0.0000000e+00   0.0000000e+00   0.0000000e+00
   1.1930796e+00   0.0000000e+00   0.0000000e+00   0.0000000e+00   0.0000000e+00
   1.1932849e+00   0.0000000e+00   0.0000000e+00   0.0000000e+00   0.0000000e+00
   1.1934902e+00   0.0000000e+00   0.0000000e+00   0.0000000e+00   0.0000000e+00
   1.1936958e+00   0.0000000e+00   0.0000000e+00   0.0000000e+00   0.0000000e+00
   1.1939015e+00   2.1528623e+05   9.2242936e+01   0.0000000e+00   9.9220441e-01
   1.1941074e+00   2.1403335e+05   9.3057682e+01   0.0000000e+00   9.9639612e-01
   1.1943134e+00   2.1239654e+05   9.3635394e+01   0.0000000e+00   9.9556799e-01
   1.1945196e+00   2.1526877e+05   9.1680891e+01   0.0000000e+00   9.9683335e-01
   1.1947260e+00   2.1479025e+05   9.0997114e+01   0.0000000e+00   9.9584044e-01
   1.1949325e+00   2.1351062e+05   9.0418052e+01   0.0000000e+00   1.0003816e+00
   1.1951392e+00   2.1872679e+05   8.9981796e+01   0.0000000e+00   1.0025057e+00
   1.1953460e+00   2.1843272e+05   9.4501095e+01   0.0000000e+00   1.0045661e+00
   1.1955530e+00   2.1624929e+05   8.9950684e+01   0.0000000e+00   1.0043275e+00
   1.1957602e+00   2.1674422e+05   9.4298805e+01   0.0000000e+00   1.0073654e+00
   1.1959675e+00   2.1502880e+05   9.0816990e+01   0.0000000e+00   1.0059800e+00
   1.1961750e+00   2.1942702e+05   9.2125517e+01   0.0000000e+00   1.0084572e+00
   1.1963826e+00   2.1801275e+05   9.1874453e+01   0.0000000e+00   1.0123591e+00
   1.1965905e+00   2.1379223e+05   8.8734562e+01   0.0000000e+00   1.0117752e+00
   1.1967984e+00   2.1861493e+05   9.0949060e+01   0.0000000e+00   1.0158969e+00
   1.1970065e+00   2.1768281e+05   9.1865781e+01   0.0000000e+00   1.0157659e+00
   1.1972148e+00   2.1809966e+05   9.2374897e+01   0.0000000e+00   1.0140588e+00
   1.1974233e+00   2.1916697e+05   9.1545933e+01   0.0000000e+00   1.0175513e+00
   1.1976319e+00   2.1893291e+05   9.0911008e+01   0.0000000e+00   1.0182136e+00
   1.1978406e+00   2.1506517e+05   9.0763072e+01   0.0000000e+00   1.0208594e+00
   1.1980496e+00   2.1969695e+05   9.6871104e+01   0.0000000e+00   1.0204571e+00
   1.1982586e+00   2.1583832e+05   9.6001945e+01   0.0000000e+00   1.0244653e+00
   1.1984679e+00   2.1825247e+05   8.9844770e+01   0.0000000e+00   1.0242405e+00
   1.1986773e+00   2.1649309e+05   8.9713817e+01   0.0000000e+00   1.0271396e+00
   1.1988868e+00   2.2286706e+05   9.0472226e+01   0.0000000e+00   1.0273366e+00
   1.1990965e+00   2.2573793e+05   9.7647897e+01   0.0000000e+00   1.0298380e+00
   1.1993064e+00   2.2490747e+05   9.7081238e+01   0.0000000e+00   1.0280985e+00
   1.1995164e+00   2.2175489e+05   9.2974958e+01   0.0000000e+00   1.0340316e+00
   1.1997266e+00   2.2034409e+05   9.5867323e+01   0.0000000e+00   1.0336153e+00
   1.1999369e+00   2.2303805e+05   8.9133067e+01   0.0000000e+00   1.0382348e+00
   1.2001474e+00   2.2374120e+05   8.2959894e+01   0.0000000e+00   1.0370718e+00
   1.2003580e+00   2.2469758e+05   8.9632253e+01   0.0000000e+00   1.0355658e+00
   1.2005688e+00   2.2093615e+05   8.7607181e+01   0.0000000e+00   1.0404298e+00
   1.2007797e+00   2.2518983e+05   8.6294587e+01   0.0000000e+00   1.0440566e+00
   1.2009908e+00   2.2531666e+05   8.5892786e+01   0.0000000e+00   1.0462545e+00
   1.2012021e+00   2.2487398e+05   8.4151684e+01   0.0000000e+00   1.0472052e+00
   1.2014135e+00   2.2135519e+05   8.2522931e+01   0.0000000e+00   1.0466735e+00
   1.2016251e+00   2.2715971e+05   9.4771007e+01   0.0000000e+00   1.0468326e+00
   1.2018368e+00   2.2361529e+05   8.2120322e+01   0.0000000e+00   1.0493369e+00
   1.2020486e+00   2.2539814e+05   8.5609055e+01   0.0000000e+00   1.0526246e+00
   1.2022607e+00   2.2653089e+05   8.5661293e+01   0.0000000e+00   1.0525902e+00
   1.2024728e+00   2.2807569e+05   8.4408386e+01   0.0000000e+00   1.0511444e+00
   1.2026851e+00   2.2925341e+05   8.3007921e+01   0.0000000e+00   1.0520886e+00
   1.2028976e+00   2.3268046e+05   8.7724261e+01   0.0000000e+00   1.0530748e+00
   1.2031102e+00   2.3560905e+05   8.5823312e+01   0.0000000e+00   1.0549486e+00
   1.2033230e+00   2.3829116e+05   8.5792520e+01   0.0000000e+00   1.0545903e+00
   1.2035359e+00   2.3521118e+05   8.3252022e+01   0.0000000e+00   1.0565756e+00
   1.2037490e+00   2.2743609e+05   8.2930182e+01   0.0000000e+00   1.0560461e+00
   1.2039622e+00   2.2669261e+05   7.9764519e+01   0.0000000e+00   1.0617801e+00
   1.2041756e+00   2.3078255e+05   7.9988332e+01   0.0000000e+00   1.0600064e+00
   1.2043891e+00   2.2631078e+05   8.1915745e+01   0.0000000e+00   1.0609669e+00
   1.2046028e+00   2.2944373e+05   8.1839078e+01   0.0000000e+00   1.0596951e+00
   1.2048166e+00   2.2790945e+05   8.2576004e+01   0.0000000e+00   1.0620581e+00
   1.2050306e+00   2.3065032e+05   8.0097925e+01   0.0000000e+00   1.0619300e+00
   1.2052447e+00   2.2958591e+05   8.0117644e+01   0.0000000e+00   1.0658729e+00
   1.2054590e+00   2.3199873e+05   7.9877205e+01   0.0000000e+00   1.0668080e+00
   1.2056734e+00   2.3093500e+05   8.2200214e+01   0.0000000e+00   1.0658669e+00
   1.2058879e+00   2.3117640e+05   8.0316121e+01   0.0000000e+00   1.0685214e+00
   1.2061026e+00   2.2855495e+05   8.0782011e+01   0.0000000e+00   1.0675765e+00
   1.2063175e+00   2.3061982e+05   8.0185370e+01   0.0000000e+00   1.0692647e+00
   1.2065325e+00   2.3284749e+05   8.1084538e+01   0.0000000e+00   1.0686306e+00
   1.2067476e+00   2.3178813e+05   7.9700358e+01   0.0000000e+00   1.0705426e+00
   1.2069629e+00   2.3274963e+05   8.1334008e+01   0.0000000e+00   1.0713534e+00
   1.2071784e+00   2.2949979e+05   7.8648827e+01   0.0000000e+00   1.0724900e+00
   1.2073939e+00   2.3029094e+05   7.9213108e+01   0.0000000e+00   1.0742397e+00
   1.2076097e+00   2.3184006e+05   8.1856569e+01   0.0000000e+00   1.0718207e+00
   1.2078255e+00   2.2969173e+05   7.9705245e+01   0.0000000e+00   1.0753391e+00
   1.2080415e+00   2.3081267e+05   7.9894137e+01   0.0000000e+00   1.0748593e+00
   1.2082577e+00   2.3198870e+05   7.9369373e+01   0.0000000e+00   1.0780867e+00
   1.2084740e+00   2.3336404e+05   8.0871612e+01   0.0000000e+00   1.0765633e+00
   1.2086905e+00   2.3284708e+05   8.0449978e+01   0.0000000e+00   1.0808201e+00
   1.2089070e+00   2.3133596e+05   8.0682734e+01   0.0000000e+00   1.0762336e+00
   1.2091238e+00   2.3538600e+05   8.1523296e+01   0.0000000e+00   1.0821185e+00
   1.2093407e+00   2.3449185e+05   8.4221988e+01   0.0000000e+00   1.0777959e+00
   1.2095577e+00   2.3224444e+05   7.9841176e+01   0.0000000e+00   1.0821265e+00
   1.2097748e+00   2.3595663e+05   8.2028103e+01   0.0000000e+00   1.0784026e+00
   1.2099921e+00   2.3799798e+05   8.2606773e+01   0.0000000e+00   1.0827984e+00
   1.2102096e+00   2.3338258e+05   8.1445870e+01   0.0000000e+00   1.0832757e+00
   1.2104272e+00   2.3603492e+05   8.1920001e+01   0.0000000e+00   1.0830678e+00
   1.2106449e+00   2.3683425e+05   8.0979395e+01   0.0000000e+00   1.0825067e+00
   1.2108627e+00   2.3598755e+05   8.2160930e+01   0.0000000e+00   1.0825354e+00
   1.2110808e+00   2.3547671e+05   8.0516161e+01   0.0000000e+00   1.0899053e+00
   1.2112989e+00   2.3935039e+05   8.2241709e+01   0.0000000e+00   1.0891521e+00
   1.2115172e+00   2.3871552e+05   8.1779029e+01   0.0000000e+00   1.0868656e+00
   1.2117356e+00   2.4355692e+05   8.3008481e+01   0.0000000e+00   1.0890412e+00
   1.2119542e+00   2.5644567e+05   8.8235172e+01   0.0000000e+00   1.0875452e+00
   1.2121729e+00   2.5972254e+05   9.1034748e+01   0.0000000e+00   1.0888453e+00
   1.2123917e+00   2.5656187e+05   8.8380350e+01   0.0000000e+00   1.0915140e+00
   1.2126107e+00   2.4868555e+05   8.6815181e+01   0.0000000e+00   1.0880250e+00
   1.2128298e+00   2.3812125e+05   8.1344261e+01   0.0000000e+00   1.0921941e+00
   1.2130491e+00   2.3852871e+05   8.1376106e+01   0.0000000e+00   1.0928307e+00
   1.2132685e+00   2.4368082e+05   8.2843451e+01   0.0000000e+00   1.0953444e+00
   1.2134880e+00   2.4572181e+05   8.7855498e+01   0.0000000e+00   1.0917258e+00
   1.2137077e+00   2.4355973e+05   8.3190414e+01   0.0000000e+00   1.0990787e+00
   1.2139275e+00   2.4120003e+05   8.2375898e+01   0.0000000e+00   1.0944495e+00
   1.2141474e+00   2.3631237e+05   8.1115691e+01   0.0000000e+00   1.0965117e+00
   1.2143675e+00   2.3352080e+05   7.9474237e+01   0.0000000e+00   1.0980222e+00
   1.2145877e+00   2.3374565e+05   8.0261278e+01   0.0000000e+00   1.0989072e+00
   1.2148080e+00   2.3249412e+05   8.0183428e+01   0.0000000e+00   1.0976702e+00
   1.2150285e+00   2.3725704e+05   8.4089489e+01   0.0000000e+00   1.1004061e+00
   1.2152491e+00   2.3826777e+05   8.1761813e+01   0.0000000e+00   1.1009809e+00
   1.2154699e+00   2.3874528e+05   8.2321341e+01   0.0000000e+00   1.1030262e+00
   1.2156908e+00   2.3568519e+05   8.0277053e+01   0.0000000e+00   1.1040468e+00
   1.2159118e+00   2.3659597e+05   8.1180829e+01   0.0000000e+00   1.1050977e+00
   1.2161330e+00   2.3724431e+05   8.1421287e+01   0.0000000e+00   1.1040688e+00
   1.2163542e+00   2.3577651e+05   8.0994708e+01   0.0000000e+00   1.1029739e+00
   1.2165757e+00   2.3629931e+05   8.1336685e+01   0.0000000e+00   1.1036044e+00
   1.2167972e+00   2.3559387e+05   8.1234554e+01   0.0000000e+00   1.1062100e+00
   1.2170189e+00   2.3721080e+05   8.1868242e+01   0.0000000e+00   1.1057688e+00
   1.2172407e+00   2.3593345e+05   8.1164234e+01   0.0000000e+00   1.1057563e+00
   1.2174627e+00   2.3559075e+05   8.0926663e+01   0.0000000e+00   1.1078046e+00
   1.2176848e+00   2.3855185e+05   8.4493517e+01   0.0000000e+00   1.1080126e+00
   1.2179070e+00   2.3707554e+05   8.1911142e+01   0.0000000e+00   1.1105088e+00
   1.2181293e+00   2.3585070e+05   8.1096355e+01   0.0000000e+00   1.1134530e+00
   1.2183518e+00   2.3493068e+05   8.0275752e+01   0.0000000e+00   1.1081068e+00
   1.2185744e+00   2.3754335e+05   8.1260764e+01   0.0000000e+00   1.1077730e+00
   1.2187971e+00   2.3581628e+05   8.1775552e+01   0.0000000e+00   1.1096066e+00
   1.2190200e+00   2.3585656e+05   8.1248597e+01   0.0000000e+00   1.1092897e+00
   1.2192430e+00   2.3825982e+05   8.2043218e+01   0.0000000e+00   1.1108681e+00
   1.2194661e+00   2.3937429e+05   8.2162871e+01   0.0000000e+00   1.1147215e+00
   1.2196894e+00   2.4014051e+05   8.1815866e+01   0.0000000e+00   1.1117794e+00
   1.2199128e+00   2.3750147e+05   8.1207282e+01   0.0000000e+00   1.1126425e+00
   1.2201363e+00   2.3168072e+05   7.9404004e+01   0.0000000e+00   1.1140653e+00
   1.2203599e+00   2.3585656e+05   8.0581645e+01   0.0000000e+00   1.1145198e+00
   1.2205837e+00   2.3801451e+05   8.1424597e+01   0.0000000e+00   1.1163523e+00
   1.2208076e+00   2.3617749e+05   8.1362584e+01   0.0000000e+00   1.1175924e+00
   1.2210316e+00   2.3369510e+05   8.1088740e+01   0.0000000e+00   1.1168677e+00
   1.2212558e+00   2.3612973e+05   8.0686251e+01   0.0000000e+00   1.1206617e+00
   1.2214800e+00   2.3501647e+05   8.0831328e+01   0.0000000e+00   1.1219072e+00
   1.2217044e+00   2.3486329e+05   8.0666112e+01   0.0000000e+00   1.1189341e+00
   1.2219290e+00   2.3531775e+05   8.0192759e+01   0.0000000e+00   1.1196533e+00
   1.2221536e+00   2.3612178e+05   8.1726319e+01   0.0000000e+00   1.1189277e+00
   1.2223784e+00   2.4017717e+05   8.2458879e+01   0.0000000e+00   1.1221354e+00
   1.2226033e+00   2.4924396e+05   8.5002785e+01   0.0000000e+00   1.1243970e+00
   1.2228284e+00   2.5255964e+05   8.7191746e+01   0.0000000e+00   1.1240899e+00
   1.2230535e+00   2.4959718e+05   8.6617809e+01   0.0000000e+00   1.1226045e+00
   1.2232788e+00   2.3919734e+05   8.2592758e+01   0.0000000e+00   1.1228147e+00
   1.2235042e+00   2.3648295e+05   8.1212622e+01   0.0000000e+00   1.1246505e+00
   1.2237297e+00   2.3458489e+05   8.0737156e+01   0.0000000e+00   1.1251850e+00
   1.2239554e+00   2.3441643e+05   8.0620683e+01   0.0000000e+00   1.1252425e+00
   1.2241812e+00   2.3488975e+05   8.1418912e+01   0.0000000e+00   1.1265449e+00
   1.2244071e+00   2.3655092e+05   8.2473389e+01   0.0000000e+00   1.1231605e+00
   1.2246331e+00   2.3769119e+05   8.1720151e+01   0.0000000e+00   1.1255449e+00
   1.2248592e+00   2.3669222e+05   8.1453351e+01   0.0000000e+00   1.1300439e+00
   1.2250855e+00   2.3772277e+05   8.2223006e+01   0.0000000e+00   1.1308402e+00
   1.2253119e+00   2.3880617e+05   8.2738410e+01   0.0000000e+00   1.1282399e+00
   1.2255384e+00   2.4175578e+05   8.2797726e+01   0.0000000e+00   1.1266857e+00
   1.2257650e+00   2.4249566e+05   8.4000834e+01   0.0000000e+00   1.1246857e+00
   1.2259918e+00   2.4294783e+05   8.3520180e+01   0.0000000e+00   1.1296264e+00
   1.2262187e+00   2.3624301e+05   8.0840091e+01   0.0000000e+00   1.1312328e+00
   1.2264457e+00   2.3790774e+05   8.2199399e+01   0.0000000e+00   1.1302415e+00
   1.2266728e+00   2.4075496e+05   8.2999916e+01   0.0000000e+00   1.1274347e+00
   1.2269000e+00   2.3931320e+05   8.1894299e+01   0.0000000e+00   1.1286390e+00
   1.2271274e+00   2.3649346e+05   8.0694571e+01   0.0000000e+00   1.1352620e+00
   1.2273549e+00   2.3875520e+05   8.2307742e+01   0.0000000e+00   1.1331658e+00
   1.2275824e+00   2.3795298e+05   8.2256528e+01   0.0000000e+00   1.1292042e+00
   1.2278102e+00   2.4102355e+05   8.1716627e+01   0.0000000e+00   1.1294310e+00
   1.2280380e+00   2.4232720e+05   8.3456402e+01   0.0000000e+00   1.1340662e+00
   1.2282659e+00   2.5296217e+05   8.6493492e+01   0.0000000e+00   1.1349043e+00
   1.2284940e+00   2.5691010e+05   8.7723128e+01   0.0000000e+00   1.1362263e+00
   1.2287222e+00   2.5789397e+05   8.8418632e+01   0.0000000e+00   1.1372681e+00
   1.2289505e+00   2.5277652e+05   8.6184950e+01   0.0000000e+00   1.1352239e+00
   1.2291789e+00   2.4373361e+05   8.3987823e+01   0.0000000e+00   1.1335105e+00
   1.2294075e+00   2.4424006e+05   8.3683335e+01   0.0000000e+00   1.1351207e+00
   1.2296361e+00   2.4374420e+05   8.3021392e+01   0.0000000e+00   1.1357710e+00
   1.2298649e+00   2.4328839e+05   8.4761894e+01   0.0000000e+00   1.1344435e+00
   1.2300938e+00   2.4072264e+05   8.2608470e+01   0.0000000e+00   1.1343202e+00
   1.2303228e+00   2.4284825e+05   8.2805221e+01   0.0000000e+00   1.1352875e+00
   1.2305519e+00   2.4316948e+05   8.3869231e+01   0.0000000e+00   1.1392155e+00
   1.2307811e+00   2.4044076e+05   8.2538209e+01   0.0000000e+00   1.1400800e+00
   1.2310105e+00   2.4083669e+05   8.2469362e+01   0.0000000e+00   1.1409342e+00
   1.2312399e+00   2.4350969e+05   8.3126116e+01   0.0000000e+00   1.1359216e+00
   1.2314695e+00   2.4204414e+05   8.2859335e+01   0.0000000e+00   1.1362585e+00
   1.2316992e+00   2.4039565e+05   8.3233048e+01   0.0000000e+00   1.1390836e+00
   1.2319290e+00   2.4424751e+05   8.3972773e+01   0.0000000e+00   1.1435749e+00
   1.2321589e+00   2.4583536e+05   8.4217963e+01   0.0000000e+00   1.1437595e+00
   1.2323889e+00   2.4881688e+05   8.5489183e+01   0.0000000e+00   1.1430333e+00
   1.2326191e+00   2.4865582e+05   8.6074498e+01   0.0000000e+00   1.1420337e+00
   1.2328493e+00   2.4641966e+05   8.5748586e+01   0.0000000e+00   1.1413421e+00
   1.2330797e+00   2.4065917e+05   8.3033341e+01   0.0000000e+00   1.1466227e+00
   1.2333102e+00   2.4150962e+05   8.2536746e+01   0.0000000e+00   1.1485702e+00
   1.2335408e+00   2.4599027e+05   8.4564718e+01   0.0000000e+00   1.1484063e+00
   1.2337715e+00   2.4209708e+05   8.3790196e+01   0.0000000e+00   1.1431369e+00
   1.2340023e+00   2.4103677e+05   8.3732851e+01   0.0000000e+00   1.1466222e+00
   1.2342332e+00   2.4321927e+05   8.3961039e+01   0.0000000e+00   1.1500838e+00
   1.2344642e+00   2.4342051e+05   8.3237990e+01   0.0000000e+00   1.1557820e+00
   1.2346954e+00   2.4988608e+05   8.5487065e+01   0.0000000e+00   1.1555239e+00
   1.2349266e+00   2.5478853e+05   8.7048211e+01   0.0000000e+00   1.1516653e+00
   1.2351580e+00   2.6160910e+05   8.9177071e+01   0.0000000e+00   1.1557292e+00
   1.2353895e+00   2.5342010e+05   8.6913474e+01   0.0000000e+00   1.1628883e+00
   1.2356211e+00   2.4703032e+05   8.4013552e+01   0.0000000e+00   1.1624250e+00
   1.2358527e+00   2.4749426e+05   8.5022286e+01   0.0000000e+00   1.1602248e+00
   1.2360845e+00   2.4263159e+05   8.2899759e+01   0.0000000e+00   1.1599564e+00
   1.2363165e+00   2.4120417e+05   8.2346041e+01   0.0000000e+00   1.1594023e+00
   1.2365485e+00   2.4536846e+05   8.5252428e+01   0.0000000e+00   1.1668135e+00
   1.2367806e+00   2.4468729e+05   8.3840829e+01   0.0000000e+00   1.1725824e+00
   1.2370128e+00   2.4582808e+05   8.4719761e+01   0.0000000e+00   1.1698337e+00
   1.2372452e+00   2.4489952e+05   8.4947217e+01   0.0000000e+00   1.1694121e+00
   1.2374776e+00   2.4670888e+05   8.3655728e+01   0.0000000e+00   1.1725729e+00
   1.2377102e+00   2.4486202e+05   8.4161082e+01   0.0000000e+00   1.1756890e+00
   1.2379428e+00   2.4311991e+05   8.3565302e+01   0.0000000e+00   1.1802411e+00
   1.2381756e+00   2.4782050e+05   8.4443900e+01   0.0000000e+00   1.1818283e+00
   1.2384084e+00   2.4601669e+05   8.5549287e+01   0.0000000e+00   1.1794197e+00
   1.2386414e+00   2.4625439e+05   8.5096116e+01   0.0000000e+00   1.1786703e+00
   1.2388745e+00   2.4729042e+05   8.5168592e+01   0.0000000e+00   1.1823209e+00
   1.2391077e+00   2.4893988e+05   8.6005658e+01   0.0000000e+00   1.1862520e+00
   1.2393410e+00   2.4854021e+05   8.6738316e+01   0.0000000e+00   1.1923220e+00
   1.2395744e+00   2.5079949e+05   8.5589027e+01   0.0000000e+00   1.1905195e+00
   1.2398079e+00   2.5271855e+05   8.6609287e+01   0.0000000e+00   1.1906167e+00
   1.2400415e+00   2.5354287e+05   8.6500216e+01   0.0000000e+00   1.1934701e+00
   1.2402752e+00   2.5325808e+05   8.7428247e+01   0.0000000e+00   1.1984623e+00
   1.2405090e+00   2.5144189e+05   8.5703784e+01   0.0000000e+00   1.2025465e+00
   1.2407429e+00   2.5113970e+05   8.6076537e+01   0.0000000e+00   1.2012078e+00
   1.2409769e+00   2.5268475e+05   8.8526085e+01   0.0000000e+00   1.1991963e+00
   1.2412110e+00   2.5582525e+05   8.7075588e+01   0.0000000e+00   1.2082163e+00
   1.2414452e+00   2.5553032e+05   8.8546425e+01   0.0000000e+00   1.2158718e+00
   1.2416795e+00   2.5363657e+05   8.7474351e+01   0.0000000e+00   1.2192022e+00
   1.2419139e+00   2.5627922e+05   8.7356966e+01   0.0000000e+00   1.2178871e+00
   1.2421485e+00   2.6013847e+05   8.9308020e+01   0.0000000e+00   1.2162888e+00
   1.2423831e+00   2.6142876e+05   8.8366635e+01   0.0000000e+00   1.2214372e+00
   1.2426178e+00   2.5801270e+05   8.8009396e+01   0.0000000e+00   1.2301937e+00
   1.2428526e+00   2.5578434e+05   8.6839712e+01   0.0000000e+00   1.2365984e+00
   1.2430875e+00   2.5561531e+05   8.7347273e+01   0.0000000e+00   1.2371627e+00
   1.2433226e+00   2.5427758e+05   8.6935326e+01   0.0000000e+00   1.2337003e+00
   1.2435577e+00   2.5740226e+05   8.8931071e+01   0.0000000e+00   1.2350529e+00
   1.2437929e+00   2.5415537e+05   8.7184547e+01   0.0000000e+00   1.2430867e+00
   1.2440282e+00   2.5391755e+05   8.6820700e+01   0.0000000e+00   1.2493074e+00
   1.2442636e+00   2.5734714e+05   8.8012811e+01   0.0000000e+00   1.2526171e+00
   1.2444991e+00   2.5401139e+05   8.6977099e+01   0.0000000e+00   1.2486041e+00
   1.2447348e+00   2.5552283e+05   8.7130548e+01   0.0000000e+00   1.2518143e+00
   1.2449705e+00   2.5542686e+05   8.6808751e+01   0.0000000e+00   1.2607385e+00
   1.2452063e+00   2.5608945e+05   8.7231153e+01   0.0000000e+00   1.2677665e+00
   1.2454422e+00   2.5378213e+05   8.6491250e+01   0.0000000e+00   1.2699325e+00
   1.2456782e+00   2.5666415e+05   8.7378239e+01   0.0000000e+00   1.2705963e+00
   1.2459143e+00   2.5806566e+05   8.8251054e+01   0.0000000e+00   1.2735949e+00
   1.2461505e+00   2.5558559e+05   8.7327721e+01   0.0000000e+00   1.2793180e+00
   1.2463868e+00   2.5509031e+05   8.7107735e+01   0.0000000e+00   1.2851570e+00
   1.2466231e+00   2.5393881e+05   8.6784456e+01   0.0000000e+00   1.2881793e+00
   1.2468596e+00   2.5421700e+05   8.7017688e+01   0.0000000e+00   1.2864105e+00
   1.2470962e+00   2.5522221e+05   8.7720682e+01   0.0000000e+00   1.2854920e+00
   1.2473329e+00   2.5428419e+05   8.6941429e+01   0.0000000e+00   1.2927669e+00
   1.2475696e+00   2.5720619e+05   8.7968480e+01   0.0000000e+00   1.3024690e+00
   1.2478065e+00   2.5783445e+05   8.8704489e+01   0.0000000e+00   1.3036296e+00
   1.2480434e+00   2.6005651e+05   8.9039677e+01   0.0000000e+00   1.3065671e+00
   1.2482805e+00   2.6263851e+05   8.9427381e+01   0.0000000e+00   1.3047992e+00
   1.2485176e+00   2.5975891e+05   8.8253023e+01   0.0000000e+00   1.3076252e+00
   1.2487548e+00   2.5566442e+05   8.7099932e+01   0.0000000e+00   1.3177815e+00
   1.2489922e+00   2.5787459e+05   8.7754713e+01   0.0000000e+00   1.3244762e+00
   1.2492296e+00   2.5699268e+05   8.8252454e+01   0.0000000e+00   1.3262422e+00
   1.2494671e+00   2.5622532e+05   8.7583554e+01   0.0000000e+00   1.3258638e+00
   1.2497047e+00   2.6019290e+05   8.9830043e+01   0.0000000e+00   1.3281126e+00
   1.2499424e+00   2.6174289e+05   8.8677071e+01   0.0000000e+00   1.3384930e+00
   1.2501802e+00   2.6079388e+05   8.9251447e+01   0.0000000e+00   1.3405282e+00
   1.2504180e+00   2.6246043e+05   8.9335816e+01   0.0000000e+00   1.3380486e+00
   1.2506560e+00   2.5675156e+05   8.7689444e+01   0.0000000e+00   1.3358939e+00
   1.2508941e+00   2.5685882e+05   8.9469589e+01   0.0000000e+00   1.3431653e+00
   1.2511322e+00   2.5490401e+05   8.7408767e+01   0.0000000e+00   1.3496473e+00
   1.2513704e+00   2.5847613e+05   8.8246569e+01   0.0000000e+00   1.3559200e+00
   1.2516088e+00   2.5677136e+05   8.7593763e+01   0.0000000e+00   1.3544782e+00
   1.2518472e+00   2.5422692e+05   8.6974867e+01   0.0000000e+00   1.3514573e+00
   1.2520857e+00   2.5772203e+05   8.7491009e+01   0.0000000e+00   1.3510043e+00
   1.2523243e+00   2.5657650e+05   8.7974398e+01   0.0000000e+00   1.3634715e+00
   1.2525630e+00   2.5507652e+05   8.7468517e+01   0.0000000e+00   1.3698578e+00
   1.2528017e+00   2.5915710e+05   8.8171449e+01   0.0000000e+00   1.3681999e+00
   1.2530406e+00   2.5698795e+05   8.8518036e+01   0.0000000e+00   1.3673313e+00
   1.2532795e+00   2.5670704e+05   8.8585908e+01   0.0000000e+00   1.3711113e+00
   1.2535185e+00   2.5822463e+05   8.8290278e+01   0.0000000e+00   1.3765539e+00
   1.2537577e+00   2.6036072e+05   8.9344372e+01   0.0000000e+00   1.3802379e+00
   1.2539969e+00   2.5964025e+05   8.9501712e+01   0.0000000e+00   1.3814280e+00
   1.2542362e+00   2.5918356e+05   8.8806190e+01   0.0000000e+00   1.3823188e+00
   1.2544755e+00   2.6198026e+05   9.0499419e+01   0.0000000e+00   1.3849189e+00
   1.2547150e+00   2.6087375e+05   9.0066958e+01   0.0000000e+00   1.3944990e+00
   1.2549545e+00   2.5961859e+05   8.9966973e+01   0.0000000e+00   1.3974470e+00
   1.2551942e+00   2.6214542e+05   8.9514972e+01   0.0000000e+00   1.3974351e+00
   1.2554339e+00   2.6324863e+05   9.0457163e+01   0.0000000e+00   1.3944263e+00
   1.2556737e+00   2.6066308e+05   8.9658766e+01   0.0000000e+00   1.3952614e+00
   1.2559136e+00   2.6110496e+05   8.9014469e+01   0.0000000e+00   1.4071301e+00
   1.2561536e+00   2.6189048e+05   8.9266216e+01   0.0000000e+00   1.4114050e+00
   1.2563936e+00   2.6310522e+05   8.9487337e+01   0.0000000e+00   1.4103111e+00
   1.2566337e+00   2.6368900e+05   8.9820081e+01   0.0000000e+00   1.4074019e+00
   1.2568740e+00   2.6347324e+05   9.0135140e+01   0.0000000e+00   1.4085866e+00
   1.2571143e+00   2.6632706e+05   9.1920251e+01   0.0000000e+00   1.4149008e+00
   1.2573547e+00   2.6499661e+05   9.1767937e+01   0.0000000e+00   1.4205981e+00
   1.2575951e+00   2.6512145e+05   9.2045564e+01   0.0000000e+00   1.4197588e+00
   1.2578357e+00   2.6771071e+05   9.1964087e+01   0.0000000e+00   1.4153876e+00
   1.2580763e+00   2.6432877e+05   8.9708652e+01   0.0000000e+00   1.4167128e+00
   1.2583170e+00   2.6898612e+05   9.2132216e+01   0.0000000e+00   1.4184670e+00
   1.2585578e+00   2.7013250e+05   9.2192623e+01   0.0000000e+00   1.4252729e+00
   1.2587987e+00   2.6961358e+05   9.2185052e+01   0.0000000e+00   1.4215765e+00
   1.2590397e+00   2.7347483e+05   9.3646657e+01   0.0000000e+00   1.4208502e+00
   1.2592807e+00   2.7348143e+05   9.2885946e+01   0.0000000e+00   1.4257187e+00
   1.2595218e+00   2.7295023e+05   9.2796733e+01   0.0000000e+00   1.4325817e+00
   1.2597630e+00   2.7175867e+05   9.2385202e+01   0.0000000e+00   1.4334654e+00
   1.2600043e+00   2.7255684e+05   9.2640073e+01   0.0000000e+00   1.4356807e+00
   1.2602456e+00   2.7414748e+05   9.4027881e+01   0.0000000e+00   1.4379888e+00
   1.2604871e+00   2.7129721e+05   9.2085385e+01   0.0000000e+00   1.4353375e+00
   1.2607286e+00   2.7320666e+05   9.2477820e+01   0.0000000e+00   1.4394671e+00
   1.2609702e+00   2.7517772e+05   9.4345360e+01   0.0000000e+00   1.4446139e+00
   1.2612119e+00   2.7527828e+05   9.3931182e+01   0.0000000e+00   1.4466494e+00
   1.2614536e+00   2.7582989e+05   9.4147689e+01   0.0000000e+00   1.4414242e+00
   1.2616954e+00   2.7832833e+05   9.5077465e+01   0.0000000e+00   1.4446448e+00
   1.2619373e+00   2.7874888e+05   9.4616002e+01   0.0000000e+00   1.4470341e+00
   1.2621793e+00   2.7729644e+05   9.5368869e+01   0.0000000e+00   1.4511658e+00
   1.2624214e+00   2.7633547e+05   9.4340744e+01   0.0000000e+00   1.4498033e+00
   1.2626635e+00   2.7794207e+05   9.4241962e+01   0.0000000e+00   1.4465160e+00
   1.2629057e+00   2.7888959e+05   9.4654435e+01   0.0000000e+00   1.4484419e+00
   1.2631480e+00   2.7766678e+05   9.5373261e+01   0.0000000e+00   1.4474160e+00
   1.2633904e+00   2.7759702e+05   9.6696088e+01   0.0000000e+00   1.4502488e+00
   1.2636328e+00   2.7880179e+05   9.4950474e+01   0.0000000e+00   1.4483072e+00
   1.2638753e+00   2.8181644e+05   9.5172316e+01   0.0000000e+00   1.4495292e+00
   1.2641179e+00   2.8187194e+05   9.6861142e+01   0.0000000e+00   1.4511508e+00
   1.2643605e+00   2.8648251e+05   9.7384817e+01   0.0000000e+00   1.4527414e+00
   1.2646033e+00   2.8255481e+05   9.7788049e+01   0.0000000e+00   1.4550113e+00
   1.2648461e+00   2.8082738e+05   9.6697008e+01   0.0000000e+00   1.4534806e+00
   1.2650890e+00   2.8522703e+05   9.7440357e+01   0.0000000e+00   1.4559715e+00
   1.2653319e+00   2.8260442e+05   9.6848963e+01   0.0000000e+00   1.4570173e+00
   1.2655749e+00   2.8478018e+05   9.8401703e+01   0.0000000e+00   1.4585219e+00
   1.2658180e+00   2.8838803e+05   9.9026197e+01   0.0000000e+00   1.4661227e+00
   1.2660612e+00   2.8686731e+05   9.9123781e+01   0.0000000e+00   1.4626502e+00
   1.2663044e+00   2.8941858e+05   9.7679884e+01   0.0000000e+00   1.4574865e+00
   1.2665478e+00   2.9354737e+05   9.9601646e+01   0.0000000e+00   1.4532133e+00
   1.2667911e+00   2.9210395e+05   9.9764611e+01   0.0000000e+00   1.4629921e+00
   1.2670346e+00   2.9302454e+05   9.9263631e+01   0.0000000e+00   1.4717970e+00
   1.2672781e+00   2.9516299e+05   1.0043408e+02   0.0000000e+00   1.4661165e+00
   1.2675217e+00   2.9640629e+05   1.0055532e+02   0.0000000e+00   1.4612724e+00
   1.2677654e+00   2.9222616e+05   1.0014927e+02   0.0000000e+00   1.4645973e+00
   1.2680091e+00   2.9425036e+05   1.0007140e+02   0.0000000e+00   1.4683428e+00
   1.2682529e+00   2.9735626e+05   1.0068444e+02   0.0000000e+00   1.4694048e+00
   1.2684968e+00   3.0032906e+05   1.0156741e+02   0.0000000e+00   1.4689403e+00
   1.2687408e+00   3.0134694e+05   1.0189553e+02   0.0000000e+00   1.4653867e+00
   1.2689848e+00   2.9955280e+05   1.0268452e+02   0.0000000e+00   1.4603215e+00
   1.2692289e+00   2.9843131e+05   1.0200665e+02   0.0000000e+00   1.4622590e+00
   1.2694730e+00   2.9808214e+05   1.0274652e+02   0.0000000e+00   1.4678235e+00
   1.2697172e+00   3.0228893e+05   1.0281538e+02   0.0000000e+00   1.4671592e+00
   1.2699615e+00   3.0441436e+05   1.0284195e+02   0.0000000e+00   1.4657221e+00
   1.2702059e+00   3.0248387e+05   1.0162401e+02   0.0000000e+00   1.4680085e+00
   1.2704503e+00   3.0002881e+05   1.0211477e+02   0.0000000e+00   1.4727061e+00
   1.2706948e+00   3.0296763e+05   1.0360762e+02   0.0000000e+00   1.4775918e+00
   1.2709394e+00   2.9861005e+05   1.0223243e+02   0.0000000e+00   1.4780647e+00
   1.2711840e+00   2.9929135e+05   1.0149958e+02   0.0000000e+00   1.4719965e+00
   1.2714287e+00   3.0149047e+05   1.0243701e+02   0.0000000e+00   1.4702476e+00
   1.2716734e+00   3.0222115e+05   1.0311999e+02   0.0000000e+00   1.4755208e+00
   1.2719182e+00   3.0355227e+05   1.0318489e+02   0.0000000e+00   1.4798786e+00
   1.2721631e+00   3.0358860e+05   1.0319534e+02   0.0000000e+00   1.4811809e+00
   1.2724081e+00   3.0556051e+05   1.0363660e+02   0.0000000e+00   1.4721277e+00
   1.2726531e+00   3.0542179e+05   1.0351305e+02   0.0000000e+00   1.4689728e+00
   1.2728982e+00   3.0447977e+05   1.0304773e+02   0.0000000e+00   1.4749306e+00
   1.2731433e+00   3.0793320e+05   1.0472216e+02   0.0000000e+00   1.4846631e+00
   1.2733885e+00   3.0567612e+05   1.0428596e+02   0.0000000e+00   1.4802095e+00
   1.2736338e+00   3.0723550e+05   1.0401784e+02   0.0000000e+00   1.4755297e+00
   1.2738791e+00   3.1082555e+05   1.0543537e+02   0.0000000e+00   1.4739046e+00
   1.2741245e+00   3.1262159e+05   1.0634806e+02   0.0000000e+00   1.4759187e+00
   1.2743700e+00   3.1374789e+05   1.0632808e+02   0.0000000e+00   1.4826611e+00
   1.2746155e+00   3.1431556e+05   1.0588542e+02   0.0000000e+00   1.4836480e+00
   1.2748611e+00   3.1249689e+05   1.0640997e+02   0.0000000e+00   1.4784245e+00
   1.2751067e+00   3.2110350e+05   1.0897836e+02   3.3654333e+03   1.4739152e+00
   1.2753524e+00   3.2163587e+05   1.0861674e+02   2.6555791e+03   1.4782948e+00
   1.2755982e+00   3.1839355e+05   1.0811721e+02  -1.6588287e+03   1.4852526e+00
   1.2758440e+00   3.1807463e+05   1.0748299e+02  -2.9363987e+03   1.4867251e+00
   1.2760899e+00   3.1948701e+05   1.0816681e+02  -2.4655677e+03   1.4783451e+00
   1.2763359e+00   3.2914315e+05   1.1245218e+02   6.1504133e+03   1.4748316e+00
   1.2765819e+00   3.2817311e+05   1.1341142e+02   3.9394553e+03   1.4779343e+00
   1.2768279e+00   3.2475072e+05   1.1107299e+02  -9.7526938e+02   1.4805124e+00
   1.2770741e+00   3.2358688e+05   1.0951437e+02  -3.8519540e+03   1.4853106e+00
   1.2773203e+00   3.2522341e+05   1.0939638e+02  -4.0269039e+03   1.4755448e+00
   1.2775665e+00   3.2800775e+05   1.1027668e+02  -2.9571924e+03   1.4707161e+00
   1.2778128e+00   3.3065966e+05   1.1238510e+02  -1.7028239e+03   1.4706812e+00
   1.2780592e+00   3.3669757e+05   1.1492335e+02   3.4272309e+03   1.4801930e+00
   1.2783056e+00   3.4133239e+05   1.1757324e+02   7.6965687e+03   1.4812683e+00
   1.2785521e+00   3.3912266e+05   1.1441085e+02   5.5548852e+03   1.4842902e+00
   1.2787986e+00   3.3139356e+05   1.1220880e+02  -1.9319611e+03   1.4770679e+00
   1.2790452e+00   3.3097737e+05   1.1235949e+02  -2.2769008e+03   1.4782094e+00
   1.2792918e+00   3.2903133e+05   1.1028513e+02  -4.6502880e+03   1.4877580e+00
   1.2795386e+00   3.3375631e+05   1.1183130e+02  -1.0520255e+03   1.4937362e+00
   1.2797853e+00   3.3199058e+05   1.1300493e+02  -4.6415338e+03   1.4840742e+00
   1.2800321e+00   3.3635368e+05   1.1475043e+02  -2.5830774e+03   1.4782249e+00
   1.2802790e+00   3.4162167e+05   1.1588375e+02   2.6893444e+02   1.4809284e+00
   1.2805259e+00   3.5005901e+05   1.1769209e+02   6.5887747e+03   1.4909420e+00
   1.2807729e+00   3.5237734e+05   1.1866504e+02   7.4139736e+03   1.4910266e+00
   1.2810200e+00   3.4857968e+05   1.1948994e+02   2.8945600e+03   1.4835510e+00
   1.2812670e+00   3.4329430e+05   1.1647773e+02  -2.4088245e+03   1.4764681e+00
   1.2815142e+00   3.3990500e+05   1.1526563e+02  -5.3635477e+03   1.4777303e+00
   1.2817614e+00   3.4231884e+05   1.1710485e+02  -2.4132220e+03   1.4869680e+00
   1.2820087e+00   3.4086996e+05   1.1536398e+02  -3.5668083e+03   1.4937048e+00
   1.2822560e+00   3.4669108e+05   1.1720687e+02   2.0648131e+03   1.4894183e+00
   1.2825033e+00   3.4751448e+05   1.1826341e+02   2.1213209e+03   1.4826228e+00
   1.2827507e+00   3.4483518e+05   1.1925520e+02  -1.8416103e+03   1.4777122e+00
   1.2829982e+00   3.4973531e+05   1.1867528e+02   1.4312080e+03   1.4853392e+00
   1.2832457e+00   3.5079744e+05   1.1812400e+02   7.4302511e+02   1.4908113e+00
   1.2834933e+00   3.5536368e+05   1.2068778e+02   3.6403172e+03   1.4849378e+00
   1.2837409e+00   3.5503228e+05   1.2121641e+02   1.8640633e+03   1.4786953e+00
   1.2839886e+00   3.5071768e+05   1.1874713e+02  -3.6093701e+03   1.4795513e+00
   1.2842363e+00   3.5141986e+05   1.1858982e+02  -3.7943435e+03   1.4904330e+00
   1.2844841e+00   3.5452250e+05   1.2015869e+02  -1.3789364e+03   1.4968224e+00
   1.2847319e+00   3.5870292e+05   1.2130528e+02   2.2100493e+03   1.4945161e+00
   1.2849798e+00   3.5790775e+05   1.2106259e+02   8.0665488e+02   1.4812717e+00
   1.2852277e+00   3.5863050e+05   1.2021476e+02   8.0020581e+02   1.4787696e+00
   1.2854757e+00   3.6232295e+05   1.2267048e+02   3.5584992e+03   1.4871798e+00
   1.2857237e+00   3.5827399e+05   1.2249251e+02  -1.6802754e+03   1.4917458e+00
   1.2859718e+00   3.5846854e+05   1.2241295e+02  -2.9346638e+03   1.4959269e+00
   1.2862199e+00   3.6358923e+05   1.2340659e+02   5.3015253e+02   1.4855016e+00
   1.2864681e+00   3.6381376e+05   1.2356734e+02  -1.0004546e+03   1.4801305e+00
   1.2867163e+00   3.6594661e+05   1.2333066e+02  -5.7198925e+02   1.4905990e+00
   1.2869646e+00   3.6917537e+05   1.2517234e+02   1.1650060e+03   1.4992117e+00
   1.2872129e+00   3.6993094e+05   1.2530415e+02   7.7311360e+02   1.4974578e+00
   1.2874613e+00   3.7245734e+05   1.2490341e+02   2.5543522e+03   1.4931146e+00
   1.2877097e+00   3.6769392e+05   1.2540240e+02  -2.6019722e+03   1.4776482e+00
   1.2879581e+00   3.6634958e+05   1.2531317e+02  -4.1621253e+03   1.4871927e+00
   1.2882066e+00   3.7235274e+05   1.2580860e+02   1.5083601e+03   1.4978574e+00
   1.2884552e+00   3.7517377e+05   1.2664150e+02   3.5038740e+03   1.4989426e+00
   1.2887038e+00   3.7807343e+05   1.2702648e+02   4.6957331e+03   1.4927693e+00
   1.2889524e+00   3.7699506e+05   1.2748083e+02   7.1524109e+02   1.4888730e+00
   1.2892011e+00   3.7957523e+05   1.2841779e+02  -9.4050879e+02   1.4932547e+00
   1.2894498e+00   3.8509761e+05   1.2998252e+02  -8.7878001e+02   1.5010390e+00
   1.2896986e+00   3.8391731e+05   1.2922779e+02  -8.3575155e+03   1.5043914e+00
   1.2899474e+00   3.8461867e+05   1.2879261e+02  -1.4169013e+04   1.4924669e+00
   1.2901963e+00   4.0216450e+05   1.3588314e+02  -2.6116973e+03   1.4837102e+00
   1.2904452e+00   4.3041380e+05   1.4368346e+02   2.0855446e+04   1.4946915e+00
   1.2906941e+00   4.2951023e+05   1.4422567e+02   1.6839254e+04   1.5017763e+00
   1.2909431e+00   4.1891409e+05   1.4027984e+02   4.9415729e+03   1.5035336e+00
   1.2911922e+00   3.9942580e+05   1.3376682e+02  -1.4233120e+04   1.4914344e+00
   1.2914413e+00   3.9949862e+05   1.3383124e+02  -1.2694378e+04   1.4856857e+00
   1.2916904e+00   4.0161002e+05   1.3461314e+02  -8.5602762e+03   1.4888368e+00
   1.2919395e+00   4.1301070e+05   1.4171435e+02   4.8365802e+03   1.4946224e+00
   1.2921887e+00   4.1516845e+05   1.4247252e+02   8.5044861e+03   1.4999106e+00
   1.2924380e+00   4.1003531e+05   1.3866554e+02   4.1124349e+03   1.4950729e+00
   1.2926873e+00   4.0484976e+05   1.3749348e+02  -1.2090742e+03   1.4906374e+00
   1.2929366e+00   4.0684111e+05   1.3728423e+02  -2.0007307e+02   1.4919957e+00
   1.2931860e+00   4.0628097e+05   1.3778748e+02  -2.4627626e+03   1.5002875e+00
   1.2934354e+00   4.1096117e+05   1.3816491e+02  -2.1274782e+01   1.5058104e+00
   1.2936849e+00   4.1222988e+05   1.3907512e+02  -1.3154408e+03   1.4946487e+00
   1.2939343e+00   4.1428654e+05   1.4010541e+02  -1.9320003e+03   1.4916861e+00
   1.2941839e+00   4.2094545e+05   1.4175351e+02   2.1349715e+03   1.4883958e+00
   1.2944335e+00   4.2612056e+05   1.4390871e+02   4.9475473e+03   1.5017621e+00
   1.2946831e+00   4.2251756e+05   1.4219668e+02  -6.9596315e+02   1.5067421e+00
   1.2949327e+00   4.2119118e+05   1.4190078e+02  -3.7084864e+03   1.5040327e+00
   1.2951824e+00   4.2308658e+05   1.4230061e+02  -3.1722084e+03   1.4942536e+00
   1.2954321e+00   4.3114404e+05   1.4433427e+02   3.7719069e+03   1.4953488e+00
   1.2956819e+00   4.2857889e+05   1.4319650e+02   2.1696017e+02   1.5065305e+00
   1.2959317e+00   4.2844993e+05   1.4316187e+02  -9.2698769e+02   1.5139349e+00
   1.2961815e+00   4.3265266e+05   1.4702338e+02   2.0737968e+03   1.5061849e+00
   1.2964314e+00   4.3121129e+05   1.4629850e+02  -9.1401841e+02   1.4993580e+00
   1.2966813e+00   4.3345735e+05   1.4655300e+02  -6.8901859e+02   1.4980395e+00
   1.2969313e+00   4.3613942e+05   1.4665475e+02  -5.8092837e+02   1.5057732e+00
   1.2971812e+00   4.4308570e+05   1.4831863e+02   3.2334737e+03   1.5113491e+00
   1.2974313e+00   4.4331031e+05   1.4879708e+02  -1.4705303e+02   1.5110455e+00
   1.2976813e+00   4.4344243e+05   1.5205184e+02  -3.9166825e+03   1.4964926e+00
   1.2979314e+00   4.5196426e+05   1.5259839e+02   6.5620743e+02   1.4987704e+00
   1.2981815e+00   4.5166369e+05   1.5246732e+02  -3.3569968e+03   1.5056277e+00
   1.2984317e+00   4.5869585e+05   1.5445354e+02   4.6252166e+02   1.5126353e+00
   1.2986819e+00   4.6877011e+05   1.5756479e+02   8.0064977e+03   1.5136774e+00
   1.2989321e+00   4.6274115e+05   1.5474054e+02   1.7994846e+02   1.5063214e+00
   1.2991824e+00   4.5697371e+05   1.5271840e+02  -6.7607911e+03   1.5054867e+00
   1.2994327e+00   4.6514998e+05   1.5682754e+02   5.9814066e+02   1.5099512e+00
   1.2996830e+00   4.6751495e+05   1.5759820e+02   2.1075839e+03   1.5147299e+00
   1.2999334e+00   4.6750733e+05   1.5666567e+02   7.5651947e+02   1.5135165e+00
   1.3001838e+00   4.7040511e+05   1.5917784e+02   1.4074710e+03   1.5089780e+00
   1.3004342e+00   4.7332578e+05   1.5904548e+02   8.8975389e+02   1.5078706e+00
   1.3006847e+00   4.7683942e+05   1.5926007e+02  -3.0512330e+02   1.5114615e+00
   1.3009352e+00   4.8212863e+05   1.6049451e+02  -8.1374544e+02   1.5168386e+00
   1.3011857e+00   4.8613078e+05   1.6286391e+02  -3.2613201e+03   1.5183464e+00
   1.3014362e+00   4.8737280e+05   1.6308969e+02  -8.4933931e+03   1.5096565e+00
   1.3016868e+00   4.9713786e+05   1.6661995e+02  -4.5383251e+03   1.5057057e+00
   1.3019374e+00   5.1419015e+05   1.7250608e+02   7.9499199e+03   1.5107157e+00
   1.3021881e+00   5.2307862e+05   1.7661890e+02   1.3837422e+04   1.5132265e+00
   1.3024388e+00   5.1423235e+05   1.7463893e+02   3.5083889e+03   1.5093939e+00
   1.3026895e+00   5.0772584e+05   1.7009569e+02  -3.3759453e+03   1.5083896e+00
   1.3029402e+00   5.0839002e+05   1.7032465e+02  -2.6720604e+03   1.5057206e+00
   1.3031910e+00   5.0582866e+05   1.7005811e+02  -5.5574999e+03   1.5073270e+00
   1.3034418e+00   5.1197883e+05   1.7160693e+02  -7.5400708e+02   1.5107968e+00
   1.3036926e+00   5.1627732e+05   1.7276608e+02   8.2545433e+02   1.5040095e+00
   1.3039434e+00   5.1917163e+05   1.7673092e+02  -3.1076520e+02   1.4983180e+00
   1.3041943e+00   5.2023801e+05   1.7546226e+02  -4.1309125e+03   1.5000454e+00
   1.3044452e+00   5.2449694e+05   1.7637410e+02  -4.9029372e+03   1.5004559e+00
   1.3046962e+00   5.3451737e+05   1.7932347e+02   6.8080389e+02   1.5019557e+00
   1.3049471e+00   5.3742088e+05   1.7991844e+02   2.4998364e+02   1.4973467e+00
   1.3051981e+00   5.4742199e+05   1.8379118e+02   8.0828278e+03   1.4892133e+00
   1.3054491e+00   5.5178252e+05   1.8389210e+02   1.0964928e+04   1.4897107e+00
   1.3057002e+00   5.4580883e+05   1.8387060e+02   3.2629822e+03   1.4869833e+00
   1.3059512e+00   5.4496342e+05   1.8345669e+02  -7.0807132e+02   1.4875937e+00
   1.3062023e+00   5.5316597e+05   1.8480097e+02   2.0011596e+03   1.4823491e+00
   1.3064534e+00   5.5585490e+05   1.8635083e+02  -3.5381047e+03   1.4812254e+00
   1.3067046e+00   5.6096642e+05   1.8669904e+02  -8.8150455e+03   1.4779118e+00
   1.3069558e+00   5.6610396e+05   1.8831046e+02  -1.4587249e+04   1.4725966e+00
   1.3072070e+00   5.7230265e+05   1.9180172e+02  -1.7291333e+04   1.4678911e+00
   1.3074582e+00   5.7509896e+05   1.9352827e+02  -1.8444227e+04   1.4640823e+00
   1.3077094e+00   5.7795791e+05   1.9367423e+02  -1.1887495e+04   1.4609397e+00
   1.3079607e+00   6.9327885e+05   2.0774028e+02   1.1650767e+05   1.4077217e+00
   1.3082120e+00   5.4786556e+05   2.2108995e+02   0.0000000e+00   1.4539267e+00
   1.3084633e+00   5.1282349e+05   2.1766721e+02   0.0000000e+00   1.4660502e+00
   1.3087146e+00   4.6500127e+05   2.1559263e+02   0.0000000e+00   1.4684084e+00
   1.3089660e+00   4.1632450e+05   2.1182244e+02   0.0000000e+00   1.4674675e+00
   1.3092174e+00   3.9146528e+05   2.0600385e+02   0.0000000e+00   1.4680206e+00
   1.3094688e+00   3.6896697e+05   2.0180048e+02   0.0000000e+00   1.4653837e+00
   1.3097202e+00   3.4596887e+05   1.9649922e+02   0.0000000e+00   1.4552296e+00
   1.3099716e+00   3.2682762e+05   1.8587841e+02   0.0000000e+00   1.4475133e+00
   1.3102231e+00   3.0437803e+05   1.7835924e+02   0.0000000e+00   1.4367824e+00
   1.3104746e+00   2.8137300e+05   1.6857487e+02   0.0000000e+00   1.4332997e+00
   1.3107261e+00   2.6560896e+05   1.5412649e+02   0.0000000e+00   1.4312140e+00
   1.3109776e+00   2.4871477e+05   1.3945685e+02   0.0000000e+00   1.4261338e+00
   1.3112292e+00   2.3739287e+05   1.2014073e+02   0.0000000e+00   1.4297385e+00
   1.3114808e+00   2.2909395e+05   1.0600493e+02   0.0000000e+00   1.4475516e+00
   1.3117323e+00   2.1976086e+05   9.0281435e+01   0.0000000e+00   1.4482275e+00
   1.3119840e+00   2.2019356e+05   7.8764651e+01   0.0000000e+00   1.4537591e+00
   1.3122356e+00   2.2798864e+05   7.8604380e+01   0.0000000e+00   1.4671418e+00
   1.3124872e+00   2.3016788e+05   7.8479863e+01   0.0000000e+00   1.4659362e+00
   1.3127389e+00   2.3173681e+05   7.9363841e+01   0.0000000e+00   1.4636067e+00
   1.3129906e+00   2.2282608e+05   7.6839343e+01   0.0000000e+00   1.4619386e+00
   1.3132423e+00   2.1946029e+05   7.5848765e+01   0.0000000e+00   1.4614955e+00
   1.3134940e+00   2.2264860e+05   7.6915864e+01   0.0000000e+00   1.4575858e+00
   1.3137457e+00   2.2229759e+05   7.6064575e+01   0.0000000e+00   1.4517929e+00
   1.3139975e+00   2.2368358e+05   7.6993171e+01   0.0000000e+00   1.4400124e+00
   1.3142492e+00   2.2226739e+05   7.6950507e+01   0.0000000e+00   1.4420321e+00
   1.3145010e+00   2.2265763e+05   7.6954326e+01   0.0000000e+00   1.4442172e+00
   1.3147528e+00   2.2289544e+05   7.7106502e+01   0.0000000e+00   1.4332566e+00
   1.3150046e+00   2.3053911e+05   7.8896257e+01   0.0000000e+00   1.4269643e+00
   1.3152565e+00   2.3868875e+05   8.2661652e+01   0.0000000e+00   1.4185065e+00
   1.3155083e+00   2.3981690e+05   8.2108656e+01   0.0000000e+00   1.4252146e+00
   1.3157602e+00   2.3544354e+05   8.1013233e+01   0.0000000e+00   1.4247865e+00
   1.3160121e+00   2.2805148e+05   7.8034947e+01   0.0000000e+00   1.4191733e+00
   1.3162640e+00   2.3131778e+05   7.9254040e+01   0.0000000e+00   1.4129475e+00
   1.3165159e+00   2.2930994e+05   7.8147032e+01   0.0000000e+00   1.4070474e+00
   1.3167678e+00   2.2987806e+05   7.8770733e+01   0.0000000e+00   1.4060059e+00
   1.3170197e+00   2.3032592e+05   7.8650133e+01   0.0000000e+00   1.4095694e+00
   1.3172717e+00   2.2634551e+05   7.8258498e+01   0.0000000e+00   1.4084641e+00
   1.3175236e+00   2.2961091e+05   7.9346264e+01   0.0000000e+00   1.4006079e+00
   1.3177756e+00   2.2764434e+05   7.8591677e+01   0.0000000e+00   1.3913548e+00
   1.3180276e+00   2.3071678e+05   7.9061418e+01   0.0000000e+00   1.3918663e+00
   1.3182796e+00   2.2882539e+05   7.7637195e+01   0.0000000e+00   1.3956932e+00
   1.3185316e+00   2.2565593e+05   7.8779787e+01   0.0000000e+00   1.3950004e+00
   1.3187836e+00   2.2908533e+05   7.9433323e+01   0.0000000e+00   1.3899187e+00
   1.3190356e+00   2.2814041e+05   7.8270951e+01   0.0000000e+00   1.3826653e+00
   1.3192877e+00   2.3181034e+05   7.9087348e+01   0.0000000e+00   1.3837835e+00
   1.3195397e+00   2.2758941e+05   7.8455117e+01   0.0000000e+00   1.3912360e+00
   1.3197918e+00   2.2892679e+05   7.8461545e+01   0.0000000e+00   1.3922723e+00
   1.3200438e+00   2.3019597e+05   7.8769815e+01   0.0000000e+00   1.3867109e+00
   1.3202959e+00   2.3211472e+05   7.9134333e+01   0.0000000e+00   1.3796843e+00
   1.3205480e+00   2.3516824e+05   8.0858399e+01   0.0000000e+00   1.3823506e+00
   1.3208001e+00   2.3601510e+05   8.0432985e+01   0.0000000e+00   1.3906081e+00
   1.3210522e+00   2.3129799e+05   7.9049221e+01   0.0000000e+00   1.3946946e+00
   1.3213043e+00   2.3175088e+05   7.9460522e+01   0.0000000e+00   1.3883127e+00
   1.3215565e+00   2.2960537e+05   7.8440242e+01   0.0000000e+00   1.3791731e+00
   1.3218086e+00   2.2986815e+05   7.8572939e+01   0.0000000e+00   1.3809439e+00
   1.3220607e+00   2.2904776e+05   7.8960190e+01   0.0000000e+00   1.3885632e+00
   1.3223129e+00   2.2837899e+05   7.8451438e+01   0.0000000e+00   1.3981477e+00
   1.3225650e+00   2.3113713e+05   7.9224647e+01   0.0000000e+00   1.3895326e+00
   1.3228172e+00   2.3588380e+05   8.0313443e+01   0.0000000e+00   1.3779779e+00
   1.3230694e+00   2.3807734e+05   8.1691401e+01   0.0000000e+00   1.3813588e+00
   1.3233215e+00   2.3862120e+05   8.1659437e+01   0.0000000e+00   1.3909183e+00
   1.3235737e+00   2.3252868e+05   7.9382121e+01   0.0000000e+00   1.3962601e+00
   1.3238259e+00   2.2921273e+05   7.9065668e+01   0.0000000e+00   1.3925816e+00
   1.3240781e+00   2.2888821e+05   7.8291441e+01   0.0000000e+00   1.3802121e+00
   1.3243303e+00   2.2924243e+05   7.8516201e+01   0.0000000e+00   1.3781347e+00
   1.3245825e+00   2.2958227e+05   7.8585211e+01   0.0000000e+00   1.3816546e+00
   1.3248347e+00   2.2913025e+05   7.8539261e+01   0.0000000e+00   1.3865268e+00
   1.3250869e+00   2.2918859e+05   7.8323669e+01   0.0000000e+00   1.3820222e+00
   1.3253391e+00   2.3049990e+05   7.9540490e+01   0.0000000e+00   1.3656880e+00
   1.3255914e+00   2.2921085e+05   7.7859926e+01   0.0000000e+00   1.3544726e+00
   1.3258436e+00   2.2922406e+05   7.8669786e+01   0.0000000e+00   1.3533529e+00
   1.3260958e+00   2.3070329e+05   7.8747534e+01   0.0000000e+00   1.3545631e+00
   1.3263480e+00   2.3065065e+05   7.9748814e+01   0.0000000e+00   1.3414313e+00
   1.3266003e+00   2.3376243e+05   8.0057124e+01   0.0000000e+00   1.3185762e+00
   1.3268525e+00   2.3166578e+05   7.9273944e+01   0.0000000e+00   1.3032099e+00
   1.3271047e+00   2.3312731e+05   8.0086221e+01   0.0000000e+00   1.2949434e+00
   1.3273570e+00   2.3325627e+05   8.0534980e+01   0.0000000e+00   1.2876708e+00
   1.3276092e+00   2.3301925e+05   8.0137437e+01   0.0000000e+00   1.2715366e+00
   1.3278614e+00   2.3241969e+05   8.0653764e+01   0.0000000e+00   1.2400956e+00
   1.3281137e+00   2.3213863e+05   7.9958762e+01   0.0000000e+00   1.2122997e+00
   1.3283659e+00   2.3493171e+05   8.0722941e+01   0.0000000e+00   1.1978800e+00
   1.3286182e+00   2.3349212e+05   7.9632986e+01   0.0000000e+00   1.1833421e+00
   1.3288704e+00   2.3470632e+05   8.0322822e+01   0.0000000e+00   1.1602483e+00
   1.3291226e+00   2.3670248e+05   8.1176189e+01   0.0000000e+00   1.1227342e+00
   1.3293749e+00   2.3592352e+05   8.0154099e+01   0.0000000e+00   1.0867515e+00
   1.3296271e+00   2.3685407e+05   8.0945461e+01   0.0000000e+00   1.0632545e+00
   1.3298794e+00   2.3497687e+05   8.0549641e+01   0.0000000e+00   1.0423353e+00
   1.3301316e+00   2.3433678e+05   7.9989923e+01   0.0000000e+00   1.0131744e+00
   1.3303838e+00   2.3424769e+05   7.9873267e+01   0.0000000e+00   9.7358626e-01
   1.3306361e+00   2.3468982e+05   8.4253973e+01   0.0000000e+00   9.3612013e-01
   1.3308883e+00   2.3217894e+05   7.8902193e+01   0.0000000e+00   9.0288906e-01
   1.3311405e+00   2.3582552e+05   8.0090176e+01   0.0000000e+00   8.7988594e-01
   1.3313927e+00   2.3664268e+05   8.0814626e+01   0.0000000e+00   8.4952425e-01
   1.3316450e+00   2.3803876e+05   8.1829427e+01   0.0000000e+00   8.1329796e-01
   1.3318972e+00   2.3689371e+05   8.1385677e+01   0.0000000e+00   7.7571550e-01
   1.3321494e+00   2.3637584e+05   8.0888559e+01   0.0000000e+00   7.4263726e-01
   1.3324016e+00   2.3481039e+05   8.0780398e+01   0.0000000e+00   7.2022541e-01
   1.3326538e+00   2.3891928e+05   8.1339299e+01   0.0000000e+00   6.9371564e-01
   1.3329060e+00   2.3939741e+05   8.1693304e+01   0.0000000e+00   6.6081433e-01
   1.3331582e+00   2.3742836e+05   8.1369122e+01   0.0000000e+00   6.3151693e-01
   1.3334104e+00   2.3758674e+05   8.1452420e+01   0.0000000e+00   6.0170397e-01
   1.3336626e+00   2.3846439e+05   8.0961316e+01   0.0000000e+00   5.7975674e-01
   1.3339148e+00   2.3744156e+05   8.1016259e+01   0.0000000e+00   5.5992260e-01
   1.3341669e+00   2.3925450e+05   8.1819532e+01   0.0000000e+00   5.3556658e-01
   1.3344191e+00   2.3718455e+05   8.2062415e+01   0.0000000e+00   5.0973706e-01
   1.3346713e+00   2.4003490e+05   8.1522196e+01   0.0000000e+00   4.8469041e-01
   1.3349234e+00   2.3965549e+05   8.1414861e+01   0.0000000e+00   4.6639204e-01
   1.3351756e+00   2.4000517e+05   8.1432830e+01   0.0000000e+00   4.5150913e-01
   1.3354277e+00   2.3923886e+05   8.1211188e+01   0.0000000e+00   4.3331709e-01
   1.3356798e+00   2.3738295e+05   8.0650066e+01   0.0000000e+00   4.1386898e-01
   1.3359320e+00   2.3607786e+05   8.1389100e+01   0.0000000e+00   3.9679387e-01
   1.3361841e+00   2.3774006e+05   8.1042625e+01   0.0000000e+00   3.8223456e-01
   1.3364362e+00   2.3827438e+05   8.1443553e+01   0.0000000e+00   3.7149183e-01
   1.3366883e+00   2.3783507e+05   8.1802281e+01   0.0000000e+00   3.5864942e-01
   1.3369404e+00   2.3993566e+05   8.1601691e+01   0.0000000e+00   3.4191629e-01
   1.3371924e+00   2.3921389e+05   8.0841787e+01   0.0000000e+00   3.2925255e-01
   1.3374445e+00   2.3585123e+05   8.0472660e+01   0.0000000e+00   3.1896701e-01
   1.3376966e+00   2.4080280e+05   8.1984215e+01   0.0000000e+00   3.1031499e-01
   1.3379486e+00   2.3799467e+05   8.1666634e+01   0.0000000e+00   3.0197893e-01
   1.3382006e+00   2.3602396e+05   8.0371389e+01   0.0000000e+00   2.8962840e-01
   1.3384527e+00   2.3193031e+05   8.0201037e+01   0.0000000e+00   2.8174540e-01
   1.3387047e+00   2.3095814e+05   8.0222366e+01   0.0000000e+00   2.7373515e-01
   1.3389567e+00   2.3528372e+05   8.0682515e+01   0.0000000e+00   2.6531410e-01
   1.3392087e+00   2.3626531e+05   8.0224285e+01   0.0000000e+00   2.5907317e-01
   1.3394607e+00   2.3500768e+05   8.0909955e+01   0.0000000e+00   2.5314270e-01
   1.3397126e+00   2.3200407e+05   7.9721264e+01   0.0000000e+00   2.4465473e-01
   1.3399646e+00   2.3199873e+05   8.0418539e+01   0.0000000e+00   2.4034019e-01
   1.3402165e+00   2.3583343e+05   8.0529239e+01   0.0000000e+00   2.3414764e-01
   1.3404685e+00   2.3720089e+05   8.0769607e+01   0.0000000e+00   2.2881158e-01
   1.3407204e+00   2.3482510e+05   7.9939677e+01   0.0000000e+00   2.2314575e-01
   1.3409723e+00   2.3378555e+05   8.0558755e+01   0.0000000e+00   2.1943907e-01
   1.3412242e+00   2.3579576e+05   8.0055804e+01   0.0000000e+00   2.1349779e-01
   1.3414760e+00   2.3748696e+05   8.0431616e+01   0.0000000e+00   2.0973333e-01
   1.3417279e+00   2.3252710e+05   7.9412696e+01   0.0000000e+00   2.0683505e-01
   1.3419797e+00   2.3315046e+05   7.9563891e+01   0.0000000e+00   2.0180648e-01
   1.3422316e+00   2.3243292e+05   7.9957138e+01   0.0000000e+00   1.9948106e-01
   1.3424834e+00   2.3565837e+05   8.0758593e+01   0.0000000e+00   1.9576808e-01
   1.3427352e+00   2.3672525e+05   8.0505771e+01   0.0000000e+00   1.9231461e-01
   1.3429870e+00   2.3595565e+05   8.0336696e+01   0.0000000e+00   1.8965727e-01
   1.3432387e+00   2.3551965e+05   8.0888795e+01   0.0000000e+00   1.8741274e-01
   1.3434905e+00   2.3283758e+05   8.0547187e+01   0.0000000e+00   1.8609269e-01
   1.3437422e+00   2.3454855e+05   8.0743912e+01   0.0000000e+00   1.8284286e-01
   1.3439939e+00   2.3583343e+05   8.0578290e+01   0.0000000e+00   1.7967754e-01
   1.3442456e+00   2.3145636e+05   7.8910452e+01   0.0000000e+00   1.7741948e-01
   1.3444973e+00   2.3222130e+05   7.9965354e+01   0.0000000e+00   1.7714402e-01
   1.3447489e+00   2.3294658e+05   7.9635433e+01   0.0000000e+00   1.7406268e-01
   1.3450006e+00   2.3336937e+05   8.0087771e+01   0.0000000e+00   1.7354003e-01
   1.3452522e+00   2.3637773e+05   8.0364733e+01   0.0000000e+00   1.6940702e-01
   1.3455038e+00   2.3661340e+05   8.0921035e+01   0.0000000e+00   1.6894968e-01
   1.3457554e+00   2.3484345e+05   8.0729494e+01   0.0000000e+00   1.6827498e-01
   1.3460070e+00   2.3266769e+05   7.8927292e+01   0.0000000e+00   1.6461231e-01
   1.3462585e+00   2.3632305e+05   8.0731779e+01   0.0000000e+00   1.6313251e-01
   1.3465100e+00   2.3644056e+05   8.1076476e+01   0.0000000e+00   1.6158724e-01
   1.3467615e+00   2.3856509e+05   8.0704220e+01   0.0000000e+00   1.6054766e-01
   1.3470130e+00   2.3740238e+05   8.0662611e+01   0.0000000e+00   1.6004628e-01
   1.3472645e+00   2.3786902e+05   8.2073897e+01   0.0000000e+00   1.6161669e-01
   1.3475159e+00   2.3844107e+05   8.1261456e+01   0.0000000e+00   1.5887306e-01
   1.3477673e+00   2.3735248e+05   8.1574268e+01   0.0000000e+00   1.5845375e-01
   1.3480187e+00   2.3989268e+05   8.1846346e+01   0.0000000e+00   1.5759459e-01
   1.3482701e+00   2.3731020e+05   8.2051760e+01   0.0000000e+00   1.5935953e-01
   1.3485215e+00   2.3904729e+05   8.2165301e+01   0.0000000e+00   1.5409807e-01
   1.3487728e+00   2.3770882e+05   8.1405479e+01   0.0000000e+00   1.5375668e-01
   1.3490241e+00   2.3885702e+05   8.4000814e+01   0.0000000e+00   1.5232170e-01
   1.3492754e+00   2.3879818e+05   8.2506405e+01   0.0000000e+00   1.5366277e-01
   1.3495266e+00   2.3775660e+05   8.1398792e+01   0.0000000e+00   1.5215367e-01
   1.3497779e+00   2.3988937e+05   8.1459886e+01   0.0000000e+00   1.5125444e-01
   1.3500291e+00   2.3634210e+05   8.0550475e+01   0.0000000e+00   1.5037733e-01
   1.3502803e+00   2.3855348e+05   8.1654004e+01   0.0000000e+00   1.4986114e-01
   1.3505314e+00   2.3778966e+05   8.1127048e+01   0.0000000e+00   1.4812202e-01
   1.3507826e+00   2.3559057e+05   8.0172378e+01   0.0000000e+00   1.4850547e-01
   1.3510337e+00   2.3701262e+05   8.2048818e+01   0.0000000e+00   1.4875250e-01
   1.3512848e+00   2.3514844e+05   8.0468505e+01   0.0000000e+00   1.4658471e-01
   1.3515358e+00   2.3883723e+05   8.1556874e+01   0.0000000e+00   1.4580780e-01
   1.3517869e+00   2.3779874e+05   8.0892082e+01   0.0000000e+00   1.4532996e-01
   1.3520379e+00   2.3885571e+05   8.1146437e+01   0.0000000e+00   1.4561874e-01
   1.3522889e+00   2.3941463e+05   8.1813985e+01   0.0000000e+00   1.4421549e-01
   1.3525398e+00   2.3991118e+05   8.1177295e+01   0.0000000e+00   1.4412632e-01
   1.3527908e+00   2.3860520e+05   8.1211322e+01   0.0000000e+00   1.4388254e-01
   1.3530417e+00   2.3825259e+05   8.1742026e+01   0.0000000e+00   1.4333172e-01
   1.3532925e+00   2.3690362e+05   8.3470268e+01   0.0000000e+00   1.4952548e-01
   1.3535434e+00   2.4021987e+05   8.2847879e+01   0.0000000e+00   1.4526382e-01
   1.3537942e+00   2.3890730e+05   8.1443735e+01   0.0000000e+00   1.4230337e-01
   1.3540450e+00   2.3895117e+05   8.1789815e+01   0.0000000e+00   1.4106149e-01
   1.3542957e+00   2.4121533e+05   8.2616044e+01   0.0000000e+00   1.4096860e-01
   1.3545465e+00   2.4043166e+05   8.1628041e+01   0.0000000e+00   1.3963948e-01
   1.3547972e+00   2.4281636e+05   8.2891027e+01   0.0000000e+00   1.3893996e-01
   1.3550478e+00   2.4281966e+05   8.2848294e+01   0.0000000e+00   1.3847504e-01
   1.3552985e+00   2.3968808e+05   8.2127629e+01   0.0000000e+00   1.3892248e-01
   1.3555491e+00   2.4076411e+05   8.3871837e+01   0.0000000e+00   1.4121830e-01
   1.3557997e+00   2.3853698e+05   8.1279146e+01   0.0000000e+00   1.3752941e-01
   1.3560502e+00   2.4096733e+05   8.2231772e+01   0.0000000e+00   1.3708641e-01
   1.3563007e+00   2.3818520e+05   8.1352730e+01   0.0000000e+00   1.3855278e-01
   1.3565512e+00   2.3731948e+05   8.0788454e+01   0.0000000e+00   1.3644215e-01
   1.3568017e+00   2.4165511e+05   8.2850372e+01   0.0000000e+00   1.3696905e-01
   1.3570521e+00   2.4236604e+05   8.2678603e+01   0.0000000e+00   1.3565671e-01
   1.3573025e+00   2.4264611e+05   8.2440470e+01   0.0000000e+00   1.3605785e-01
   1.3575528e+00   2.4418822e+05   8.2802990e+01   0.0000000e+00   1.3588985e-01
   1.3578031e+00   2.4226742e+05   8.1743309e+01   0.0000000e+00   1.3500456e-01
   1.3580534e+00   2.4185952e+05   8.2753796e+01   0.0000000e+00   1.3547382e-01
   1.3583037e+00   2.4878464e+05   8.4886215e+01   0.0000000e+00   1.3404870e-01
   1.3585539e+00   2.4124509e+05   8.2926318e+01   0.0000000e+00   1.3605121e-01
   1.3588041e+00   2.4519548e+05   8.3457852e+01   0.0000000e+00   1.3430003e-01
   1.3590542e+00   2.4662550e+05   8.3825460e+01   0.0000000e+00   1.3491765e-01
   1.3593044e+00   2.4292175e+05   8.4259270e+01   0.0000000e+00   1.3688954e-01
   1.3595544e+00   2.4396881e+05   8.4144979e+01   0.0000000e+00   1.3348593e-01
   1.3598045e+00   2.4451843e+05   8.4562533e+01   0.0000000e+00   1.3645644e-01
   1.3600545e+00   2.4495513e+05   8.4939139e+01   0.0000000e+00   1.3537982e-01
   1.3603045e+00   2.4590769e+05   8.4131007e+01   0.0000000e+00   1.3267867e-01
   1.3605544e+00   2.4586505e+05   8.4227530e+01   0.0000000e+00   1.3370864e-01
   1.3608043e+00   2.4417244e+05   8.3094661e+01   0.0000000e+00   1.3185623e-01
   1.3610542e+00   2.4392346e+05   8.3027960e+01   0.0000000e+00   1.3259890e-01
   1.3613040e+00   2.4373099e+05   8.3716239e+01   0.0000000e+00   1.3403691e-01
   1.3615538e+00   2.4550194e+05   8.3537480e+01   0.0000000e+00   1.3191306e-01
   1.3618035e+00   2.4420783e+05   8.3957553e+01   0.0000000e+00   1.3331137e-01
   1.3620533e+00   2.4186208e+05   8.4683595e+01   0.0000000e+00   1.3395604e-01
   1.3623029e+00   2.4611570e+05   8.3653950e+01   0.0000000e+00   1.3131355e-01
   1.3625526e+00   2.4242960e+05   8.4090530e+01   0.0000000e+00   1.3280385e-01
   1.3628022e+00   2.4498410e+05   8.4696106e+01   0.0000000e+00   1.3061505e-01
   1.3630517e+00   2.4264099e+05   8.2527714e+01   0.0000000e+00   1.3087715e-01
   1.3633013e+00   2.4084084e+05   8.2827357e+01   0.0000000e+00   1.3355435e-01
   1.3635507e+00   2.4518990e+05   8.3103604e+01   0.0000000e+00   1.3075451e-01
   1.3638002e+00   2.4331128e+05   8.3489839e+01   0.0000000e+00   1.3215395e-01
   1.3640496e+00   2.4427930e+05   8.3136899e+01   0.0000000e+00   1.3042021e-01
   1.3642989e+00   2.4420213e+05   8.3134437e+01   0.0000000e+00   1.3145376e-01
   1.3645483e+00   2.4161543e+05   8.1955745e+01   0.0000000e+00   1.3111617e-01
   1.3647975e+00   2.4442793e+05   8.3519088e+01   0.0000000e+00   1.3135805e-01
   1.3650468e+00   2.4563243e+05   8.3074619e+01   0.0000000e+00   1.3086409e-01
   1.3652960e+00   2.4264660e+05   8.2688660e+01   0.0000000e+00   1.3150838e-01
   1.3655451e+00   2.4568309e+05   8.4029403e+01   0.0000000e+00   1.3170547e-01
   1.3657942e+00   2.4635997e+05   8.4947902e+01   0.0000000e+00   1.3340730e-01
   1.3660433e+00   2.4845103e+05   8.4257417e+01   0.0000000e+00   1.3123505e-01
   1.3662923e+00   2.4839573e+05   8.4095303e+01   0.0000000e+00   1.3192916e-01
   1.3665413e+00   2.4862428e+05   8.5045675e+01   0.0000000e+00   1.3348130e-01
   1.3667903e+00   2.4966046e+05   8.4421351e+01   0.0000000e+00   1.3164719e-01
   1.3670392e+00   2.4797209e+05   8.4356194e+01   0.0000000e+00   1.3180174e-01
   1.3672880e+00   2.4962126e+05   8.5152032e+01   0.0000000e+00   1.3401648e-01
   1.3675368e+00   2.5306427e+05   8.6744639e+01   0.0000000e+00   1.3495959e-01
   1.3677856e+00   2.5425668e+05   8.6496655e+01   0.0000000e+00   1.3346814e-01
   1.3680343e+00   2.5406028e+05   8.6377593e+01   0.0000000e+00   1.3373584e-01
   1.3682830e+00   2.5284942e+05   8.6291656e+01   0.0000000e+00   1.3489650e-01
   1.3685316e+00   2.4870867e+05   8.5959668e+01   0.0000000e+00   1.3634774e-01
   1.3687802e+00   2.4868501e+05   8.6275548e+01   0.0000000e+00   1.3787972e-01
   1.3690287e+00   2.5149895e+05   8.4855271e+01   0.0000000e+00   1.3487917e-01
   1.3692772e+00   2.4982650e+05   8.5379632e+01   0.0000000e+00   1.3724036e-01
   1.3695257e+00   2.5089714e+05   8.6140946e+01   0.0000000e+00   1.3785200e-01
   1.3697741e+00   2.5211398e+05   8.5361584e+01   0.0000000e+00   1.3691620e-01
   1.3700224e+00   2.5242480e+05   8.6197312e+01   0.0000000e+00   1.3893026e-01
   1.3702707e+00   2.5385962e+05   8.7829574e+01   0.0000000e+00   1.3940971e-01
   1.3705190e+00   2.5369124e+05   8.6516334e+01   0.0000000e+00   1.3928675e-01
   1.3707672e+00   2.5737152e+05   8.8351125e+01   0.0000000e+00   1.3992512e-01
   1.3710153e+00   2.5652035e+05   8.6945330e+01   0.0000000e+00   1.4039029e-01
   1.3712635e+00   2.5497752e+05   8.6413213e+01   0.0000000e+00   1.4147183e-01
   1.3715115e+00   2.5420262e+05   8.6908816e+01   0.0000000e+00   1.4290284e-01
   1.3717595e+00   2.5337837e+05   8.7047233e+01   0.0000000e+00   1.4375567e-01
   1.3720075e+00   2.5527178e+05   8.6396595e+01   0.0000000e+00   1.4327749e-01
   1.3722554e+00   2.5364846e+05   8.7006595e+01   0.0000000e+00   1.4623198e-01
   1.3725033e+00   2.5501416e+05   8.6823395e+01   0.0000000e+00   1.4528874e-01
   1.3727511e+00   2.5345049e+05   8.6218496e+01   0.0000000e+00   1.4658420e-01
   1.3729988e+00   2.5452862e+05   8.6795553e+01   0.0000000e+00   1.4835006e-01
   1.3732466e+00   2.5393407e+05   8.5883121e+01   0.0000000e+00   1.4880359e-01
   1.3734942e+00   2.5130948e+05   8.5517595e+01   0.0000000e+00   1.5003710e-01
   1.3737418e+00   2.5125861e+05   8.5703325e+01   0.0000000e+00   1.5121122e-01
   1.3739894e+00   2.5298857e+05   8.6001521e+01   0.0000000e+00   1.5254525e-01
   1.3742369e+00   2.5230228e+05   8.5836572e+01   0.0000000e+00   1.5376985e-01
   1.3744843e+00   2.5120796e+05   8.7199193e+01   0.0000000e+00   1.5903707e-01
   1.3747317e+00   2.5226934e+05   8.6503724e+01   0.0000000e+00   1.5716095e-01
   1.3749791e+00   2.5135015e+05   8.5590930e+01   0.0000000e+00   1.5949779e-01
   1.3752264e+00   2.5489406e+05   8.6763656e+01   0.0000000e+00   1.6023609e-01
   1.3754736e+00   2.5319313e+05   8.6530869e+01   0.0000000e+00   1.6196462e-01
   1.3757208e+00   2.5555320e+05   8.6635649e+01   0.0000000e+00   1.6457610e-01
   1.3759679e+00   2.5388452e+05   8.6114107e+01   0.0000000e+00   1.6459753e-01
   1.3762150e+00   2.5031064e+05   8.5597733e+01   0.0000000e+00   1.6820228e-01
   1.3764620e+00   2.5431164e+05   8.6477122e+01   0.0000000e+00   1.6891122e-01
   1.3767090e+00   2.5504742e+05   8.6669917e+01   0.0000000e+00   1.7054036e-01
   1.3769559e+00   2.5205812e+05   8.6617019e+01   0.0000000e+00   1.7112210e-01
   1.3772028e+00   2.5308849e+05   8.6230410e+01   0.0000000e+00   1.7432229e-01
   1.3774496e+00   2.5110877e+05   8.4972041e+01   0.0000000e+00   1.7700285e-01
   1.3776963e+00   2.5384489e+05   8.6718846e+01   0.0000000e+00   1.7923457e-01
   1.3779430e+00   2.5401334e+05   8.6857279e+01   0.0000000e+00   1.8126366e-01
   1.3781897e+00   2.4964393e+05   8.4435336e+01   0.0000000e+00   1.8347405e-01
   1.3784362e+00   2.5237173e+05   8.6527693e+01   0.0000000e+00   1.8803084e-01
   1.3786828e+00   2.5271302e+05   8.5504005e+01   0.0000000e+00   1.8844394e-01
   1.3789292e+00   2.5341018e+05   8.6086465e+01   0.0000000e+00   1.9240361e-01
   1.3791756e+00   2.5521551e+05   8.7269356e+01   0.0000000e+00   1.9591984e-01
   1.3794220e+00   2.5198146e+05   8.5825978e+01   0.0000000e+00   1.9907226e-01
   1.3796683e+00   2.5455528e+05   8.7407426e+01   0.0000000e+00   2.0382604e-01
   1.3799145e+00   2.5639937e+05   8.7845252e+01   0.0000000e+00   2.0670575e-01
   1.3801607e+00   2.5571209e+05   8.6971651e+01   0.0000000e+00   2.0957182e-01
   1.3804068e+00   2.6069278e+05   8.8698585e+01   0.0000000e+00   2.1168546e-01
   1.3806528e+00   2.5943362e+05   8.9208526e+01   0.0000000e+00   2.1805264e-01
   1.3808988e+00   2.5830729e+05   8.7523625e+01   0.0000000e+00   2.2155981e-01
   1.3811448e+00   2.6044378e+05   8.8550280e+01   0.0000000e+00   2.2701678e-01
   1.3813906e+00   2.5941919e+05   9.0245964e+01   0.0000000e+00   2.3406641e-01
   1.3816364e+00   2.5995040e+05   8.9546715e+01   0.0000000e+00   2.3666470e-01
   1.3818822e+00   2.6292508e+05   8.9458480e+01   0.0000000e+00   2.4198637e-01
   1.3821279e+00   2.6064914e+05   8.8818701e+01   0.0000000e+00   2.4792121e-01
   1.3823735e+00   2.6546734e+05   8.9642473e+01   0.0000000e+00   2.5020287e-01
   1.3826191e+00   2.6363839e+05   8.9710848e+01   0.0000000e+00   2.5748667e-01
   1.3828646e+00   2.6318386e+05   8.9635824e+01   0.0000000e+00   2.6575251e-01
   1.3831100e+00   2.6459320e+05   8.9291676e+01   0.0000000e+00   2.7268773e-01
   1.3833554e+00   2.5846235e+05   8.8298451e+01   0.0000000e+00   2.8125451e-01
   1.3836007e+00   2.6318990e+05   8.8628755e+01   0.0000000e+00   2.8569241e-01
   1.3838460e+00   2.6360121e+05   8.9101077e+01   0.0000000e+00   2.9572745e-01
   1.3840912e+00   2.5904387e+05   8.8613576e+01   0.0000000e+00   3.0581379e-01
   1.3843363e+00   2.6320899e+05   8.9701517e+01   0.0000000e+00   3.1336295e-01
   1.3845813e+00   2.6274504e+05   9.0413635e+01   0.0000000e+00   3.2313332e-01
   1.3848263e+00   2.6731786e+05   9.0475552e+01   0.0000000e+00   3.3164518e-01
   1.3850713e+00   2.6991960e+05   9.1583250e+01   0.0000000e+00   3.4356152e-01
   1.3853161e+00   2.7016487e+05   9.1662911e+01   0.0000000e+00   3.5483226e-01
   1.3855610e+00   2.7299258e+05   9.3262481e+01   0.0000000e+00   3.6581595e-01
   1.3858057e+00   2.6974900e+05   9.1324007e+01   0.0000000e+00   3.7708493e-01
   1.3860504e+00   2.6634027e+05   9.0281539e+01   0.0000000e+00   3.9050359e-01
   1.3862950e+00   2.6785967e+05   9.1318249e+01   0.0000000e+00   4.0464932e-01
   1.3865395e+00   2.6879623e+05   9.1419827e+01   0.0000000e+00   4.1789938e-01
   1.3867840e+00   2.7142589e+05   9.2550706e+01   0.0000000e+00   4.3149329e-01
   1.3870284e+00   2.7325301e+05   9.2719671e+01   0.0000000e+00   4.4712457e-01
   1.3872727e+00   2.6921196e+05   9.2512104e+01   0.0000000e+00   4.6531564e-01
   1.3875170e+00   2.6969285e+05   9.1880552e+01   0.0000000e+00   4.8090385e-01
   1.3877612e+00   2.7161192e+05   9.1693246e+01   0.0000000e+00   4.9571316e-01
   1.3880053e+00   2.7080267e+05   9.1663724e+01   0.0000000e+00   5.1312687e-01
   1.3882494e+00   2.7497441e+05   9.3016080e+01   0.0000000e+00   5.3371966e-01
   1.3884934e+00   2.7399671e+05   9.2496207e+01   0.0000000e+00   5.5365980e-01
   1.3887373e+00   2.7585375e+05   9.3757026e+01   0.0000000e+00   5.7046792e-01
   1.3889812e+00   2.7671200e+05   9.3408632e+01   0.0000000e+00   5.8957060e-01
   1.3892250e+00   2.7530141e+05   9.4082347e+01   0.0000000e+00   6.1349427e-01
   1.3894687e+00   2.8098062e+05   9.5791654e+01   0.0000000e+00   6.3598772e-01
   1.3897123e+00   2.7920480e+05   9.4150025e+01   0.0000000e+00   6.5673425e-01
   1.3899559e+00   2.7617633e+05   9.4649359e+01   0.0000000e+00   6.7360465e-01
   1.3901994e+00   2.7857694e+05   9.4759332e+01   0.0000000e+00   6.9512095e-01
   1.3904429e+00   2.7801466e+05   9.4032072e+01   0.0000000e+00   7.2081341e-01
   1.3906862e+00   2.8039166e+05   9.6917018e+01   0.0000000e+00   7.4373559e-01
   1.3909295e+00   2.7916883e+05   9.5560558e+01   0.0000000e+00   7.6158206e-01
   1.3911728e+00   2.8069980e+05   9.6188747e+01   0.0000000e+00   7.8104526e-01
   1.3914159e+00   2.8612423e+05   9.6296064e+01   0.0000000e+00   8.0371735e-01
   1.3916590e+00   2.8354248e+05   9.6233482e+01   0.0000000e+00   8.2818360e-01
   1.3919020e+00   2.8419318e+05   9.7563935e+01   0.0000000e+00   8.4744091e-01
   1.3921449e+00   2.8578839e+05   9.8756492e+01   0.0000000e+00   8.6398782e-01
   1.3923878e+00   2.8876467e+05   9.7698135e+01   0.0000000e+00   8.8111798e-01
   1.3926306e+00   2.9035846e+05   9.7614879e+01   0.0000000e+00   9.0352622e-01
   1.3928733e+00   2.8809673e+05   9.7484411e+01   0.0000000e+00   9.1971984e-01
   1.3931159e+00   2.8914212e+05   9.7779162e+01   0.0000000e+00   9.3097089e-01
   1.3933585e+00   2.9265068e+05   1.0079643e+02   0.0000000e+00   9.4275679e-01
   1.3936010e+00   2.9103781e+05   1.0126217e+02   0.0000000e+00   9.6090930e-01
   1.3938434e+00   2.9278768e+05   1.0023331e+02   0.0000000e+00   9.7596175e-01
   1.3940857e+00   2.9161180e+05   9.9455016e+01   0.0000000e+00   9.8369003e-01
   1.3943280e+00   2.9183970e+05   1.0054607e+02   0.0000000e+00   9.9147140e-01
   1.3945702e+00   2.9497189e+05   9.9627456e+01   0.0000000e+00   1.0028498e+00
   1.3948123e+00   2.9470013e+05   1.0009520e+02   0.0000000e+00   1.0149568e+00
   1.3950543e+00   2.9533887e+05   9.9223776e+01   0.0000000e+00   1.0207584e+00
   1.3952963e+00   2.9429056e+05   9.9182381e+01   0.0000000e+00   1.0220146e+00
   1.3955382e+00   2.9505387e+05   9.9740035e+01   0.0000000e+00   1.0251683e+00
   1.3957800e+00   2.9331459e+05   9.8995894e+01   0.0000000e+00   1.0322541e+00
   1.3960217e+00   2.9820422e+05   1.0109056e+02   0.0000000e+00   1.0367264e+00
   1.3962634e+00   2.9603925e+05   9.9490637e+01   0.0000000e+00   1.0387823e+00
   1.3965049e+00   2.9712309e+05   1.0015425e+02   0.0000000e+00   1.0336061e+00
   1.3967464e+00   2.9753054e+05   1.0101121e+02   0.0000000e+00   1.0353229e+00
   1.3969879e+00   2.9802395e+05   1.0213245e+02   0.0000000e+00   1.0374009e+00
   1.3972292e+00   3.0223105e+05   1.0335658e+02   0.0000000e+00   1.0403682e+00
   1.3974704e+00   3.0176533e+05   1.0236065e+02   0.0000000e+00   1.0347472e+00
   1.3977116e+00   3.0239960e+05   1.0402151e+02   0.0000000e+00   1.0299142e+00
   1.3979527e+00   3.0197050e+05   1.0281131e+02   0.0000000e+00   1.0330547e+00
   1.3981937e+00   2.9910827e+05   1.0189114e+02   0.0000000e+00   1.0348036e+00
   1.3984347e+00   3.0197879e+05   1.0235871e+02   0.0000000e+00   1.0270667e+00
   1.3986755e+00   3.0547968e+05   1.0330569e+02   0.0000000e+00   1.0227325e+00
   1.3989163e+00   3.0331322e+05   1.0319674e+02   0.0000000e+00   1.0178745e+00
   1.3991570e+00   3.0616251e+05   1.0281156e+02   0.0000000e+00   1.0211700e+00
   1.3993976e+00   3.0514296e+05   1.0376814e+02   0.0000000e+00   1.0179825e+00
   1.3996381e+00   3.0878555e+05   1.0610910e+02   0.0000000e+00   1.0120179e+00
   1.3998786e+00   3.1043579e+05   1.0584510e+02   0.0000000e+00   1.0048367e+00
   1.4001190e+00   3.0727110e+05   1.0489687e+02   0.0000000e+00   1.0073578e+00
   1.4003592e+00   3.0998325e+05   1.0489367e+02   0.0000000e+00   1.0015345e+00
   1.4005994e+00   3.1284371e+05   1.0626895e+02   0.0000000e+00   9.9791907e-01
   1.4008396e+00   3.1110836e+05   1.0558933e+02   0.0000000e+00   9.9224648e-01
   1.4010796e+00   3.1367863e+05   1.0612281e+02   0.0000000e+00   9.8815879e-01
   1.4013195e+00   3.1174846e+05   1.0546116e+02   0.0000000e+00   9.9063699e-01
   1.4015594e+00   3.1644402e+05   1.0666201e+02   0.0000000e+00   9.8865821e-01
   1.4017992e+00   3.1584245e+05   1.0614630e+02   0.0000000e+00   9.7965481e-01
   1.4020389e+00   3.1442080e+05   1.0577438e+02   0.0000000e+00   9.7551171e-01
   1.4022785e+00   3.1811885e+05   1.0797030e+02   0.0000000e+00   9.7699528e-01
   1.4025180e+00   3.1721085e+05   1.0659271e+02   0.0000000e+00   9.7675999e-01
   1.4027574e+00   3.1619941e+05   1.0671767e+02   0.0000000e+00   9.7197214e-01
   1.4029968e+00   3.1952526e+05   1.0763888e+02   0.0000000e+00   9.6756592e-01
   1.4032361e+00   3.1832344e+05   1.0692098e+02   0.0000000e+00   9.6549565e-01
   1.4034753e+00   3.1821208e+05   1.0836345e+02   0.0000000e+00   9.6685009e-01
   1.4037143e+00   3.1887527e+05   1.0765953e+02   0.0000000e+00   9.6563018e-01
   1.4039534e+00   3.2143747e+05   1.0776814e+02   0.0000000e+00   9.6096759e-01
   1.4041923e+00   3.2359179e+05   1.1118454e+02   0.0000000e+00   9.5719095e-01
   1.4044311e+00   3.2136060e+05   1.0856920e+02   0.0000000e+00   9.6038052e-01
   1.4046699e+00   3.2481721e+05   1.0905738e+02   0.0000000e+00   9.6205236e-01
   1.4049085e+00   3.2362151e+05   1.0842028e+02   0.0000000e+00   9.5994037e-01
   1.4051471e+00   3.2296938e+05   1.0851036e+02   0.0000000e+00   9.5613602e-01
   1.4053856e+00   3.2584115e+05   1.0958414e+02   0.0000000e+00   9.5378029e-01
   1.4056239e+00   3.2275351e+05   1.0960379e+02   0.0000000e+00   9.5479667e-01
   1.4058622e+00   3.2306227e+05   1.1025027e+02   0.0000000e+00   9.5574960e-01
   1.4061005e+00   3.2736385e+05   1.1054580e+02   0.0000000e+00   9.5106539e-01
   1.4063386e+00   3.2809372e+05   1.1102518e+02   0.0000000e+00   9.5035343e-01
   1.4065766e+00   3.2883912e+05   1.1177717e+02   0.0000000e+00   9.5429384e-01
   1.4068146e+00   3.3079948e+05   1.1152326e+02   0.0000000e+00   9.5679016e-01
   1.4070524e+00   3.3142061e+05   1.1210948e+02   0.0000000e+00   9.5062192e-01
   1.4072902e+00   3.3405888e+05   1.1513214e+02   0.0000000e+00   9.4607925e-01
   1.4075278e+00   3.3292509e+05   1.1262503e+02   0.0000000e+00   9.4875588e-01
   1.4077654e+00   3.3691911e+05   1.1471034e+02   0.0000000e+00   9.5334305e-01
   1.4080029e+00   3.3965520e+05   1.1452554e+02   0.0000000e+00   9.5353864e-01
   1.4082403e+00   3.3732252e+05   1.1361449e+02   0.0000000e+00   9.4993127e-01
   1.4084776e+00   3.4012985e+05   1.1542337e+02   0.0000000e+00   9.4893132e-01
   1.4087148e+00   3.4397812e+05   1.1588722e+02   0.0000000e+00   9.5123217e-01
   1.4089519e+00   3.4604912e+05   1.1635804e+02   0.0000000e+00   9.5367520e-01
   1.4091889e+00   3.4623079e+05   1.1670605e+02   0.0000000e+00   9.4924036e-01
   1.4094258e+00   3.4682160e+05   1.1651326e+02   0.0000000e+00   9.4621274e-01
   1.4096627e+00   3.4922664e+05   1.1760825e+02   0.0000000e+00   9.4958256e-01
   1.4098994e+00   3.4778504e+05   1.1768992e+02   0.0000000e+00   9.5542663e-01
   1.4101361e+00   3.4899924e+05   1.1730464e+02   0.0000000e+00   9.5386159e-01
   1.4103726e+00   3.5594877e+05   1.1909913e+02   0.0000000e+00   9.4987471e-01
   1.4106091e+00   3.5269504e+05   1.1866214e+02   0.0000000e+00   9.4760717e-01
   1.4108454e+00   3.5450159e+05   1.1960906e+02   0.0000000e+00   9.5192652e-01
   1.4110817e+00   3.5906189e+05   1.2029546e+02   0.0000000e+00   9.5266314e-01
   1.4113179e+00   3.5580356e+05   1.2087574e+02   0.0000000e+00   9.4989247e-01
   1.4115539e+00   3.5917208e+05   1.2202710e+02   0.0000000e+00   9.4864268e-01
   1.4117899e+00   3.6370385e+05   1.2194766e+02   0.0000000e+00   9.5117973e-01
   1.4120258e+00   3.6124349e+05   1.2151127e+02   0.0000000e+00   9.5474982e-01
   1.4122616e+00   3.6338813e+05   1.2355014e+02   0.0000000e+00   9.5323146e-01
   1.4124972e+00   3.6144769e+05   1.2229504e+02   0.0000000e+00   9.4907629e-01
   1.4127328e+00   3.6668428e+05   1.2328405e+02   0.0000000e+00   9.4761741e-01
   1.4129683e+00   3.6965688e+05   1.2350893e+02   0.0000000e+00   9.5079043e-01
   1.4132037e+00   3.6698046e+05   1.2298710e+02   0.0000000e+00   9.5326407e-01
   1.4134390e+00   3.6911224e+05   1.2355342e+02   0.0000000e+00   9.5000906e-01
   1.4136742e+00   3.6958780e+05   1.2385066e+02   0.0000000e+00   9.4733619e-01
   1.4139093e+00   3.6930735e+05   1.2459535e+02   0.0000000e+00   9.4770829e-01
   1.4141443e+00   3.7634126e+05   1.2661364e+02   0.0000000e+00   9.5052264e-01
   1.4143792e+00   3.7368213e+05   1.2638495e+02   0.0000000e+00   9.4927534e-01
   1.4146140e+00   3.7135105e+05   1.2663549e+02   0.0000000e+00   9.4568528e-01
   1.4148487e+00   3.7591089e+05   1.2772587e+02   0.0000000e+00   9.4503931e-01
   1.4150833e+00   3.7632805e+05   1.2629342e+02   0.0000000e+00   9.4559393e-01
   1.4153178e+00   3.8017609e+05   1.2742128e+02   0.0000000e+00   9.4727820e-01
   1.4155521e+00   3.7865999e+05   1.2668573e+02   0.0000000e+00   9.4442405e-01
   1.4157864e+00   3.8027188e+05   1.2717266e+02   0.0000000e+00   9.3994086e-01
   1.4160206e+00   3.8318846e+05   1.2957297e+02   0.0000000e+00   9.3720894e-01
   1.4162547e+00   3.8320532e+05   1.2812879e+02   0.0000000e+00   9.4208251e-01
   1.4164887e+00   3.8748740e+05   1.3085151e+02   0.0000000e+00   9.4521170e-01
   1.4167226e+00   3.8548455e+05   1.3006315e+02   0.0000000e+00   9.3706645e-01
   1.4169564e+00   3.9112705e+05   1.3033719e+02   0.0000000e+00   9.3498681e-01
   1.4171900e+00   3.9396296e+05   1.3328235e+02   0.0000000e+00   9.3884845e-01
   1.4174236e+00   3.9444520e+05   1.3289321e+02   0.0000000e+00   9.3886942e-01
   1.4176571e+00   3.9902423e+05   1.3406853e+02   0.0000000e+00   9.3460916e-01
   1.4178904e+00   3.9860760e+05   1.3374876e+02   0.0000000e+00   9.3231032e-01
   1.4181237e+00   4.0350472e+05   1.3466941e+02   0.0000000e+00   9.3185425e-01
   1.4183569e+00   4.0167555e+05   1.3426571e+02   0.0000000e+00   9.3229350e-01
   1.4185899e+00   4.0637996e+05   1.3631472e+02   0.0000000e+00   9.3138673e-01
   1.4188229e+00   4.0786285e+05   1.3583252e+02   0.0000000e+00   9.2811539e-01
   1.4190557e+00   4.1114436e+05   1.3687370e+02   0.0000000e+00   9.2484521e-01
   1.4192884e+00   4.0956577e+05   1.3822568e+02   0.0000000e+00   9.2848085e-01
   1.4195211e+00   4.1351693e+05   1.3867641e+02   0.0000000e+00   9.2948750e-01
   1.4197536e+00   4.1880449e+05   1.4017562e+02   0.0000000e+00   9.2402794e-01
   1.4199860e+00   4.1494054e+05   1.4130691e+02   0.0000000e+00   9.2091906e-01
   1.4202183e+00   4.1863176e+05   1.4165145e+02   0.0000000e+00   9.1907744e-01
   1.4204505e+00   4.2370537e+05   1.4386496e+02   0.0000000e+00   9.2015834e-01
   1.4206826e+00   4.2519290e+05   1.4258754e+02   0.0000000e+00   9.2050726e-01
   1.4209146e+00   4.3097503e+05   1.4367532e+02   0.0000000e+00   9.1449638e-01
   1.4211465e+00   4.3232199e+05   1.4431751e+02   0.0000000e+00   9.1405721e-01
   1.4213782e+00   4.3247966e+05   1.4589280e+02   0.0000000e+00   9.1757481e-01
   1.4216099e+00   4.3517493e+05   1.4642670e+02   0.0000000e+00   9.1764687e-01
   1.4218415e+00   4.3535572e+05   1.4574743e+02   0.0000000e+00   9.1304182e-01
   1.4220729e+00   4.3864642e+05   1.4612599e+02   0.0000000e+00   9.0808250e-01
   1.4223042e+00   4.3702463e+05   1.4715893e+02   0.0000000e+00   9.0906708e-01
   1.4225355e+00   4.3865963e+05   1.4647316e+02   0.0000000e+00   9.1247883e-01
   1.4227666e+00   4.4016582e+05   1.4870458e+02   0.0000000e+00   9.1300458e-01
   1.4229976e+00   4.4358785e+05   1.4942219e+02   0.0000000e+00   9.0860010e-01
   1.4232285e+00   4.4711166e+05   1.4925308e+02   0.0000000e+00   9.0380591e-01
   1.4234593e+00   4.5412922e+05   1.5306777e+02   0.0000000e+00   9.0624361e-01
   1.4236899e+00   4.5590799e+05   1.5183297e+02   0.0000000e+00   9.1075802e-01
   1.4239205e+00   4.5910212e+05   1.5276385e+02   0.0000000e+00   9.0771037e-01
   1.4241510e+00   4.6100039e+05   1.5418919e+02   0.0000000e+00   9.0295446e-01
   1.4243813e+00   4.6076808e+05   1.5392254e+02   0.0000000e+00   9.0007135e-01
   1.4246115e+00   4.6053052e+05   1.5360038e+02   0.0000000e+00   9.0228203e-01
   1.4248416e+00   4.5971979e+05   1.5416161e+02   0.0000000e+00   9.0443602e-01
   1.4250716e+00   4.6256847e+05   1.5402665e+02   0.0000000e+00   8.9695292e-01
   1.4253015e+00   4.6803683e+05   1.5759691e+02   0.0000000e+00   8.9347459e-01
   1.4255313e+00   4.7019702e+05   1.5645079e+02   0.0000000e+00   8.9711989e-01
   1.4257609e+00   4.7520693e+05   1.5957876e+02   0.0000000e+00   8.9850771e-01
   1.4259905e+00   4.7786836e+05   1.5927464e+02   0.0000000e+00   8.9798910e-01
   1.4262199e+00   4.7717973e+05   1.5991840e+02   0.0000000e+00   8.9231484e-01
   1.4264492e+00   4.8365306e+05   1.6436542e+02   0.0000000e+00   8.9303098e-01
   1.4266784e+00   4.8512013e+05   1.6227995e+02   0.0000000e+00   8.9188614e-01
   1.4269075e+00   4.9018344e+05   1.6448429e+02   0.0000000e+00   8.9451986e-01
   1.4271365e+00   4.9011008e+05   1.6815633e+02   0.0000000e+00   8.9151135e-01
   1.4273654e+00   4.9368973e+05   1.6419477e+02   0.0000000e+00   8.8799823e-01
   1.4275941e+00   4.9927364e+05   1.6604076e+02   0.0000000e+00   8.8599064e-01
   1.4278227e+00   5.0155587e+05   1.6788212e+02   0.0000000e+00   8.9129062e-01
   1.4280512e+00   5.0666914e+05   1.6900509e+02   0.0000000e+00   8.8822713e-01
   1.4282796e+00   5.0869787e+05   1.7169353e+02   0.0000000e+00   8.8273643e-01
   1.4285079e+00   5.1246927e+05   1.7103005e+02   0.0000000e+00   8.8115936e-01
   1.4287360e+00   5.1846300e+05   1.7293259e+02   0.0000000e+00   8.8111989e-01
   1.4289641e+00   5.1675973e+05   1.7372013e+02   0.0000000e+00   8.8085163e-01
   1.4291920e+00   5.2443095e+05   1.7455134e+02   0.0000000e+00   8.7710896e-01
   1.4294198e+00   5.2783499e+05   1.7559176e+02   0.0000000e+00   8.7315790e-01
   1.4296475e+00   5.3193091e+05   1.7729111e+02   0.0000000e+00   8.7656279e-01
   1.4298750e+00   5.3689521e+05   1.7927191e+02   0.0000000e+00   8.7858919e-01
   1.4301025e+00   5.4014293e+05   1.7991155e+02   0.0000000e+00   8.7780475e-01
   1.4303298e+00   5.4044878e+05   1.7995995e+02   0.0000000e+00   8.7341492e-01
   1.4305570e+00   5.4359047e+05   1.8120604e+02   0.0000000e+00   8.6974945e-01
   1.4307841e+00   5.4723372e+05   1.8325360e+02   0.0000000e+00   8.7430319e-01
   1.4310111e+00   5.5307680e+05   1.8468706e+02   0.0000000e+00   8.7359527e-01
   1.4312379e+00   5.6219979e+05   1.8643015e+02   0.0000000e+00   8.6973692e-01
   1.4314646e+00   5.6275263e+05   1.8720289e+02   0.0000000e+00   8.6634708e-01
   1.4316912e+00   5.7218912e+05   1.8993077e+02   0.0000000e+00   8.6934311e-01
   1.4319177e+00   5.7150819e+05   1.9042942e+02   0.0000000e+00   8.7241822e-01
   1.4321441e+00   5.7437801e+05   1.9289595e+02   0.0000000e+00   8.7575789e-01
   1.4323703e+00   5.9166615e+05   1.9756366e+02   0.0000000e+00   8.7741467e-01
   1.4325964e+00   5.9932076e+05   2.0235215e+02   0.0000000e+00   8.8180981e-01
   1.4328224e+00   6.1235654e+05   2.0341944e+02   0.0000000e+00   8.9772024e-01
   1.4330483e+00   6.1001697e+05   2.0408399e+02   0.0000000e+00   9.2610769e-01
   1.4332740e+00   6.3825074e+05   2.2558320e+02   0.0000000e+00   9.5672367e-01
