   1.9420100e+00   0.0000000e+00   0.0000000e+00   0.0000000e+00   0.0000000e+00
   1.9423500e+00   0.0000000e+00   0.0000000e+00   0.0000000e+00   0.0000000e+00
   1.9426900e+00   0.0000000e+00   0.0000000e+00   0.0000000e+00   0.0000000e+00
   1.9430300e+00   0.0000000e+00   0.0000000e+00   0.0000000e+00   0.0000000e+00
   1.9433700e+00   0.0000000e+00   0.0000000e+00   0.0000000e+00   0.0000000e+00
   1.9437100e+00   0.0000000e+00   0.0000000e+00   0.0000000e+00   0.0000000e+00
   1.9440500e+00   0.0000000e+00   0.0000000e+00   0.0000000e+00   0.0000000e+00
   1.9443900e+00   0.0000000e+00   0.0000000e+00   0.0000000e+00   0.0000000e+00
   1.9447300e+00   0.0000000e+00   0.0000000e+00   0.0000000e+00   0.0000000e+00
   1.9450700e+00   0.0000000e+00   0.0000000e+00   0.0000000e+00   0.0000000e+00
   1.9454100e+00   0.0000000e+00   0.0000000e+00   0.0000000e+00   0.0000000e+00
   1.9457500e+00   0.0000000e+00   0.0000000e+00   0.0000000e+00   0.0000000e+00
   1.9460900e+00   0.0000000e+00   0.0000000e+00   0.0000000e+00   0.0000000e+00
   1.9464300e+00   0.0000000e+00   0.0000000e+00   0.0000000e+00   0.0000000e+00
   1.9467700e+00   0.0000000e+00   0.0000000e+00   0.0000000e+00   0.0000000e+00
   1.9471100e+00   0.0000000e+00   0.0000000e+00   0.0000000e+00   0.0000000e+00
   1.9474500e+00   0.0000000e+00   0.0000000e+00   0.0000000e+00   0.0000000e+00
   1.9477900e+00   0.0000000e+00   0.0000000e+00   0.0000000e+00   0.0000000e+00
   1.9481300e+00   0.0000000e+00   0.0000000e+00   0.0000000e+00   0.0000000e+00
   1.9484800e+00   0.0000000e+00   0.0000000e+00   0.0000000e+00   0.0000000e+00
   1.9488200e+00   0.0000000e+00   0.0000000e+00   0.0000000e+00   0.0000000e+00
   1.9491600e+00   0.0000000e+00   0.0000000e+00   0.0000000e+00   0.0000000e+00
   1.9495000e+00   0.0000000e+00   0.0000000e+00   0.0000000e+00   0.0000000e+00
   1.9498400e+00   0.0000000e+00   0.0000000e+00   0.0000000e+00   0.0000000e+00
   1.9501900e+00   1.9807393e+05   2.7515850e+02   0.0000000e+00   0.0000000e+00
   1.9505300e+00   1.9683643e+05   2.7675100e+02   0.0000000e+00   0.0000000e+00
   1.9508700e+00   2.0887969e+05   2.8955214e+02   0.0000000e+00   0.0000000e+00
   1.9512200e+00   1.8870648e+05   2.6897526e+02   0.0000000e+00   0.0000000e+00
   1.9515600e+00   2.0465042e+05   2.8977796e+02   0.0000000e+00   0.0000000e+00
   1.9519000e+00   1.8912850e+05   2.7182437e+02   0.0000000e+00   0.0000000e+00
   1.9522500e+00   1.9295315e+05   2.7470844e+02   0.0000000e+00   0.0000000e+00
   1.9525900e+00   2.0287462e+05   2.9445752e+02   0.0000000e+00   0.0000000e+00
   1.9529300e+00   1.9833985e+05   3.3747604e+02   0.0000000e+00   0.0000000e+00
   1.9532800e+00   2.0573842e+05   2.8299057e+02   0.0000000e+00   0.0000000e+00
   1.9536200e+00   1.9286073e+05   2.6666437e+02   0.0000000e+00   0.0000000e+00
   1.9539700e+00   1.8886045e+05   2.6187693e+02   0.0000000e+00   0.0000000e+00
   1.9543100e+00   1.9190897e+05   2.8338327e+02   0.0000000e+00   0.0000000e+00
   1.9546600e+00   1.8435511e+05   2.6487596e+02   0.0000000e+00   0.0000000e+00
   1.9550000e+00   1.9602930e+05   2.6156349e+02   0.0000000e+00   0.0000000e+00
   1.9553500e+00   1.9300288e+05   2.6640652e+02   0.0000000e+00   0.0000000e+00
   1.9556900e+00   1.9695997e+05   2.8389992e+02   0.0000000e+00   0.0000000e+00
   1.9560400e+00   1.9078868e+05   2.7249167e+02   0.0000000e+00   0.0000000e+00
   1.9563800e+00   1.8292023e+05   2.5229959e+02   0.0000000e+00   0.0000000e+00
   1.9567300e+00   2.5078948e+05   2.3305852e+03   0.0000000e+00   0.0000000e+00
   1.9570700e+00   1.6888686e+05   2.7321688e+02   0.0000000e+00   0.0000000e+00
   1.9574200e+00   1.8554932e+05   2.6793387e+02   0.0000000e+00   0.0000000e+00
   1.9577700e+00   1.8732739e+05   2.6546244e+02   0.0000000e+00   0.0000000e+00
   1.9581100e+00   1.6378195e+05   2.6522045e+02   0.0000000e+00   0.0000000e+00
   1.9584600e+00   1.8281406e+05   2.8561337e+02   0.0000000e+00   0.0000000e+00
   1.9588100e+00   1.7396833e+05   2.7948254e+02   0.0000000e+00   0.0000000e+00
   1.9591500e+00   1.7418552e+05   2.5974410e+02   0.0000000e+00   0.0000000e+00
   1.9595000e+00   1.7191231e+05   2.4122796e+02   0.0000000e+00   0.0000000e+00
   1.9598500e+00   1.8386702e+05   2.6339337e+02   0.0000000e+00   0.0000000e+00
   1.9602000e+00   1.7371056e+05   2.6797187e+02  -2.5315388e+03   0.0000000e+00
   1.9605400e+00   1.6417791e+05   2.6156549e+02  -1.2758801e+04   0.0000000e+00
   1.9608900e+00   1.8846416e+05   2.6500731e+02   1.1625470e+04   0.0000000e+00
   1.9612400e+00   1.8057792e+05   2.9347459e+02   4.7761486e+03   0.0000000e+00
   1.9615900e+00   1.6723498e+05   2.4308225e+02  -6.6470708e+03   0.0000000e+00
   1.9619400e+00   1.7639381e+05   2.6477109e+02   5.0897630e+03   0.0000000e+00
   1.9622900e+00   1.6529259e+05   2.2988939e+02  -3.1040056e+03   0.0000000e+00
   1.9626300e+00   1.6305921e+05   2.2088640e+02  -2.4471322e+03   0.0000000e+00
   1.9629800e+00   1.6356810e+05   2.4602702e+02   6.4717996e+02   0.0000000e+00
   1.9633300e+00   1.5039968e+05   2.1799769e+02  -1.0420236e+04   0.0000000e+00
   1.9636800e+00   1.6703354e+05   2.7804810e+02   7.7698471e+03   0.0000000e+00
   1.9640300e+00   1.6313879e+05   2.3134964e+02   4.9246584e+03   0.0000000e+00
   1.9643800e+00   1.6154785e+05   2.8394135e+02   3.9776084e+03   0.0000000e+00
   1.9647300e+00   1.5393994e+05   2.2529655e+02  -3.2633438e+03   0.0000000e+00
   1.9650800e+00   1.5792626e+05   2.2589712e+02   9.3879657e+02   0.0000000e+00
   1.9654300e+00   1.4861951e+05   2.8577219e+02  -8.1905475e+03   0.0000000e+00
   1.9657800e+00   1.5586111e+05   2.1131495e+02  -7.1316338e+02   0.0000000e+00
   1.9661300e+00   1.6012809e+05   2.6588722e+02   3.9268574e+03   0.0000000e+00
   1.9664800e+00   1.6348224e+05   2.4792763e+02   7.8457018e+03   0.0000000e+00
   1.9668300e+00   1.4271449e+05   2.1971588e+02   0.0000000e+00   0.0000000e+00
   1.9671800e+00   1.5873745e+05   2.3522877e+02   0.0000000e+00   0.0000000e+00
   1.9675400e+00   1.5352811e+05   2.2643687e+02   7.7570151e+02   0.0000000e+00
   1.9678900e+00   1.5924418e+05   2.3025032e+02   7.6501315e+03   0.0000000e+00
   1.9682400e+00   1.4630658e+05   2.2783980e+02  -4.1959377e+03   0.0000000e+00
   1.9685900e+00   1.4148563e+05   1.9939674e+02  -8.0794286e+03   0.0000000e+00
   1.9689400e+00   1.4316732e+05   2.1686146e+02  -5.6630400e+03   0.0000000e+00
   1.9692900e+00   1.6005542e+05   3.5534214e+02   0.0000000e+00   0.0000000e+00
   1.9696500e+00   1.4970505e+05   2.1627887e+02   0.0000000e+00   0.0000000e+00
   1.9700000e+00   1.4608633e+05   2.1769271e+02   0.0000000e+00   0.0000000e+00
   1.9703500e+00   1.4965051e+05   2.2284940e+02   0.0000000e+00   0.0000000e+00
   1.9707000e+00   1.4230387e+05   2.1263435e+02   0.0000000e+00   0.0000000e+00
   1.9710600e+00   1.4681132e+05   2.2327376e+02   1.0418040e+02   0.0000000e+00
   1.9714100e+00   1.4529429e+05   2.0437524e+02  -8.1682564e+02   0.0000000e+00
   1.9717600e+00   1.3929549e+05   2.1442700e+02  -6.0743474e+03   0.0000000e+00
   1.9721200e+00   1.5367637e+05   2.3190610e+02   9.1087958e+03   0.0000000e+00
   1.9724700e+00   1.4090798e+05   2.0056792e+02  -2.9593545e+03   0.0000000e+00
   1.9728200e+00   1.4755319e+05   5.4730367e+02   0.0000000e+00   0.0000000e+00
   1.9731800e+00   1.4721414e+05   2.0906863e+02   0.0000000e+00   0.0000000e+00
   1.9735300e+00   1.4601346e+05   2.2060224e+02   0.0000000e+00   0.0000000e+00
   1.9738900e+00   1.4074874e+05   2.1117063e+02   0.0000000e+00   0.0000000e+00
   1.9742400e+00   1.5018740e+05   2.6557108e+02   0.0000000e+00   0.0000000e+00
   1.9746000e+00   1.4460073e+05   2.2013381e+02   0.0000000e+00   0.0000000e+00
   1.9749500e+00   1.5056887e+05   2.7441968e+02  -5.1221879e+03   0.0000000e+00
   1.9753000e+00   1.4298879e+05   2.1368529e+02  -1.5120062e+04   0.0000000e+00
   1.9756600e+00   2.0807139e+05   1.6910313e+03   4.8781942e+04   0.0000000e+00
   1.9760200e+00   1.4565460e+05   2.1407861e+02  -1.3233364e+04   0.0000000e+00
   1.9763700e+00   1.5195925e+05   2.2248389e+02  -4.9022059e+03   0.0000000e+00
   1.9767300e+00   1.4845868e+05   2.2356495e+02  -5.0481520e+03   0.0000000e+00
   1.9770800e+00   1.4193672e+05   2.1307292e+02  -7.4871355e+03   0.0000000e+00
   1.9774400e+00   1.4895841e+05   2.2191571e+02   3.5653922e+03   0.0000000e+00
   1.9777900e+00   1.4961745e+05   2.4129225e+02   7.3895907e+03   0.0000000e+00
   1.9781500e+00   1.4460027e+05   2.2307290e+02   3.9863279e+03   0.0000000e+00
   1.9785100e+00   1.4235648e+05   2.1443371e+02   1.3908794e+03   0.0000000e+00
   1.9788600e+00   1.4594340e+05   2.1451453e+02   2.6144149e+03   0.0000000e+00
   1.9792200e+00   1.2453977e+05   1.9578032e+02  -2.2806427e+04   0.0000000e+00
   1.9795800e+00   1.4377326e+05   2.2667218e+02  -8.5386004e+03   0.0000000e+00
   1.9799300e+00   1.7015387e+05   2.4410435e+02   1.2831588e+04   0.0000000e+00
   1.9802900e+00   1.6232035e+05   2.2296965e+02   8.4576299e+02   0.0000000e+00
   1.9806500e+00   1.6499731e+05   2.3447876e+02   9.2794584e+02   0.0000000e+00
   1.9810100e+00   2.0878800e+05   2.1909785e+03   4.4012229e+04   0.0000000e+00
   1.9813600e+00   1.3797605e+05   2.1538873e+02  -2.5692447e+04   0.0000000e+00
   1.9817200e+00   1.5072352e+05   2.3110405e+02  -1.0428062e+04   0.0000000e+00
   1.9820800e+00   1.4158862e+05   2.0922992e+02  -1.6222509e+04   0.0000000e+00
   1.9824400e+00   1.5619068e+05   2.1744766e+02   1.9445508e+03   0.0000000e+00
   1.9828000e+00   1.5800610e+05   2.2626977e+02   7.0901797e+03   0.0000000e+00
   1.9831500e+00   1.5371038e+05   2.3296570e+02   5.6357194e+03   0.0000000e+00
   1.9835100e+00   1.4784489e+05   2.2404915e+02   2.0633453e+03   0.0000000e+00
   1.9838700e+00   1.4491421e+05   2.2110892e+02   9.4491011e+02   0.0000000e+00
   1.9842300e+00   1.3920223e+05   2.0135676e+02  -3.3237412e+03   0.0000000e+00
   1.9845900e+00   1.4494194e+05   2.1380002e+02   3.5794104e+03   0.0000000e+00
   1.9849500e+00   1.3285349e+05   2.2559237e+02  -7.5934664e+03   0.0000000e+00
   1.9853100e+00   1.4268036e+05   2.1031313e+02   2.8712167e+03   0.0000000e+00
   1.9856700e+00   1.4170652e+05   2.1537903e+02   2.1867499e+03   0.0000000e+00
   1.9860300e+00   1.3712620e+05   2.0340499e+02  -2.5258941e+03   0.0000000e+00
   1.9863900e+00   1.4928813e+05   2.3585770e+02   9.0478894e+03   0.0000000e+00
   1.9867500e+00   1.3896958e+05   2.1104311e+02  -2.2755865e+03   0.0000000e+00
   1.9871100e+00   1.2768580e+05   2.0133947e+02  -1.4849916e+04   0.0000000e+00
   1.9874700e+00   1.4358331e+05   2.2206824e+02  -3.2189777e+02   0.0000000e+00
   1.9878300e+00   1.5070531e+05   3.7804661e+02   5.5868986e+03   0.0000000e+00
   1.9881900e+00   1.5826752e+05   3.2685375e+02   1.2298842e+04   0.0000000e+00
   1.9885500e+00   1.3848758e+05   2.0712482e+02   0.0000000e+00   0.0000000e+00
   1.9889100e+00   1.4969196e+05   2.2158211e+02   0.0000000e+00   0.0000000e+00
   1.9892700e+00   1.4406881e+05   2.1521579e+02   0.0000000e+00   0.0000000e+00
   1.9896400e+00   1.4451134e+05   2.0918273e+02   0.0000000e+00   0.0000000e+00
   1.9900000e+00   1.3868730e+05   2.1051022e+02   0.0000000e+00   0.0000000e+00
   1.9903600e+00   1.4621590e+05   2.1397200e+02   0.0000000e+00   0.0000000e+00
   1.9907200e+00   1.4813697e+05   2.2415822e+02   3.8008695e+03   0.0000000e+00
   1.9910800e+00   1.3842978e+05   2.0270671e+02  -6.4346845e+03   0.0000000e+00
   1.9914500e+00   1.5503767e+05   2.2269142e+02   9.3845888e+03   0.0000000e+00
   1.9918100e+00   1.4425744e+05   2.1300843e+02   0.0000000e+00   0.0000000e+00
   1.9921700e+00   1.4771156e+05   2.2199406e+02   0.0000000e+00   0.0000000e+00
   1.9925300e+00   1.3639466e+05   2.0885959e+02   0.0000000e+00   0.0000000e+00
   1.9929000e+00   1.4618872e+05   2.1056693e+02   0.0000000e+00   0.0000000e+00
   1.9932600e+00   1.5049459e+05   2.3722053e+02   0.0000000e+00   0.0000000e+00
   1.9936200e+00   1.4899765e+05   2.3800948e+02   6.6548829e+03   0.0000000e+00
   1.9939900e+00   1.3560101e+05   2.0320806e+02  -4.1015215e+03   0.0000000e+00
   1.9943500e+00   1.4178023e+05   2.1442044e+02   4.5727022e+03   0.0000000e+00
   1.9947100e+00   1.2975236e+05   2.0598551e+02  -5.6744870e+03   0.0000000e+00
   1.9950800e+00   1.4232109e+05   2.0050538e+02   7.4508076e+03   0.0000000e+00
   1.9954400e+00   1.2927144e+05   2.0379183e+02  -6.5747003e+03   0.0000000e+00
   1.9958100e+00   1.4011797e+05   2.1219345e+02   1.7633551e+03   0.0000000e+00
   1.9961700e+00   1.3361668e+05   2.0525154e+02  -8.4272589e+03   0.0000000e+00
   1.9965300e+00   1.4258267e+05   2.2056555e+02  -3.6761643e+03   0.0000000e+00
   1.9969000e+00   1.4777053e+05   2.3003691e+02  -2.4012756e+03   0.0000000e+00
   1.9972600e+00   1.5926397e+05   2.2532062e+02   6.2881959e+03   0.0000000e+00
   1.9976300e+00   1.6768962e+05   2.3699312e+02   1.3608625e+04   0.0000000e+00
   1.9979900e+00   1.5687414e+05   2.3148858e+02   3.6129266e+03   0.0000000e+00
   1.9983600e+00   1.4932489e+05   2.3036964e+02  -1.3821111e+03   0.0000000e+00
   1.9987300e+00   1.3960100e+05   2.1407435e+02  -7.3726101e+03   0.0000000e+00
   1.9990900e+00   1.3649762e+05   2.0927198e+02  -6.3412071e+03   0.0000000e+00
   1.9994600e+00   1.3927003e+05   2.1443308e+02   1.5720261e+02   0.0000000e+00
   1.9998200e+00   1.3998802e+05   2.2435351e+02   3.5325537e+03   0.0000000e+00
   2.0001900e+00   1.3071751e+05   2.1879780e+02  -4.5270144e+03   0.0000000e+00
   2.0005500e+00   1.3375401e+05   2.1157575e+02  -1.7723967e+03   0.0000000e+00
   2.0009200e+00   1.4751427e+05   2.3041724e+02   1.0464015e+04   0.0000000e+00
   2.0012900e+00   1.3182971e+05   2.1915996e+02  -7.5253399e+03   0.0000000e+00
   2.0016500e+00   1.4438760e+05   2.2491041e+02   2.4975292e+03   0.0000000e+00
   2.0020200e+00   1.4784380e+05   2.3201290e+02   3.7029831e+03   0.0000000e+00
   2.0023900e+00   1.5097475e+05   2.3419939e+02   5.2456324e+03   0.0000000e+00
   2.0027600e+00   1.4001041e+05   2.2272297e+02  -6.4574571e+03   0.0000000e+00
   2.0031200e+00   1.3180050e+05   2.1053690e+02  -1.4580199e+04   0.0000000e+00
   2.0034900e+00   1.5681397e+05   2.4251862e+02   1.1123329e+04   0.0000000e+00
   2.0038600e+00   1.4726602e+05   2.3727936e+02   2.4959946e+03   0.0000000e+00
   2.0042300e+00   1.4757809e+05   2.3469876e+02   3.5191398e+03   0.0000000e+00
   2.0045900e+00   1.4846786e+05   2.2944078e+02   4.4983336e+03   0.0000000e+00
   2.0049600e+00   1.4244110e+05   2.3480528e+02  -2.3458394e+03   0.0000000e+00
   2.0053300e+00   1.3988678e+05   2.1367163e+02  -6.6916897e+03   0.0000000e+00
   2.0057000e+00   1.4806129e+05   2.3287463e+02  -1.0872921e+03   0.0000000e+00
   2.0060700e+00   1.3594991e+05   2.1676148e+02  -1.6106021e+04   0.0000000e+00
   2.0064400e+00   1.6024671e+05   2.2991719e+02   5.5389948e+03   0.0000000e+00
   2.0068100e+00   1.6609190e+05   2.4079375e+02   9.5833011e+03   0.0000000e+00
   2.0071700e+00   1.6777041e+05   2.3088084e+02   1.0751940e+04   0.0000000e+00
   2.0075400e+00   1.6295486e+05   2.4633802e+02   6.8862009e+03   0.0000000e+00
   2.0079100e+00   1.4532844e+05   2.2037705e+02  -8.4764824e+03   0.0000000e+00
   2.0082800e+00   1.4711033e+05   2.2586188e+02  -3.5316201e+03   0.0000000e+00
   2.0086500e+00   1.3718680e+05   2.2139910e+02  -9.9606624e+03   0.0000000e+00
   2.0090200e+00   1.4359780e+05   2.3039523e+02  -3.0137788e+02   0.0000000e+00
   2.0093900e+00   1.4585937e+05   2.2581338e+02   4.5004195e+03   0.0000000e+00
   2.0097600e+00   1.4069650e+05   2.0716076e+02   0.0000000e+00   0.0000000e+00
   2.0101300e+00   1.4098485e+05   2.2201129e+02   0.0000000e+00   0.0000000e+00
   2.0105000e+00   1.3668336e+05   2.1016628e+02  -2.9942849e+03   0.0000000e+00
   2.0108700e+00   1.4871856e+05   2.2750534e+02   7.9461414e+03   0.0000000e+00
   2.0112500e+00   1.4598052e+05   2.1459696e+02   3.7112217e+03   0.0000000e+00
   2.0116200e+00   1.2902391e+05   2.0457270e+02  -1.4842352e+04   0.0000000e+00
   2.0119900e+00   1.5126519e+05   2.3527063e+02   0.0000000e+00   0.0000000e+00
   2.0123600e+00   1.4340975e+05   2.1558666e+02   0.0000000e+00   0.0000000e+00
   2.0127300e+00   1.4635054e+05   2.2369564e+02   0.0000000e+00   0.0000000e+00
   2.0131000e+00   1.5038976e+05   2.2001493e+02   0.0000000e+00   0.0000000e+00
   2.0134700e+00   1.5037252e+05   2.2669895e+02   4.0817182e+03   0.0000000e+00
   2.0138500e+00   1.4495643e+05   2.2010682e+02  -4.5214226e+02   0.0000000e+00
   2.0142200e+00   1.3768765e+05   2.1216515e+02  -6.6925264e+03   0.0000000e+00
   2.0145900e+00   1.4778213e+05   2.2559991e+02   4.3554445e+03   0.0000000e+00
   2.0149600e+00   1.4334315e+05   2.0877628e+02   6.0677486e+02   0.0000000e+00
   2.0153300e+00   1.3993554e+05   2.1132173e+02  -2.4840165e+03   0.0000000e+00
   2.0157100e+00   1.4242757e+05   2.0889034e+02  -5.8271159e+01   0.0000000e+00
   2.0160800e+00   1.4226781e+05   2.2244812e+02  -5.8361045e+02   0.0000000e+00
   2.0164500e+00   1.3941529e+05   2.2011030e+02  -3.9539608e+03   0.0000000e+00
   2.0168300e+00   1.3653744e+05   1.9992932e+02  -7.3402237e+03   0.0000000e+00
   2.0172000e+00   1.6351869e+05   2.3025241e+02   1.9261982e+04   0.0000000e+00
   2.0175700e+00   1.5286244e+05   2.2721578e+02   8.4044322e+03   0.0000000e+00
   2.0179500e+00   1.3523028e+05   2.0667294e+02  -9.2672598e+03   0.0000000e+00
   2.0183200e+00   1.3604237e+05   1.9296789e+02  -8.3844456e+03   0.0000000e+00
   2.0186900e+00   1.4024023e+05   2.1904018e+02  -4.0568525e+03   0.0000000e+00
   2.0190700e+00   1.4537709e+05   2.1678506e+02   1.2548790e+03   0.0000000e+00
   2.0194400e+00   1.4594487e+05   2.1751474e+02   2.0787121e+03   0.0000000e+00
   2.0198200e+00   1.4124419e+05   2.2300871e+02  -2.2207902e+03   0.0000000e+00
   2.0201900e+00   1.5273228e+05   2.2831603e+02   9.8588987e+03   0.0000000e+00
   2.0205700e+00   1.4176208e+05   2.1061846e+02  -3.4275912e+02   0.0000000e+00
   2.0209400e+00   1.4457273e+05   2.1431617e+02   3.3256772e+03   0.0000000e+00
   2.0213200e+00   1.3452449e+05   1.9186638e+02  -5.9189552e+03   0.0000000e+00
   2.0216900e+00   1.3539479e+05   2.0497915e+02  -4.4561966e+03   0.0000000e+00
   2.0220700e+00   1.3830196e+05   2.0989989e+02  -1.2849162e+03   0.0000000e+00
   2.0224400e+00   1.4375874e+05   2.2234676e+02   4.0699840e+03   0.0000000e+00
   2.0228200e+00   1.3897743e+05   2.0642423e+02  -1.1201418e+03   0.0000000e+00
   2.0231900e+00   1.4213317e+05   2.1628799e+02   1.4576124e+03   0.0000000e+00
   2.0235700e+00   1.3927986e+05   2.0108340e+02  -1.9699487e+03   0.0000000e+00
   2.0239500e+00   1.3929791e+05   2.1078329e+02  -2.3685953e+03   0.0000000e+00
   2.0243200e+00   1.5003097e+05   2.2837231e+02   8.1917309e+03   0.0000000e+00
   2.0247000e+00   1.3958107e+05   1.9476043e+02  -2.1923353e+03   0.0000000e+00
   2.0250700e+00   1.4282068e+05   2.1849939e+02   1.2588330e+03   0.0000000e+00
   2.0254500e+00   1.4114536e+05   2.2176727e+02  -2.0959988e+02   0.0000000e+00
   2.0258300e+00   1.3707930e+05   2.1894808e+02  -4.2333209e+03   0.0000000e+00
   2.0262000e+00   1.3938818e+05   2.0866550e+02  -2.1632421e+03   0.0000000e+00
   2.0265800e+00   1.4612204e+05   2.1507870e+02   4.0129369e+03   0.0000000e+00
   2.0269600e+00   1.3623795e+05   2.1456747e+02  -6.6906083e+03   0.0000000e+00
   2.0273400e+00   1.4989730e+05   2.3544509e+02   6.0258068e+03   0.0000000e+00
   2.0277100e+00   1.5168830e+05   2.1394257e+02   6.9353350e+03   0.0000000e+00
   2.0280900e+00   1.3902693e+05   2.1338558e+02  -6.3525970e+03   0.0000000e+00
   2.0284700e+00   1.4192143e+05   2.0863169e+02  -3.6653333e+03   0.0000000e+00
   2.0288500e+00   1.4479714e+05   2.0496883e+02  -4.7654799e+02   0.0000000e+00
   2.0292300e+00   1.5265529e+05   2.1788043e+02   8.2348258e+03   0.0000000e+00
   2.0296000e+00   1.4205286e+05   2.0638903e+02  -1.0331365e+03   0.0000000e+00
   2.0299800e+00   1.3668076e+05   1.9841493e+02  -4.7166287e+03   0.0000000e+00
   2.0303600e+00   1.3477860e+05   1.9749813e+02  -4.7553355e+03   0.0000000e+00
   2.0307400e+00   1.4194870e+05   2.0411405e+02   4.2417029e+03   0.0000000e+00
   2.0311200e+00   1.3888933e+05   1.8662920e+02   2.7600373e+03   0.0000000e+00
   2.0315000e+00   1.4466411e+05   2.1266412e+02   9.6814022e+03   0.0000000e+00
   2.0318800e+00   1.2442861e+05   1.8748226e+02  -9.9552770e+03   0.0000000e+00
   2.0322600e+00   1.3045035e+05   1.8867766e+02  -3.9119223e+03   0.0000000e+00
   2.0326400e+00   1.3133808e+05   1.9233512e+02  -3.5156914e+03   0.0000000e+00
   2.0330100e+00   1.3659011e+05   1.9817942e+02   8.7573406e+02   0.0000000e+00
   2.0333900e+00   1.4698642e+05   2.1357249e+02   1.0235545e+04   0.0000000e+00
   2.0337700e+00   1.3538837e+05   2.0143345e+02  -2.3753792e+03   0.0000000e+00
   2.0341500e+00   1.3728953e+05   1.9877206e+02  -1.2993565e+03   0.0000000e+00
   2.0345300e+00   1.3847169e+05   1.9367137e+02  -6.5551901e+02   0.0000000e+00
   2.0349200e+00   1.4269122e+05   1.9531164e+02   3.3396957e+03   0.0000000e+00
   2.0353000e+00   1.3664818e+05   1.9445132e+02  -2.6384879e+03   0.0000000e+00
   2.0356800e+00   1.3673654e+05   1.8584296e+02  -2.2458665e+03   0.0000000e+00
   2.0360600e+00   1.3324344e+05   1.9263162e+02  -5.2441422e+03   0.0000000e+00
   2.0364400e+00   1.4746204e+05   2.0496094e+02   9.6248843e+03   0.0000000e+00
   2.0368200e+00   1.3641740e+05   2.0014093e+02  -6.2817955e+02   0.0000000e+00
   2.0372000e+00   1.3136646e+05   1.9904535e+02  -4.7450160e+03   0.0000000e+00
   2.0375800e+00   1.3326242e+05   2.0454611e+02  -1.7696787e+03   0.0000000e+00
   2.0379600e+00   1.4418870e+05   2.1723356e+02   1.0367493e+04   0.0000000e+00
   2.0383400e+00   1.2863883e+05   1.9501318e+02  -3.8715472e+03   0.0000000e+00
   2.0387300e+00   1.2795249e+05   1.9873740e+02  -3.1937256e+03   0.0000000e+00
   2.0391100e+00   1.2592783e+05   1.9778058e+02  -3.8596831e+03   0.0000000e+00
   2.0394900e+00   1.3682933e+05   2.0287654e+02   8.3260303e+03   0.0000000e+00
   2.0398700e+00   1.2030919e+05   1.8669755e+02  -7.0530220e+03   0.0000000e+00
   2.0402600e+00   1.2787870e+05   1.9060400e+02   1.4489867e+03   0.0000000e+00
   2.0406400e+00   1.3081744e+05   2.1200268e+02   5.0493809e+03   0.0000000e+00
   2.0410200e+00   1.2471993e+05   2.0415578e+02  -7.1046805e+02   0.0000000e+00
   2.0414000e+00   1.2191478e+05   1.9898085e+02  -3.5310722e+03   0.0000000e+00
   2.0417900e+00   1.3058257e+05   2.0137224e+02   4.7737491e+03   0.0000000e+00
   2.0421700e+00   1.2448205e+05   1.9385667e+02  -1.9845039e+03   0.0000000e+00
   2.0425500e+00   1.2107388e+05   1.8971126e+02  -6.2397636e+03   0.0000000e+00
   2.0429400e+00   1.2837340e+05   2.0412916e+02   1.6664785e+02   0.0000000e+00
   2.0433200e+00   1.3140444e+05   2.1258795e+02   2.4083332e+03   0.0000000e+00
   2.0437000e+00   1.3310258e+05   2.1306744e+02   3.5418761e+03   0.0000000e+00
   2.0440900e+00   1.2825125e+05   1.9761710e+02  -1.5876676e+03   0.0000000e+00
   2.0444700e+00   1.3300792e+05   2.0377601e+02   3.1627846e+03   0.0000000e+00
   2.0448600e+00   1.3232092e+05   1.9980166e+02   2.6614301e+03   0.0000000e+00
   2.0452400e+00   1.2827892e+05   1.9778830e+02  -1.1126089e+03   0.0000000e+00
   2.0456200e+00   1.2485285e+05   1.9437243e+02  -4.2802044e+03   0.0000000e+00
   2.0460100e+00   1.2001579e+05   1.8796190e+02  -8.9064049e+03   0.0000000e+00
   2.0463900e+00   1.3015815e+05   2.0725826e+02   1.4229140e+03   0.0000000e+00
   2.0467800e+00   1.3230614e+05   1.9387077e+02   3.7983021e+03   0.0000000e+00
   2.0471600e+00   1.2935908e+05   2.0469309e+02   1.1831812e+03   0.0000000e+00
   2.0475500e+00   1.4119032e+05   2.4323678e+02   1.3468973e+04   0.0000000e+00
   2.0479300e+00   1.2399663e+05   1.9340269e+02  -3.1989176e+03   0.0000000e+00
   2.0483200e+00   1.2016700e+05   1.8619276e+02  -6.5422763e+03   0.0000000e+00
   2.0487100e+00   1.1992175e+05   1.8808662e+02  -6.4756857e+03   0.0000000e+00
   2.0490900e+00   1.2451205e+05   1.8331641e+02  -1.8619138e+03   0.0000000e+00
   2.0494800e+00   1.3370872e+05   2.0465167e+02   7.0185631e+03   0.0000000e+00
   2.0498600e+00   1.2883185e+05   1.9603489e+02   1.5164050e+03   0.0000000e+00
   2.0502500e+00   1.2502933e+05   1.9020520e+02  -3.1159121e+03   0.0000000e+00
   2.0506400e+00   1.2990806e+05   1.9630510e+02   8.7542900e+02   0.0000000e+00
   2.0510200e+00   1.3038604e+05   2.0653762e+02   5.5922309e+02   0.0000000e+00
   2.0514100e+00   1.3778643e+05   2.1489311e+02   7.3819914e+03   0.0000000e+00
   2.0518000e+00   1.1681457e+05   1.8772119e+02  -1.3870650e+04   0.0000000e+00
   2.0521800e+00   1.3870462e+05   2.1612324e+02   8.0602920e+03   0.0000000e+00
   2.0525700e+00   1.2805956e+05   1.9495800e+02  -2.2510253e+03   0.0000000e+00
   2.0529600e+00   1.2734812e+05   1.9604051e+02  -2.4060826e+03   0.0000000e+00
   2.0533400e+00   1.3154620e+05   2.1187465e+02   2.4780489e+03   0.0000000e+00
   2.0537300e+00   1.3508406e+05   2.1465741e+02   6.7326012e+03   0.0000000e+00
   2.0541200e+00   1.2625810e+05   2.0739267e+02  -1.4226276e+03   0.0000000e+00
   2.0545100e+00   1.1563880e+05   1.7830718e+02  -1.1446683e+04   0.0000000e+00
   2.0548900e+00   1.3555386e+05   2.0634196e+02   9.0125850e+03   0.0000000e+00
   2.0552800e+00   1.1898622e+05   1.8944500e+02  -6.9859055e+03   0.0000000e+00
   2.0556700e+00   1.2929857e+05   2.0096910e+02   4.0276197e+03   0.0000000e+00
   2.0560600e+00   1.2347504e+05   1.9430144e+02  -8.6192840e+02   0.0000000e+00
   2.0564500e+00   1.2788575e+05   1.9848641e+02   4.7626820e+03   0.0000000e+00
   2.0568400e+00   1.1424631e+05   1.8647503e+02  -7.4201773e+03   0.0000000e+00
   2.0572200e+00   1.2423926e+05   1.9899965e+02   4.1330892e+03   0.0000000e+00
   2.0576100e+00   1.2535737e+05   1.9881665e+02   6.6894610e+03   0.0000000e+00
   2.0580000e+00   1.1484143e+05   1.8674549e+02  -2.7753157e+03   0.0000000e+00
   2.0583900e+00   1.1141300e+05   1.7560380e+02  -5.7757877e+03   0.0000000e+00
   2.0587800e+00   1.2077149e+05   1.9920054e+02   3.2428571e+03   0.0000000e+00
   2.0591700e+00   1.1307474e+05   1.9260989e+02  -5.5632163e+03   0.0000000e+00
   2.0595600e+00   1.2152311e+05   1.9697125e+02   1.1670960e+03   0.0000000e+00
   2.0599500e+00   1.2628683e+05   1.9880187e+02   3.9032145e+03   0.0000000e+00
   2.0603400e+00   1.2123150e+05   1.8798195e+02  -3.1107667e+03   0.0000000e+00
   2.0607300e+00   1.2839381e+05   2.0187575e+02   2.5383430e+03   0.0000000e+00
   2.0611200e+00   1.2510166e+05   2.0369574e+02  -1.5331530e+03   0.0000000e+00
   2.0615100e+00   1.2777079e+05   2.0396839e+02   1.2238671e+03   0.0000000e+00
   2.0619000e+00   1.2790685e+05   2.0131279e+02   2.2620410e+03   0.0000000e+00
   2.0622900e+00   1.2421318e+05   1.9419094e+02   5.5725883e+01   0.0000000e+00
   2.0626800e+00   1.2363553e+05   1.9748962e+02   1.1981740e+03   0.0000000e+00
   2.0630700e+00   1.1700294e+05   1.9849367e+02  -3.8763908e+03   0.0000000e+00
   2.0634600e+00   1.2260429e+05   1.9962193e+02   2.7734419e+03   0.0000000e+00
   2.0638500e+00   1.1637564e+05   1.9044388e+02  -3.1374425e+03   0.0000000e+00
   2.0642500e+00   1.1448129e+05   1.8833751e+02  -5.4932573e+03   0.0000000e+00
   2.0646400e+00   1.2271944e+05   2.0263958e+02   1.6283783e+03   0.0000000e+00
   2.0650300e+00   1.2915736e+05   2.1094108e+02   6.5477124e+03   0.0000000e+00
   2.0654200e+00   1.2160707e+05   2.0192731e+02  -2.6082005e+03   0.0000000e+00
   2.0658100e+00   1.2499573e+05   2.0341010e+02  -6.1302087e+02   0.0000000e+00
   2.0662000e+00   1.3060803e+05   2.2155247e+02   4.0329467e+03   0.0000000e+00
   2.0666000e+00   1.3202837e+05   2.1933915e+02   5.0091119e+03   0.0000000e+00
   2.0669900e+00   1.2100917e+05   2.1274544e+02  -5.9530045e+03   0.0000000e+00
   2.0673800e+00   1.2069473e+05   2.0755152e+02  -5.8192332e+03   0.0000000e+00
   2.0677700e+00   1.2442357e+05   2.0809260e+02  -1.4135016e+03   0.0000000e+00
   2.0681700e+00   1.2839463e+05   2.1112574e+02   3.2860458e+03   0.0000000e+00
   2.0685600e+00   1.3105626e+05   2.2268321e+02   6.5663967e+03   0.0000000e+00
   2.0689500e+00   1.1884267e+05   2.0002363e+02  -5.2655128e+03   0.0000000e+00
   2.0693400e+00   1.2640807e+05   2.1983515e+02   2.3559364e+03   0.0000000e+00
   2.0697400e+00   1.2148357e+05   2.1559910e+02  -2.8862985e+03   0.0000000e+00
   2.0701300e+00   1.2666402e+05   2.0783309e+02   1.5981381e+03   0.0000000e+00
   2.0705200e+00   1.2519653e+05   2.1578361e+02  -8.9781291e+02   0.0000000e+00
   2.0709200e+00   1.3228426e+05   2.2322967e+02   4.9259279e+03   0.0000000e+00
   2.0713100e+00   1.2878253e+05   2.2513543e+02   7.0865517e+01   0.0000000e+00
   2.0717100e+00   1.1585571e+05   1.9959739e+02  -1.4114351e+04   0.0000000e+00
   2.0721000e+00   1.4018565e+05   2.4470195e+02   9.2437194e+03   0.0000000e+00
   2.0724900e+00   1.2518146e+05   2.6357193e+02  -6.2821871e+03   0.0000000e+00
   2.0728900e+00   1.4466749e+05   3.6956925e+02   1.3232338e+04   0.0000000e+00
   2.0732800e+00   1.2707807e+05   3.6596920e+02  -3.7627187e+03   0.0000000e+00
   2.0736800e+00   1.3076382e+05   2.5907014e+02   1.0081889e+03   0.0000000e+00
   2.0740700e+00   1.2747906e+05   2.1497418e+02  -8.4462071e+02   0.0000000e+00
   2.0744700e+00   1.2341762e+05   2.1446923e+02  -3.3043541e+03   0.0000000e+00
   2.0748600e+00   1.1979316e+05   2.0952006e+02  -5.3221631e+03   0.0000000e+00
   2.0752600e+00   1.2752368e+05   2.2168450e+02   3.8947824e+03   0.0000000e+00
   2.0756500e+00   1.1959761e+05   1.9751913e+02  -2.7391999e+03   0.0000000e+00
   2.0760500e+00   1.2814359e+05   2.2060888e+02   6.8724865e+03   0.0000000e+00
   2.0764400e+00   1.2219800e+05   2.0846369e+02   1.7587736e+03   0.0000000e+00
   2.0768400e+00   1.1912368e+05   2.0246604e+02  -7.1587896e+02   0.0000000e+00
   2.0772300e+00   1.1724309e+05   2.0259755e+02  -2.2223649e+03   0.0000000e+00
   2.0776300e+00   1.1871929e+05   1.9996270e+02  -5.8301183e+02   0.0000000e+00
   2.0780300e+00   1.1526979e+05   1.9815848e+02  -4.0471367e+03   0.0000000e+00
   2.0784200e+00   1.1689598e+05   2.0275747e+02  -2.5571925e+03   0.0000000e+00
   2.0788200e+00   1.2668426e+05   2.2403601e+02   7.0445027e+03   0.0000000e+00
   2.0792100e+00   1.2318491e+05   2.0695966e+02   3.3809706e+03   0.0000000e+00
   2.0796100e+00   1.1598110e+05   1.9989506e+02  -3.9032536e+03   0.0000000e+00
   2.0800100e+00   1.1903439e+05   2.0208070e+02   0.0000000e+00   0.0000000e+00
   2.0804000e+00   1.2269201e+05   2.1812200e+02   0.0000000e+00   0.0000000e+00
   2.0808000e+00   1.2151803e+05   2.0861316e+02   0.0000000e+00   0.0000000e+00
   2.0812000e+00   1.0712555e+05   1.8498583e+02   0.0000000e+00   0.0000000e+00
   2.0816000e+00   1.2059404e+05   2.1115815e+02   0.0000000e+00   0.0000000e+00
   2.0819900e+00   1.2489228e+05   2.0656447e+02   0.0000000e+00   0.0000000e+00
   2.0823900e+00   1.1635688e+05   1.9766673e+02   0.0000000e+00   0.0000000e+00
   2.0827900e+00   1.1900697e+05   2.1200516e+02   0.0000000e+00   0.0000000e+00
   2.0831900e+00   1.1804611e+05   2.0618347e+02   0.0000000e+00   0.0000000e+00
   2.0835800e+00   1.1488346e+05   1.9373777e+02   0.0000000e+00   0.0000000e+00
   2.0839800e+00   1.2906346e+05   2.1572864e+02   0.0000000e+00   0.0000000e+00
   2.0843800e+00   1.2281877e+05   2.0847433e+02   0.0000000e+00   0.0000000e+00
   2.0847800e+00   1.1891803e+05   2.0917019e+02   0.0000000e+00   0.0000000e+00
   2.0851800e+00   1.2257537e+05   2.1675373e+02   0.0000000e+00   0.0000000e+00
   2.0855700e+00   1.2926090e+05   2.6013130e+02   0.0000000e+00   0.0000000e+00
   2.0859700e+00   1.2502020e+05   2.4986736e+02   0.0000000e+00   0.0000000e+00
   2.0863700e+00   1.3939918e+05   3.0556658e+02   0.0000000e+00   0.0000000e+00
   2.0867700e+00   1.3933174e+05   2.8159744e+02   0.0000000e+00   0.0000000e+00
   2.0871700e+00   1.3565469e+05   2.3197347e+02   0.0000000e+00   0.0000000e+00
   2.0875700e+00   1.3325459e+05   2.2996968e+02   0.0000000e+00   0.0000000e+00
   2.0879700e+00   1.1788623e+05   2.0786505e+02   0.0000000e+00   0.0000000e+00
   2.0883700e+00   1.1113966e+05   1.9061120e+02   0.0000000e+00   0.0000000e+00
   2.0887700e+00   1.1670895e+05   2.0785650e+02   0.0000000e+00   0.0000000e+00
   2.0891700e+00   1.1689212e+05   2.1426133e+02   0.0000000e+00   0.0000000e+00
   2.0895700e+00   1.1795126e+05   2.1440297e+02   0.0000000e+00   0.0000000e+00
   2.0899700e+00   1.2854566e+05   2.2256055e+02   0.0000000e+00   0.0000000e+00
   2.0903700e+00   1.3201288e+05   2.2832359e+02   0.0000000e+00   0.0000000e+00
   2.0907700e+00   1.2359298e+05   2.0140061e+02   0.0000000e+00   0.0000000e+00
   2.0911700e+00   1.3622161e+05   2.2629045e+02   0.0000000e+00   0.0000000e+00
   2.0915700e+00   1.2264147e+05   2.1799735e+02   0.0000000e+00   0.0000000e+00
   2.0919700e+00   1.2403454e+05   2.1828748e+02   0.0000000e+00   0.0000000e+00
   2.0923700e+00   1.3155697e+05   2.2958622e+02   0.0000000e+00   0.0000000e+00
   2.0927700e+00   1.2519265e+05   2.2534540e+02   0.0000000e+00   0.0000000e+00
   2.0931700e+00   1.2526478e+05   2.1225458e+02   0.0000000e+00   0.0000000e+00
   2.0935700e+00   1.2151386e+05   2.1625417e+02   0.0000000e+00   0.0000000e+00
   2.0939700e+00   1.2518813e+05   2.2079311e+02   0.0000000e+00   0.0000000e+00
   2.0943800e+00   1.3373203e+05   2.2883919e+02   0.0000000e+00   0.0000000e+00
   2.0947800e+00   1.3006313e+05   2.2707699e+02   0.0000000e+00   0.0000000e+00
   2.0951800e+00   1.2583295e+05   2.2142983e+02   0.0000000e+00   0.0000000e+00
   2.0955800e+00   1.2453742e+05   2.0556908e+02   0.0000000e+00   0.0000000e+00
   2.0959800e+00   1.3953383e+05   2.2329687e+02   0.0000000e+00   0.0000000e+00
   2.0963900e+00   1.3040775e+05   2.2390838e+02   0.0000000e+00   0.0000000e+00
   2.0967900e+00   1.1551841e+05   2.0608985e+02   0.0000000e+00   0.0000000e+00
   2.0971900e+00   1.2390608e+05   2.2254897e+02   0.0000000e+00   0.0000000e+00
   2.0975900e+00   1.1947764e+05   2.0202898e+02   0.0000000e+00   0.0000000e+00
   2.0979900e+00   1.3106215e+05   2.2931532e+02   0.0000000e+00   0.0000000e+00
   2.0984000e+00   1.2627806e+05   2.0512782e+02   0.0000000e+00   0.0000000e+00
   2.0988000e+00   1.2265727e+05   2.0324910e+02   0.0000000e+00   0.0000000e+00
   2.0992000e+00   1.3714373e+05   2.1924539e+02   0.0000000e+00   0.0000000e+00
   2.0996100e+00   1.2703889e+05   2.2118404e+02   0.0000000e+00   0.0000000e+00
   2.1000100e+00   1.2086769e+05   2.0557388e+02   0.0000000e+00   0.0000000e+00
   2.1004100e+00   1.2807108e+05   2.0812357e+02   0.0000000e+00   0.0000000e+00
   2.1008200e+00   1.2649221e+05   2.0488330e+02   0.0000000e+00   0.0000000e+00
   2.1012200e+00   1.2764892e+05   2.0685487e+02   0.0000000e+00   0.0000000e+00
   2.1016200e+00   1.2997045e+05   2.1232833e+02   0.0000000e+00   0.0000000e+00
   2.1020300e+00   1.3451131e+05   2.2005508e+02   0.0000000e+00   0.0000000e+00
   2.1024300e+00   1.3897756e+05   2.6087700e+02   0.0000000e+00   0.0000000e+00
   2.1028400e+00   1.2839411e+05   2.0257653e+02   0.0000000e+00   0.0000000e+00
   2.1032400e+00   1.3163364e+05   2.0266828e+02   0.0000000e+00   0.0000000e+00
   2.1036400e+00   1.3129339e+05   2.1357718e+02   0.0000000e+00   0.0000000e+00
   2.1040500e+00   1.2254651e+05   2.0180415e+02   0.0000000e+00   0.0000000e+00
   2.1044500e+00   1.3539025e+05   2.1241061e+02   0.0000000e+00   0.0000000e+00
   2.1048600e+00   1.3221503e+05   1.9838379e+02   0.0000000e+00   0.0000000e+00
   2.1052600e+00   1.3026014e+05   2.0557804e+02   0.0000000e+00   0.0000000e+00
   2.1056700e+00   1.2906091e+05   2.0549664e+02   0.0000000e+00   0.0000000e+00
   2.1060700e+00   1.3262739e+05   1.9079247e+02   0.0000000e+00   0.0000000e+00
   2.1064800e+00   1.4062083e+05   2.1108364e+02   0.0000000e+00   0.0000000e+00
   2.1068800e+00   1.8278920e+05   2.1985966e+02   0.0000000e+00   0.0000000e+00
   2.1072900e+00   1.8617397e+05   2.1476832e+02   0.0000000e+00   0.0000000e+00
   2.1077000e+00   1.7107533e+05   2.3421111e+02   0.0000000e+00   0.0000000e+00
   2.1081000e+00   1.3201140e+05   2.3465765e+02   0.0000000e+00   0.0000000e+00
   2.1085100e+00   1.3103465e+05   2.1419058e+02   0.0000000e+00   0.0000000e+00
   2.1089100e+00   1.2651857e+05   2.0445584e+02   0.0000000e+00   0.0000000e+00
   2.1093200e+00   1.4166779e+05   2.2284886e+02   0.0000000e+00   0.0000000e+00
   2.1097300e+00   1.4431935e+05   2.2567811e+02   0.0000000e+00   0.0000000e+00
   2.1101300e+00   1.5033920e+05   2.4421412e+02   0.0000000e+00   0.0000000e+00
   2.1105400e+00   1.4118409e+05   2.4106613e+02   0.0000000e+00   0.0000000e+00
   2.1109400e+00   1.3232809e+05   2.1523664e+02   0.0000000e+00   0.0000000e+00
   2.1113500e+00   1.3445748e+05   2.2293931e+02   0.0000000e+00   0.0000000e+00
   2.1117600e+00   1.4051405e+05   2.3708309e+02   0.0000000e+00   0.0000000e+00
   2.1121700e+00   1.3825851e+05   2.3472322e+02   0.0000000e+00   0.0000000e+00
   2.1125700e+00   1.4246324e+05   2.3637461e+02   0.0000000e+00   0.0000000e+00
   2.1129800e+00   1.4498864e+05   2.2911327e+02   0.0000000e+00   0.0000000e+00
   2.1133900e+00   1.4468993e+05   2.4260230e+02   0.0000000e+00   0.0000000e+00
   2.1137900e+00   1.3330847e+05   2.1772138e+02   0.0000000e+00   0.0000000e+00
   2.1142000e+00   1.3186013e+05   2.1600615e+02   0.0000000e+00   0.0000000e+00
   2.1146100e+00   1.3792192e+05   2.2591319e+02   0.0000000e+00   0.0000000e+00
   2.1150200e+00   1.4417143e+05   2.3741367e+02   0.0000000e+00   0.0000000e+00
   2.1154300e+00   1.3647830e+05   2.2251973e+02   0.0000000e+00   0.0000000e+00
   2.1158300e+00   1.4542956e+05   2.3245847e+02   0.0000000e+00   0.0000000e+00
   2.1162400e+00   1.3747263e+05   2.3423029e+02   0.0000000e+00   0.0000000e+00
   2.1166500e+00   1.2988713e+05   2.0074074e+02   0.0000000e+00   0.0000000e+00
   2.1170600e+00   1.3525246e+05   2.0977444e+02   0.0000000e+00   0.0000000e+00
   2.1174700e+00   1.4043553e+05   2.2000418e+02   0.0000000e+00   0.0000000e+00
   2.1178800e+00   1.4034863e+05   2.2539125e+02   0.0000000e+00   0.0000000e+00
   2.1182900e+00   1.4703408e+05   2.2440850e+02   0.0000000e+00   0.0000000e+00
   2.1186900e+00   1.4570245e+05   2.3719398e+02   0.0000000e+00   0.0000000e+00
   2.1191000e+00   1.5512257e+05   2.4338050e+02   0.0000000e+00   0.0000000e+00
   2.1195100e+00   1.5335911e+05   2.3216694e+02   0.0000000e+00   0.0000000e+00
   2.1199200e+00   1.3976819e+05   2.1136791e+02   0.0000000e+00   0.0000000e+00
   2.1203300e+00   1.4940649e+05   2.3522020e+02   0.0000000e+00   0.0000000e+00
   2.1207400e+00   1.4505068e+05   2.2590766e+02   0.0000000e+00   0.0000000e+00
   2.1211500e+00   1.3182173e+05   1.9455717e+02   0.0000000e+00   0.0000000e+00
   2.1215600e+00   1.3911765e+05   2.0889006e+02   0.0000000e+00   0.0000000e+00
   2.1219700e+00   1.4325775e+05   2.2089054e+02   0.0000000e+00   0.0000000e+00
   2.1223800e+00   1.4847559e+05   2.2673641e+02   0.0000000e+00   0.0000000e+00
   2.1227900e+00   1.4006439e+05   2.2071659e+02   0.0000000e+00   0.0000000e+00
   2.1232000e+00   1.3602735e+05   1.9232739e+02   0.0000000e+00   0.0000000e+00
   2.1236100e+00   1.3502428e+05   2.0729023e+02   0.0000000e+00   0.0000000e+00
   2.1240200e+00   1.4235535e+05   2.1802142e+02   0.0000000e+00   0.0000000e+00
   2.1244300e+00   1.3834920e+05   2.0938197e+02   0.0000000e+00   0.0000000e+00
   2.1248400e+00   1.4080592e+05   2.2126748e+02   0.0000000e+00   0.0000000e+00
   2.1252500e+00   1.5193266e+05   2.2344851e+02   0.0000000e+00   0.0000000e+00
   2.1256700e+00   1.8213532e+05   2.4772818e+02   0.0000000e+00   0.0000000e+00
   2.1260800e+00   1.8824812e+05   2.3763738e+02   0.0000000e+00   0.0000000e+00
   2.1264900e+00   1.7796254e+05   2.4638960e+02   0.0000000e+00   0.0000000e+00
   2.1269000e+00   1.5843511e+05   2.4276335e+02   0.0000000e+00   0.0000000e+00
   2.1273100e+00   1.4602907e+05   2.2796053e+02   0.0000000e+00   0.0000000e+00
   2.1277200e+00   1.4693613e+05   2.2300245e+02   0.0000000e+00   0.0000000e+00
   2.1281300e+00   1.4023200e+05   2.1696226e+02   0.0000000e+00   0.0000000e+00
   2.1285500e+00   1.5231341e+05   2.3999096e+02   0.0000000e+00   0.0000000e+00
   2.1289600e+00   1.4627248e+05   2.2026974e+02   0.0000000e+00   0.0000000e+00
   2.1293700e+00   1.5616538e+05   2.3204466e+02   0.0000000e+00   0.0000000e+00
   2.1297800e+00   1.4813882e+05   2.2778328e+02   0.0000000e+00   0.0000000e+00
   2.1302000e+00   1.6061142e+05   2.2587885e+02   0.0000000e+00   0.0000000e+00
   2.1306100e+00   1.5785009e+05   2.2767906e+02   0.0000000e+00   0.0000000e+00
   2.1310200e+00   1.4819003e+05   2.0672500e+02   0.0000000e+00   0.0000000e+00
   2.1314300e+00   1.4469715e+05   2.0584382e+02   0.0000000e+00   0.0000000e+00
   2.1318500e+00   1.5177477e+05   2.1981551e+02   0.0000000e+00   0.0000000e+00
   2.1322600e+00   1.6070812e+05   2.3266767e+02   0.0000000e+00   0.0000000e+00
   2.1326700e+00   1.5410357e+05   2.1776718e+02   0.0000000e+00   0.0000000e+00
   2.1330900e+00   1.6584979e+05   2.4555900e+02   0.0000000e+00   0.0000000e+00
   2.1335000e+00   1.6040484e+05   2.0669819e+02   0.0000000e+00   0.0000000e+00
   2.1339100e+00   1.6007900e+05   2.2018554e+02   0.0000000e+00   0.0000000e+00
   2.1343300e+00   1.6791188e+05   2.1993485e+02   0.0000000e+00   0.0000000e+00
   2.1347400e+00   1.6958312e+05   2.1557359e+02   0.0000000e+00   0.0000000e+00
   2.1351500e+00   1.9271889e+05   2.3145617e+02   0.0000000e+00   0.0000000e+00
   2.1355700e+00   1.3628323e+05   2.4073261e+02   0.0000000e+00   0.0000000e+00
   2.1359800e+00   2.6015867e+05   5.0051422e+02   0.0000000e+00   0.0000000e+00
   2.1364000e+00   2.9776567e+05   4.5507405e+02   0.0000000e+00   0.0000000e+00
   2.1368100e+00   2.7312524e+05   5.4076931e+02   0.0000000e+00   0.0000000e+00
   2.1372200e+00   2.4758306e+05   4.4102095e+02   0.0000000e+00   0.0000000e+00
   2.1376400e+00   2.3715956e+05   3.9013940e+02   0.0000000e+00   0.0000000e+00
   2.1380500e+00   2.3687204e+05   3.2063990e+02   0.0000000e+00   0.0000000e+00
   2.1384700e+00   2.9129644e+05   4.8607863e+02   0.0000000e+00   0.0000000e+00
   2.1388800e+00   2.3586590e+05   3.6186417e+02   0.0000000e+00   0.0000000e+00
   2.1393000e+00   2.3305608e+05   3.3327976e+02   0.0000000e+00   0.0000000e+00
   2.1397100e+00   2.3186671e+05   3.1365882e+02   0.0000000e+00   0.0000000e+00
   2.1401300e+00   2.4402141e+05   3.2656764e+02   0.0000000e+00   0.0000000e+00
   2.1405400e+00   2.4247294e+05   3.3353672e+02   0.0000000e+00   0.0000000e+00
   2.1409600e+00   2.3201572e+05   3.5838558e+02   0.0000000e+00   0.0000000e+00
   2.1413700e+00   2.1793565e+05   2.9476800e+02   0.0000000e+00   0.0000000e+00
   2.1417900e+00   2.1874118e+05   3.1624901e+02   0.0000000e+00   0.0000000e+00
   2.1422100e+00   2.1919768e+05   3.0913419e+02   0.0000000e+00   0.0000000e+00
   2.1426200e+00   2.0899235e+05   2.9919695e+02   0.0000000e+00   0.0000000e+00
   2.1430400e+00   2.0607151e+05   2.8484773e+02   0.0000000e+00   0.0000000e+00
   2.1434500e+00   2.0708133e+05   2.9375448e+02   0.0000000e+00   0.0000000e+00
   2.1438700e+00   2.1265904e+05   2.8347988e+02   0.0000000e+00   0.0000000e+00
   2.1442900e+00   2.1113616e+05   2.8053454e+02   0.0000000e+00   0.0000000e+00
   2.1447000e+00   1.9972685e+05   2.8331719e+02   0.0000000e+00   0.0000000e+00
   2.1451200e+00   2.0869813e+05   2.8450570e+02   0.0000000e+00   0.0000000e+00
   2.1455400e+00   2.2103869e+05   2.8689648e+02   0.0000000e+00   0.0000000e+00
   2.1459500e+00   2.0767714e+05   2.8766314e+02   0.0000000e+00   0.0000000e+00
   2.1463700e+00   2.1124520e+05   2.8348385e+02   0.0000000e+00   0.0000000e+00
   2.1467900e+00   2.1596875e+05   2.8686431e+02   0.0000000e+00   0.0000000e+00
   2.1472000e+00   2.0442553e+05   2.9467885e+02   0.0000000e+00   0.0000000e+00
   2.1476200e+00   2.0946568e+05   2.9034238e+02   0.0000000e+00   0.0000000e+00
   2.1480400e+00   2.1649079e+05   2.9167173e+02   0.0000000e+00   0.0000000e+00
   2.1484600e+00   2.0011195e+05   2.8411788e+02   0.0000000e+00   0.0000000e+00
   2.1488700e+00   2.0564841e+05   2.8538755e+02   0.0000000e+00   0.0000000e+00
   2.1492900e+00   1.9511736e+05   2.8411540e+02   0.0000000e+00   0.0000000e+00
   2.1497100e+00   1.9251310e+05   2.8095063e+02   0.0000000e+00   0.0000000e+00
   2.1501300e+00   2.0334709e+05   2.7992901e+02   0.0000000e+00   0.0000000e+00
   2.1505500e+00   2.0319522e+05   2.8443776e+02   0.0000000e+00   0.0000000e+00
   2.1509600e+00   1.9968607e+05   2.8907040e+02   0.0000000e+00   0.0000000e+00
   2.1513800e+00   2.1394772e+05   2.9816998e+02   0.0000000e+00   0.0000000e+00
   2.1518000e+00   2.1187546e+05   2.9891233e+02   0.0000000e+00   0.0000000e+00
   2.1522200e+00   2.0318163e+05   2.9756034e+02   0.0000000e+00   0.0000000e+00
   2.1526400e+00   2.0579051e+05   2.9184981e+02   0.0000000e+00   0.0000000e+00
   2.1530600e+00   1.9968933e+05   3.0106261e+02   0.0000000e+00   0.0000000e+00
   2.1534700e+00   2.1150407e+05   3.0156605e+02   0.0000000e+00   0.0000000e+00
   2.1538900e+00   1.9810715e+05   2.8904176e+02   0.0000000e+00   0.0000000e+00
   2.1543100e+00   2.2012521e+05   2.9916456e+02   0.0000000e+00   0.0000000e+00
   2.1547300e+00   2.1492418e+05   2.9476174e+02   0.0000000e+00   0.0000000e+00
   2.1551500e+00   2.0103409e+05   2.8076487e+02   0.0000000e+00   0.0000000e+00
   2.1555700e+00   2.0716729e+05   2.8829807e+02   0.0000000e+00   0.0000000e+00
   2.1559900e+00   2.0244627e+05   2.8898461e+02   0.0000000e+00   0.0000000e+00
   2.1564100e+00   2.1060329e+05   2.9199219e+02   0.0000000e+00   0.0000000e+00
   2.1568300e+00   2.0580339e+05   2.9440889e+02   0.0000000e+00   0.0000000e+00
   2.1572500e+00   1.9624952e+05   2.9156365e+02   0.0000000e+00   0.0000000e+00
   2.1576700e+00   1.9941861e+05   2.9487550e+02   0.0000000e+00   0.0000000e+00
   2.1580900e+00   1.9517708e+05   2.9442764e+02   0.0000000e+00   0.0000000e+00
   2.1585100e+00   1.9533937e+05   2.9709393e+02   0.0000000e+00   0.0000000e+00
   2.1589300e+00   2.0882742e+05   3.0816262e+02   0.0000000e+00   0.0000000e+00
   2.1593500e+00   2.0148718e+05   3.0437813e+02   0.0000000e+00   0.0000000e+00
   2.1597700e+00   2.0339284e+05   3.0031668e+02   0.0000000e+00   0.0000000e+00
   2.1601900e+00   2.0100092e+05   2.9420431e+02   0.0000000e+00   0.0000000e+00
   2.1606100e+00   2.1165126e+05   3.0681059e+02   0.0000000e+00   0.0000000e+00
   2.1610300e+00   2.1372318e+05   2.9796438e+02   0.0000000e+00   0.0000000e+00
   2.1614500e+00   2.0907886e+05   2.9794651e+02   0.0000000e+00   0.0000000e+00
   2.1618800e+00   2.0109339e+05   3.0404837e+02   0.0000000e+00   0.0000000e+00
   2.1623000e+00   1.9989782e+05   2.9598991e+02   0.0000000e+00   0.0000000e+00
   2.1627200e+00   2.0771611e+05   2.9143432e+02   0.0000000e+00   0.0000000e+00
   2.1631400e+00   2.1008730e+05   2.9173542e+02   0.0000000e+00   0.0000000e+00
   2.1635600e+00   2.0581888e+05   2.9308025e+02   0.0000000e+00   0.0000000e+00
   2.1639800e+00   2.0004761e+05   2.8193693e+02   0.0000000e+00   0.0000000e+00
   2.1644000e+00   1.9623101e+05   2.7892374e+02   0.0000000e+00   0.0000000e+00
   2.1648300e+00   2.0201293e+05   2.8951044e+02   0.0000000e+00   0.0000000e+00
   2.1652500e+00   2.1646225e+05   2.9068373e+02   0.0000000e+00   0.0000000e+00
   2.1656700e+00   1.9998225e+05   2.7578968e+02   0.0000000e+00   0.0000000e+00
   2.1660900e+00   2.1291020e+05   2.7862562e+02   0.0000000e+00   0.0000000e+00
   2.1665100e+00   2.0674531e+05   2.6706844e+02   0.0000000e+00   0.0000000e+00
   2.1669400e+00   2.2163277e+05   2.7820227e+02   0.0000000e+00   0.0000000e+00
   2.1673600e+00   2.1012061e+05   2.5782413e+02   0.0000000e+00   0.0000000e+00
   2.1677800e+00   2.1633727e+05   2.6246724e+02   0.0000000e+00   0.0000000e+00
   2.1682000e+00   2.0990504e+05   2.5442435e+02   0.0000000e+00   0.0000000e+00
   2.1686300e+00   2.2040025e+05   2.6161554e+02   0.0000000e+00   0.0000000e+00
   2.1690500e+00   2.3359940e+05   2.6811999e+02   0.0000000e+00   0.0000000e+00
   2.1694700e+00   2.2212244e+05   2.3464420e+02   0.0000000e+00   0.0000000e+00
   2.1699000e+00   2.3984596e+05   2.5010417e+02   0.0000000e+00   0.0000000e+00
   2.1703200e+00   2.3052116e+05   2.4863153e+02   0.0000000e+00   0.0000000e+00
   2.1707400e+00   2.3626430e+05   2.5343052e+02   0.0000000e+00   0.0000000e+00
   2.1711700e+00   2.2929737e+05   2.3724314e+02   0.0000000e+00   0.0000000e+00
   2.1715900e+00   2.5042820e+05   2.5468298e+02   0.0000000e+00   0.0000000e+00
   2.1720100e+00   2.4361492e+05   2.5258851e+02   0.0000000e+00   0.0000000e+00
   2.1724400e+00   2.4977377e+05   2.6409081e+02   0.0000000e+00   0.0000000e+00
   2.1728600e+00   2.6953869e+05   2.7970146e+02   0.0000000e+00   0.0000000e+00
   2.1732900e+00   2.6669997e+05   2.6766115e+02   0.0000000e+00   0.0000000e+00
   2.1737100e+00   2.6258841e+05   2.8601049e+02   0.0000000e+00   0.0000000e+00
   2.1741300e+00   2.7284704e+05   3.1033810e+02   0.0000000e+00   0.0000000e+00
   2.1745600e+00   2.7702742e+05   3.2582809e+02   0.0000000e+00   0.0000000e+00
   2.1749800e+00   2.8370904e+05   3.4542924e+02   0.0000000e+00   0.0000000e+00
   2.1754100e+00   2.9000470e+05   3.9494780e+02   0.0000000e+00   0.0000000e+00
   2.1758300e+00   2.9877736e+05   4.1302787e+02   0.0000000e+00   0.0000000e+00
   2.1762600e+00   3.2149389e+05   4.3744160e+02   0.0000000e+00   0.0000000e+00
   2.1766800e+00   3.0287484e+05   3.9425332e+02   0.0000000e+00   0.0000000e+00
   2.1771100e+00   3.1143178e+05   4.0845359e+02   0.0000000e+00   0.0000000e+00
   2.1775300e+00   3.4473124e+05   4.3058895e+02   0.0000000e+00   0.0000000e+00
   2.1779600e+00   3.3626011e+05   4.1504886e+02   0.0000000e+00   0.0000000e+00
   2.1783800e+00   3.4948401e+05   4.3389966e+02   0.0000000e+00   0.0000000e+00
   2.1788100e+00   3.7069403e+05   4.3484166e+02   0.0000000e+00   0.0000000e+00
   2.1792300e+00   4.0258649e+05   4.5125004e+02   0.0000000e+00   0.0000000e+00
   2.1796600e+00   4.1290855e+05   4.5681229e+02   0.0000000e+00   0.0000000e+00
   2.1800800e+00   4.6535585e+05   4.9525600e+02   0.0000000e+00   0.0000000e+00
   2.1805100e+00   5.2235509e+05   5.4072965e+02   0.0000000e+00   0.0000000e+00
   2.1809400e+00   5.0674169e+05   5.1384952e+02   0.0000000e+00   0.0000000e+00
   2.1813600e+00   5.8028530e+05   6.2327365e+02   0.0000000e+00   0.0000000e+00
   2.1817900e+00   6.0491801e+05   6.0064156e+02   0.0000000e+00   0.0000000e+00
   2.1822100e+00   6.2483067e+05   6.8265556e+02   0.0000000e+00   0.0000000e+00
   2.1826400e+00   6.6779595e+05   6.7272211e+02   0.0000000e+00   0.0000000e+00
   2.1830700e+00   6.8234763e+05   6.9006134e+02   0.0000000e+00   0.0000000e+00
   2.1834900e+00   7.2637859e+05   7.0653358e+02   0.0000000e+00   0.0000000e+00
   2.1839200e+00   7.7548341e+05   8.4691627e+02   0.0000000e+00   0.0000000e+00
   2.1843500e+00   7.8874662e+05   7.8947590e+02   0.0000000e+00   0.0000000e+00
   2.1847700e+00   8.8831010e+05   8.1015128e+02   0.0000000e+00   0.0000000e+00
   2.1852000e+00   8.6515655e+05   8.5336431e+02   0.0000000e+00   0.0000000e+00
   2.1856300e+00   9.1017428e+05   9.3480423e+02   0.0000000e+00   0.0000000e+00
   2.1860600e+00   9.5006399e+05   9.9709551e+02   0.0000000e+00   0.0000000e+00
   2.1864800e+00   9.6612650e+05   9.8779505e+02   0.0000000e+00   0.0000000e+00
   2.1869100e+00   9.3675770e+05   9.7964587e+02   0.0000000e+00   0.0000000e+00
   2.1873400e+00   1.0169335e+06   1.0050519e+03   0.0000000e+00   0.0000000e+00
   2.1877600e+00   1.0498570e+06   1.0905561e+03   0.0000000e+00   0.0000000e+00
   2.1881900e+00   1.0285116e+06   1.1126753e+03   0.0000000e+00   0.0000000e+00
   2.1886200e+00   1.0339334e+06   1.1058630e+03   0.0000000e+00   0.0000000e+00
   2.1890500e+00   1.0471088e+06   1.1043907e+03   0.0000000e+00   0.0000000e+00
   2.1894800e+00   1.1099709e+06   1.2731808e+03   0.0000000e+00   0.0000000e+00
   2.1899000e+00   1.1580047e+06   1.2173203e+03   0.0000000e+00   0.0000000e+00
   2.1903300e+00   1.1875195e+06   1.2347553e+03   0.0000000e+00   0.0000000e+00
   2.1907600e+00   1.2253589e+06   1.2847907e+03   0.0000000e+00   0.0000000e+00
   2.1911900e+00   1.2558970e+06   1.3115710e+03   0.0000000e+00   0.0000000e+00
   2.1916200e+00   1.2698821e+06   1.3426137e+03   0.0000000e+00   0.0000000e+00
   2.1920500e+00   1.3155391e+06   1.4728294e+03   0.0000000e+00   0.0000000e+00
   2.1924800e+00   1.3061778e+06   1.3807389e+03   0.0000000e+00   0.0000000e+00
   2.1929000e+00   1.2638908e+06   1.3950581e+03   0.0000000e+00   0.0000000e+00
   2.1933300e+00   1.3224648e+06   1.4629171e+03   0.0000000e+00   0.0000000e+00
   2.1937600e+00   1.4100871e+06   1.4583718e+03   0.0000000e+00   0.0000000e+00
   2.1941900e+00   1.3687635e+06   1.4694220e+03   0.0000000e+00   0.0000000e+00
   2.1946200e+00   1.3895956e+06   1.5894898e+03   0.0000000e+00   0.0000000e+00
   2.1950500e+00   1.3411205e+06   1.5104315e+03   0.0000000e+00   0.0000000e+00
   2.1954800e+00   1.3338856e+06   1.5067141e+03   0.0000000e+00   0.0000000e+00
   2.1959100e+00   1.4918895e+06   1.6774632e+03   0.0000000e+00   0.0000000e+00
   2.1963400e+00   1.5051801e+06   1.6645012e+03   0.0000000e+00   0.0000000e+00
   2.1967700e+00   1.5155325e+06   1.6425935e+03   0.0000000e+00   0.0000000e+00
   2.1972000e+00   1.4183218e+06   1.6105568e+03   0.0000000e+00   0.0000000e+00
   2.1976300e+00   1.4811420e+06   1.5922231e+03   0.0000000e+00   0.0000000e+00
   2.1980600e+00   1.4214565e+06   1.5837620e+03   0.0000000e+00   0.0000000e+00
   2.1984900e+00   1.5176845e+06   1.7081104e+03   0.0000000e+00   0.0000000e+00
   2.1989200e+00   1.4356727e+06   1.6207562e+03   0.0000000e+00   0.0000000e+00
   2.1993500e+00   1.5497349e+06   1.7854292e+03   0.0000000e+00   0.0000000e+00
   2.1997800e+00   1.5658790e+06   1.7851461e+03   0.0000000e+00   0.0000000e+00
   2.2002100e+00   1.5399487e+06   1.7787272e+03   0.0000000e+00   0.0000000e+00
   2.2006400e+00   1.5969327e+06   1.7738792e+03   0.0000000e+00   0.0000000e+00
   2.2010700e+00   1.5677649e+06   1.8921219e+03   0.0000000e+00   0.0000000e+00
   2.2015000e+00   1.5397062e+06   1.8784322e+03   0.0000000e+00   0.0000000e+00
   2.2019300e+00   1.6131206e+06   1.7986121e+03   0.0000000e+00   0.0000000e+00
   2.2023600e+00   1.7133526e+06   2.0274975e+03   0.0000000e+00   0.0000000e+00
   2.2027900e+00   1.6865081e+06   1.9882110e+03   0.0000000e+00   0.0000000e+00
   2.2032300e+00   1.6700202e+06   1.8877091e+03   0.0000000e+00   0.0000000e+00
   2.2036600e+00   1.6163639e+06   1.9846293e+03   0.0000000e+00   0.0000000e+00
   2.2040900e+00   1.6115847e+06   1.8516913e+03   0.0000000e+00   0.0000000e+00
   2.2045200e+00   1.6409467e+06   1.8732016e+03   0.0000000e+00   0.0000000e+00
   2.2049500e+00   1.7732936e+06   2.0240871e+03   0.0000000e+00   0.0000000e+00
   2.2053800e+00   1.8019824e+06   1.9775104e+03   0.0000000e+00   0.0000000e+00
   2.2058100e+00   1.8282738e+06   2.1084428e+03   0.0000000e+00   0.0000000e+00
   2.2062500e+00   1.7104328e+06   2.0215414e+03   0.0000000e+00   0.0000000e+00
   2.2066800e+00   1.8032408e+06   2.0468232e+03   0.0000000e+00   0.0000000e+00
   2.2071100e+00   1.7722593e+06   2.0241040e+03   0.0000000e+00   0.0000000e+00
   2.2075400e+00   1.7578116e+06   2.0185857e+03   0.0000000e+00   0.0000000e+00
   2.2079800e+00   1.8002457e+06   2.0463066e+03   0.0000000e+00   0.0000000e+00
   2.2084100e+00   1.7834646e+06   2.0693651e+03   0.0000000e+00   0.0000000e+00
   2.2088400e+00   1.8666100e+06   1.9761838e+03   0.0000000e+00   0.0000000e+00
   2.2092700e+00   1.7511860e+06   2.1005437e+03   0.0000000e+00   0.0000000e+00
   2.2097100e+00   1.7193578e+06   2.0503585e+03   0.0000000e+00   0.0000000e+00
   2.2101400e+00   1.6895275e+06   2.0085236e+03   0.0000000e+00   0.0000000e+00
   2.2105700e+00   1.7179115e+06   2.0516365e+03   0.0000000e+00   0.0000000e+00
   2.2110000e+00   1.7900590e+06   2.1041628e+03   0.0000000e+00   0.0000000e+00
   2.2114400e+00   1.8245769e+06   2.1178698e+03   0.0000000e+00   0.0000000e+00
   2.2118700e+00   2.0276906e+06   2.2922154e+03   0.0000000e+00   0.0000000e+00
   2.2123000e+00   1.8786409e+06   2.2889889e+03   0.0000000e+00   0.0000000e+00
   2.2127400e+00   1.9356780e+06   2.1794840e+03   0.0000000e+00   0.0000000e+00
   2.2131700e+00   1.9092133e+06   2.1974211e+03   0.0000000e+00   0.0000000e+00
   2.2136000e+00   1.8833708e+06   2.2480330e+03   0.0000000e+00   0.0000000e+00
   2.2140400e+00   1.8728420e+06   2.2753448e+03   0.0000000e+00   0.0000000e+00
   2.2144700e+00   1.9095358e+06   2.2196700e+03   0.0000000e+00   0.0000000e+00
   2.2149000e+00   2.0113158e+06   2.3565086e+03   0.0000000e+00   0.0000000e+00
   2.2153400e+00   1.9363021e+06   2.2539784e+03   0.0000000e+00   0.0000000e+00
   2.2157700e+00   1.9630857e+06   2.2617748e+03   0.0000000e+00   0.0000000e+00
   2.2162100e+00   2.0317214e+06   2.2717824e+03   0.0000000e+00   0.0000000e+00
   2.2166400e+00   1.8817917e+06   2.1987525e+03   0.0000000e+00   0.0000000e+00
   2.2170800e+00   1.9848419e+06   2.2338375e+03   0.0000000e+00   0.0000000e+00
   2.2175100e+00   1.9368204e+06   2.2156596e+03   0.0000000e+00   0.0000000e+00
   2.2179400e+00   1.9450582e+06   2.2716034e+03   0.0000000e+00   0.0000000e+00
   2.2183800e+00   1.8695687e+06   2.2169475e+03   0.0000000e+00   0.0000000e+00
   2.2188100e+00   1.8580152e+06   2.3170474e+03   0.0000000e+00   0.0000000e+00
   2.2192500e+00   1.8965247e+06   2.2315756e+03   0.0000000e+00   0.0000000e+00
   2.2196800e+00   1.8442413e+06   2.1545391e+03   0.0000000e+00   0.0000000e+00
   2.2201200e+00   2.0259366e+06   2.2628976e+03   0.0000000e+00   0.0000000e+00
   2.2205500e+00   1.9686531e+06   2.2800825e+03   0.0000000e+00   0.0000000e+00
   2.2209900e+00   1.9029671e+06   2.1964135e+03   0.0000000e+00   0.0000000e+00
   2.2214200e+00   1.9454685e+06   2.2297921e+03   0.0000000e+00   0.0000000e+00
   2.2218600e+00   1.9006150e+06   2.2957119e+03   0.0000000e+00   0.0000000e+00
   2.2222900e+00   1.9854571e+06   2.3213271e+03   0.0000000e+00   0.0000000e+00
   2.2227300e+00   2.0733962e+06   2.2964820e+03   0.0000000e+00   0.0000000e+00
   2.2231700e+00   2.1591580e+06   2.4887408e+03   0.0000000e+00   0.0000000e+00
   2.2236000e+00   2.1224215e+06   2.4817683e+03   0.0000000e+00   0.0000000e+00
   2.2240400e+00   2.0178076e+06   2.3210195e+03   0.0000000e+00   0.0000000e+00
   2.2244700e+00   2.0349714e+06   2.2501217e+03   0.0000000e+00   0.0000000e+00
   2.2249100e+00   1.9554914e+06   2.3034752e+03   0.0000000e+00   0.0000000e+00
   2.2253400e+00   1.9934093e+06   2.4061222e+03   0.0000000e+00   0.0000000e+00
   2.2257800e+00   2.0420744e+06   2.4088049e+03   0.0000000e+00   0.0000000e+00
   2.2262200e+00   2.0376802e+06   2.3666193e+03   0.0000000e+00   0.0000000e+00
   2.2266500e+00   1.9351895e+06   2.3599984e+03   0.0000000e+00   0.0000000e+00
   2.2270900e+00   1.9685160e+06   2.4014391e+03   0.0000000e+00   0.0000000e+00
   2.2275300e+00   2.0031334e+06   2.3042661e+03   0.0000000e+00   0.0000000e+00
   2.2279600e+00   2.0286220e+06   2.5181375e+03   0.0000000e+00   0.0000000e+00
   2.2284000e+00   1.9664606e+06   2.2743546e+03   0.0000000e+00   0.0000000e+00
   2.2288400e+00   1.9720546e+06   2.3117060e+03   0.0000000e+00   0.0000000e+00
   2.2292700e+00   1.9895843e+06   2.4551143e+03   0.0000000e+00   0.0000000e+00
   2.2297100e+00   1.8638392e+06   2.2844156e+03   0.0000000e+00   0.0000000e+00
   2.2301500e+00   1.8698458e+06   2.2593600e+03   0.0000000e+00   0.0000000e+00
   2.2305800e+00   2.0094611e+06   2.4270844e+03   0.0000000e+00   0.0000000e+00
   2.2310200e+00   1.9526507e+06   2.3694182e+03   0.0000000e+00   0.0000000e+00
   2.2314600e+00   2.0331117e+06   2.4700043e+03   0.0000000e+00   0.0000000e+00
   2.2319000e+00   1.9984761e+06   2.4492841e+03   0.0000000e+00   0.0000000e+00
   2.2323300e+00   1.9983399e+06   2.3910594e+03   0.0000000e+00   0.0000000e+00
   2.2327700e+00   1.9401114e+06   2.3994135e+03   0.0000000e+00   0.0000000e+00
   2.2332100e+00   1.9781410e+06   2.3499142e+03   0.0000000e+00   0.0000000e+00
   2.2336500e+00   2.0424492e+06   2.4145128e+03   0.0000000e+00   0.0000000e+00
   2.2340900e+00   1.9690370e+06   2.3059010e+03   0.0000000e+00   0.0000000e+00
   2.2345200e+00   1.9221311e+06   2.4096223e+03   0.0000000e+00   0.0000000e+00
   2.2349600e+00   2.0116671e+06   2.3542845e+03   0.0000000e+00   0.0000000e+00
   2.2354000e+00   1.9890116e+06   2.3042419e+03   0.0000000e+00   0.0000000e+00
   2.2358400e+00   2.0314686e+06   2.3273223e+03   0.0000000e+00   0.0000000e+00
   2.2362800e+00   2.0163203e+06   2.3751361e+03   0.0000000e+00   0.0000000e+00
   2.2367200e+00   1.9033989e+06   2.3892840e+03   0.0000000e+00   0.0000000e+00
   2.2371500e+00   1.9257168e+06   2.3047011e+03   0.0000000e+00   0.0000000e+00
   2.2375900e+00   1.9424133e+06   2.1528170e+03   0.0000000e+00   0.0000000e+00
   2.2380300e+00   1.8988286e+06   2.2334181e+03   0.0000000e+00   0.0000000e+00
   2.2384700e+00   1.9855930e+06   2.2626183e+03   0.0000000e+00   0.0000000e+00
   2.2389100e+00   1.9696665e+06   2.1962457e+03   0.0000000e+00   0.0000000e+00
   2.2393500e+00   1.8823236e+06   2.1258555e+03   0.0000000e+00   0.0000000e+00
   2.2397900e+00   1.9067494e+06   2.2168581e+03   0.0000000e+00   0.0000000e+00
   2.2402300e+00   1.8726623e+06   2.2094390e+03   0.0000000e+00   0.0000000e+00
   2.2406700e+00   1.9215310e+06   2.2607606e+03   0.0000000e+00   0.0000000e+00
   2.2411000e+00   1.8244576e+06   2.1981515e+03   0.0000000e+00   0.0000000e+00
   2.2415400e+00   1.8078092e+06   2.2069291e+03   0.0000000e+00   0.0000000e+00
   2.2419800e+00   1.9280501e+06   2.2689545e+03   0.0000000e+00   0.0000000e+00
   2.2424200e+00   1.9538839e+06   2.2694014e+03   0.0000000e+00   0.0000000e+00
   2.2428600e+00   1.7747876e+06   2.1915788e+03   0.0000000e+00   0.0000000e+00
   2.2433000e+00   1.7332338e+06   2.1074883e+03   0.0000000e+00   0.0000000e+00
   2.2437400e+00   1.7612735e+06   2.1426215e+03   0.0000000e+00   0.0000000e+00
   2.2441800e+00   1.8207524e+06   2.1104708e+03   0.0000000e+00   0.0000000e+00
   2.2446200e+00   1.7276188e+06   1.9884022e+03   0.0000000e+00   0.0000000e+00
   2.2450600e+00   1.6851770e+06   2.0223991e+03   0.0000000e+00   0.0000000e+00
   2.2455000e+00   1.6094370e+06   1.8954321e+03   0.0000000e+00   0.0000000e+00
   2.2459400e+00   1.6608384e+06   1.9905090e+03   0.0000000e+00   0.0000000e+00
   2.2463800e+00   1.6238394e+06   1.8866551e+03   0.0000000e+00   0.0000000e+00
   2.2468200e+00   1.6053008e+06   1.8977667e+03   0.0000000e+00   0.0000000e+00
   2.2472600e+00   1.6208752e+06   1.9193573e+03   0.0000000e+00   0.0000000e+00
   2.2477000e+00   1.5811080e+06   1.8518599e+03   0.0000000e+00   0.0000000e+00
   2.2481500e+00   1.4330232e+06   1.8498378e+03   0.0000000e+00   0.0000000e+00
   2.2485900e+00   1.5246415e+06   1.9148153e+03   0.0000000e+00   0.0000000e+00
   2.2490300e+00   1.5122714e+06   1.8809959e+03   0.0000000e+00   0.0000000e+00
   2.2494700e+00   1.5892869e+06   2.3542793e+03   0.0000000e+00   0.0000000e+00
   2.2499100e+00   1.5003394e+06   1.9045552e+03   0.0000000e+00   0.0000000e+00
   2.2503500e+00   1.4655467e+06   1.7773653e+03   0.0000000e+00   0.0000000e+00
   2.2507900e+00   1.4094125e+06   1.7687521e+03   0.0000000e+00   0.0000000e+00
   2.2512300e+00   1.4443813e+06   1.8369955e+03   0.0000000e+00   0.0000000e+00
   2.2516700e+00   1.3460906e+06   1.7061303e+03   0.0000000e+00   0.0000000e+00
   2.2521200e+00   1.3879696e+06   1.7689135e+03   0.0000000e+00   0.0000000e+00
   2.2525600e+00   1.2423811e+06   1.6560950e+03   0.0000000e+00   0.0000000e+00
   2.2530000e+00   1.2778875e+06   1.6551575e+03   0.0000000e+00   0.0000000e+00
   2.2534400e+00   1.3332766e+06   1.8146447e+03   0.0000000e+00   0.0000000e+00
   2.2538800e+00   1.2935045e+06   1.6959891e+03   0.0000000e+00   0.0000000e+00
   2.2543200e+00   1.2572964e+06   1.6367066e+03   0.0000000e+00   0.0000000e+00
   2.2547700e+00   1.1120046e+06   1.4270270e+03   0.0000000e+00   0.0000000e+00
   2.2552100e+00   1.1652142e+06   1.4861212e+03   0.0000000e+00   0.0000000e+00
   2.2556500e+00   1.1635534e+06   1.5166573e+03   0.0000000e+00   0.0000000e+00
   2.2560900e+00   1.1523378e+06   1.5398024e+03   0.0000000e+00   0.0000000e+00
   2.2565400e+00   1.1115309e+06   1.4168185e+03   0.0000000e+00   0.0000000e+00
   2.2569800e+00   1.1388909e+06   1.4419697e+03   0.0000000e+00   0.0000000e+00
   2.2574200e+00   1.0919861e+06   1.4337407e+03   0.0000000e+00   0.0000000e+00
   2.2578600e+00   1.0803742e+06   1.3745787e+03   0.0000000e+00   0.0000000e+00
   2.2583100e+00   1.0097315e+06   1.2849251e+03   0.0000000e+00   0.0000000e+00
   2.2587500e+00   1.0776713e+06   1.2844106e+03   0.0000000e+00   0.0000000e+00
   2.2591900e+00   9.8416489e+05   1.2677443e+03   0.0000000e+00   0.0000000e+00
   2.2596300e+00   1.0193195e+06   1.3160687e+03   0.0000000e+00   0.0000000e+00
   2.2600800e+00   9.6426289e+05   1.2052296e+03   0.0000000e+00   0.0000000e+00
   2.2605200e+00   9.3020238e+05   1.1399420e+03   0.0000000e+00   0.0000000e+00
   2.2609600e+00   9.3175501e+05   1.2065718e+03   0.0000000e+00   0.0000000e+00
   2.2614100e+00   9.0483539e+05   1.1378995e+03   0.0000000e+00   0.0000000e+00
   2.2618500e+00   9.2480539e+05   1.1191865e+03   0.0000000e+00   0.0000000e+00
   2.2622900e+00   9.0064924e+05   1.1990611e+03   0.0000000e+00   0.0000000e+00
   2.2627400e+00   8.4996294e+05   1.0676101e+03   0.0000000e+00   0.0000000e+00
   2.2631800e+00   8.5775861e+05   1.0459744e+03   0.0000000e+00   0.0000000e+00
   2.2636200e+00   8.4601670e+05   1.0472610e+03   0.0000000e+00   0.0000000e+00
   2.2640700e+00   8.6012539e+05   9.8098474e+02   0.0000000e+00   0.0000000e+00
   2.2645100e+00   8.5515800e+05   1.0383305e+03   0.0000000e+00   0.0000000e+00
   2.2649600e+00   7.9069900e+05   9.4656314e+02   0.0000000e+00   0.0000000e+00
   2.2654000e+00   7.7185584e+05   8.9734580e+02   0.0000000e+00   0.0000000e+00
   2.2658400e+00   7.9247343e+05   8.7561082e+02   0.0000000e+00   0.0000000e+00
   2.2662900e+00   7.6104426e+05   8.9868807e+02   0.0000000e+00   0.0000000e+00
   2.2667300e+00   7.1807370e+05   8.6611474e+02   0.0000000e+00   0.0000000e+00
   2.2671800e+00   7.3494459e+05   8.4830481e+02   0.0000000e+00   0.0000000e+00
   2.2676200e+00   7.0035505e+05   8.3216756e+02   0.0000000e+00   0.0000000e+00
   2.2680700e+00   6.7478963e+05   7.6865598e+02   0.0000000e+00   0.0000000e+00
   2.2685100e+00   6.4454286e+05   7.9126927e+02   0.0000000e+00   0.0000000e+00
   2.2689600e+00   6.5016726e+05   7.6467821e+02   0.0000000e+00   0.0000000e+00
   2.2694000e+00   5.9336528e+05   7.0643974e+02   0.0000000e+00   0.0000000e+00
   2.2698400e+00   5.7972596e+05   6.8379371e+02   0.0000000e+00   0.0000000e+00
   2.2702900e+00   5.3157928e+05   6.7814471e+02   0.0000000e+00   0.0000000e+00
   2.2707300e+00   5.0383506e+05   6.2695242e+02   0.0000000e+00   0.0000000e+00
   2.2711800e+00   5.2538510e+05   6.7518562e+02   0.0000000e+00   0.0000000e+00
   2.2716300e+00   5.0706113e+05   6.6348360e+02   0.0000000e+00   0.0000000e+00
   2.2720700e+00   4.5240233e+05   6.2712507e+02   0.0000000e+00   0.0000000e+00
   2.2725200e+00   4.5317822e+05   6.0755838e+02   0.0000000e+00   0.0000000e+00
   2.2729600e+00   4.4250486e+05   5.8201650e+02   0.0000000e+00   0.0000000e+00
   2.2734100e+00   4.0458337e+05   5.4173127e+02   0.0000000e+00   0.0000000e+00
   2.2738500e+00   3.6100690e+05   5.1489220e+02   0.0000000e+00   0.0000000e+00
   2.2743000e+00   3.8253908e+05   5.2142973e+02   0.0000000e+00   0.0000000e+00
   2.2747400e+00   3.5812415e+05   4.9476809e+02   0.0000000e+00   0.0000000e+00
   2.2751900e+00   3.4724391e+05   4.8487843e+02   0.0000000e+00   0.0000000e+00
   2.2756300e+00   3.3429980e+05   4.5022009e+02   0.0000000e+00   0.0000000e+00
   2.2760800e+00   2.7858358e+05   4.1615774e+02   0.0000000e+00   0.0000000e+00
   2.2765300e+00   2.7840083e+05   3.9494246e+02   0.0000000e+00   0.0000000e+00
   2.2769700e+00   3.0771668e+05   4.3354345e+02   0.0000000e+00   0.0000000e+00
   2.2774200e+00   2.9783848e+05   4.1022703e+02   0.0000000e+00   0.0000000e+00
   2.2778700e+00   2.6909834e+05   3.8353744e+02   0.0000000e+00   0.0000000e+00
   2.2783100e+00   2.8211726e+05   4.0401532e+02   0.0000000e+00   0.0000000e+00
   2.2787600e+00   2.6052392e+05   3.5880116e+02   0.0000000e+00   0.0000000e+00
   2.2792000e+00   2.9201158e+05   3.9731143e+02   0.0000000e+00   0.0000000e+00
   2.2796500e+00   2.4181730e+05   3.4181693e+02   0.0000000e+00   0.0000000e+00
   2.2801000e+00   2.7093101e+05   3.7954718e+02   0.0000000e+00   0.0000000e+00
   2.2805400e+00   2.4815659e+05   3.6147682e+02   0.0000000e+00   0.0000000e+00
   2.2809900e+00   2.6537881e+05   3.5838434e+02   0.0000000e+00   0.0000000e+00
   2.2814400e+00   2.4443271e+05   3.4562582e+02   0.0000000e+00   0.0000000e+00
   2.2818900e+00   2.5097080e+05   3.5304540e+02   0.0000000e+00   0.0000000e+00
   2.2823300e+00   2.4506175e+05   3.4887648e+02   0.0000000e+00   0.0000000e+00
   2.2827800e+00   2.4381095e+05   3.5526392e+02   0.0000000e+00   0.0000000e+00
   2.2832300e+00   2.2812891e+05   3.2123777e+02   0.0000000e+00   0.0000000e+00
   2.2836700e+00   2.2995635e+05   3.1795313e+02   0.0000000e+00   0.0000000e+00
   2.2841200e+00   2.1424971e+05   3.1405978e+02   0.0000000e+00   0.0000000e+00
   2.2845700e+00   2.3120155e+05   3.1859286e+02   0.0000000e+00   0.0000000e+00
   2.2850200e+00   2.2327237e+05   3.2598355e+02   0.0000000e+00   0.0000000e+00
   2.2854600e+00   2.2412734e+05   3.1449260e+02   0.0000000e+00   0.0000000e+00
   2.2859100e+00   2.2149839e+05   3.2788404e+02   0.0000000e+00   0.0000000e+00
   2.2863600e+00   2.0532455e+05   3.0819146e+02   0.0000000e+00   0.0000000e+00
   2.2868100e+00   2.1420018e+05   3.0647856e+02   0.0000000e+00   0.0000000e+00
   2.2872500e+00   2.1563624e+05   3.1872672e+02   0.0000000e+00   0.0000000e+00
   2.2877000e+00   2.1375321e+05   3.0332578e+02   0.0000000e+00   0.0000000e+00
   2.2881500e+00   2.1688251e+05   3.1365378e+02   0.0000000e+00   0.0000000e+00
   2.2886000e+00   2.1189887e+05   3.0418570e+02   0.0000000e+00   0.0000000e+00
   2.2890500e+00   1.9652402e+05   2.8082807e+02   0.0000000e+00   0.0000000e+00
   2.2895000e+00   2.1496302e+05   3.1752330e+02   0.0000000e+00   0.0000000e+00
   2.2899400e+00   2.1174571e+05   3.0497918e+02   0.0000000e+00   0.0000000e+00
   2.2903900e+00   2.2921216e+05   3.2587873e+02   0.0000000e+00   0.0000000e+00
   2.2908400e+00   2.1500298e+05   3.1232621e+02   0.0000000e+00   0.0000000e+00
   2.2912900e+00   2.1116715e+05   3.0521947e+02   0.0000000e+00   0.0000000e+00
   2.2917400e+00   2.1881824e+05   3.0508342e+02   0.0000000e+00   0.0000000e+00
   2.2921900e+00   2.3062998e+05   3.2278528e+02   0.0000000e+00   0.0000000e+00
   2.2926400e+00   2.0392391e+05   2.9031661e+02   0.0000000e+00   0.0000000e+00
   2.2930800e+00   2.3347661e+05   3.3117492e+02   0.0000000e+00   0.0000000e+00
   2.2935300e+00   2.2028398e+05   3.2038407e+02   0.0000000e+00   0.0000000e+00
   2.2939800e+00   2.0763326e+05   2.8594226e+02   0.0000000e+00   0.0000000e+00
   2.2944300e+00   2.0845788e+05   3.0284542e+02   0.0000000e+00   0.0000000e+00
   2.2948800e+00   2.3157850e+05   3.2576268e+02   0.0000000e+00   0.0000000e+00
   2.2953300e+00   2.1093481e+05   3.0689032e+02   0.0000000e+00   0.0000000e+00
   2.2957800e+00   2.1017089e+05   3.1295036e+02   0.0000000e+00   0.0000000e+00
   2.2962300e+00   2.1096714e+05   2.9996559e+02   0.0000000e+00   0.0000000e+00
   2.2966800e+00   2.2187083e+05   3.1677867e+02   0.0000000e+00   0.0000000e+00
   2.2971300e+00   2.0193553e+05   3.0452670e+02   0.0000000e+00   0.0000000e+00
   2.2975800e+00   2.0734860e+05   2.9995392e+02   0.0000000e+00   0.0000000e+00
   2.2980300e+00   2.2238258e+05   3.0242974e+02   0.0000000e+00   0.0000000e+00
   2.2984800e+00   2.2123721e+05   3.1965460e+02   0.0000000e+00   0.0000000e+00
   2.2989300e+00   2.5209348e+05   3.5638960e+02   0.0000000e+00   0.0000000e+00
   2.2993800e+00   2.1174166e+05   3.1323039e+02   0.0000000e+00   0.0000000e+00
   2.2998300e+00   2.0396808e+05   3.0579886e+02   0.0000000e+00   0.0000000e+00
   2.3002800e+00   2.0740735e+05   2.9932951e+02   0.0000000e+00   0.0000000e+00
   2.3007300e+00   2.1445272e+05   3.0982226e+02   0.0000000e+00   0.0000000e+00
   2.3011800e+00   2.1053543e+05   2.9828118e+02   0.0000000e+00   0.0000000e+00
   2.3016300e+00   2.0508483e+05   2.9930330e+02   0.0000000e+00   0.0000000e+00
   2.3020800e+00   2.1005608e+05   2.9806192e+02   0.0000000e+00   0.0000000e+00
   2.3025300e+00   2.0799993e+05   3.0981021e+02   0.0000000e+00   0.0000000e+00
   2.3029800e+00   2.1041401e+05   3.0042822e+02   0.0000000e+00   0.0000000e+00
   2.3034300e+00   2.0959501e+05   3.1111517e+02   0.0000000e+00   0.0000000e+00
   2.3038800e+00   2.0925018e+05   3.1888092e+02   0.0000000e+00   0.0000000e+00
   2.3043300e+00   2.1984073e+05   3.3270515e+02   0.0000000e+00   0.0000000e+00
   2.3047800e+00   2.1835201e+05   3.3421306e+02   0.0000000e+00   0.0000000e+00
   2.3052300e+00   2.1160727e+05   3.1943178e+02   0.0000000e+00   0.0000000e+00
   2.3056800e+00   2.0854408e+05   3.0450639e+02   0.0000000e+00   0.0000000e+00
   2.3061300e+00   2.2835507e+05   3.6224083e+02   0.0000000e+00   0.0000000e+00
   2.3065800e+00   2.1142868e+05   3.3879941e+02   0.0000000e+00   0.0000000e+00
   2.3070300e+00   2.0270009e+05   3.0560924e+02   0.0000000e+00   0.0000000e+00
   2.3074900e+00   2.0941775e+05   3.2907690e+02   0.0000000e+00   0.0000000e+00
   2.3079400e+00   2.1433434e+05   3.1667342e+02   0.0000000e+00   0.0000000e+00
   2.3083900e+00   2.0166782e+05   3.1356585e+02   0.0000000e+00   0.0000000e+00
   2.3088400e+00   2.1602735e+05   3.4798519e+02   0.0000000e+00   0.0000000e+00
   2.3092900e+00   2.2943420e+05   3.5437421e+02   0.0000000e+00   0.0000000e+00
   2.3097400e+00   1.9923830e+05   3.2555467e+02   0.0000000e+00   0.0000000e+00
   2.3101900e+00   2.2620291e+05   3.4868588e+02   0.0000000e+00   0.0000000e+00
   2.3106500e+00   2.1750380e+05   3.4445927e+02   0.0000000e+00   0.0000000e+00
   2.3111000e+00   2.2180163e+05   3.5542401e+02   0.0000000e+00   0.0000000e+00
   2.3115500e+00   2.0885814e+05   3.3275479e+02   0.0000000e+00   0.0000000e+00
   2.3120000e+00   2.2828482e+05   3.5710306e+02   0.0000000e+00   0.0000000e+00
   2.3124500e+00   2.0769628e+05   3.2987777e+02   0.0000000e+00   0.0000000e+00
   2.3129100e+00   2.2597418e+05   3.6244603e+02   0.0000000e+00   0.0000000e+00
   2.3133600e+00   2.1880997e+05   3.4543180e+02   0.0000000e+00   0.0000000e+00
   2.3138100e+00   2.1103735e+05   3.3448238e+02   0.0000000e+00   0.0000000e+00
   2.3142600e+00   2.0060931e+05   3.1787506e+02   0.0000000e+00   0.0000000e+00
   2.3147100e+00   2.0610064e+05   3.1336684e+02   0.0000000e+00   0.0000000e+00
   2.3151700e+00   2.1937110e+05   3.4803797e+02   0.0000000e+00   0.0000000e+00
   2.3156200e+00   2.0350965e+05   3.3289980e+02   0.0000000e+00   0.0000000e+00
   2.3160700e+00   2.0174680e+05   3.3897117e+02   0.0000000e+00   0.0000000e+00
   2.3165200e+00   2.0468562e+05   3.4307197e+02   0.0000000e+00   0.0000000e+00
   2.3169800e+00   2.1951354e+05   3.6171476e+02   0.0000000e+00   0.0000000e+00
   2.3174300e+00   2.0541258e+05   3.3345687e+02   0.0000000e+00   0.0000000e+00
   2.3178800e+00   2.2336194e+05   3.6213718e+02   0.0000000e+00   0.0000000e+00
   2.3183300e+00   2.2055887e+05   3.5818892e+02   0.0000000e+00   0.0000000e+00
   2.3187900e+00   2.1401218e+05   3.4813003e+02   0.0000000e+00   0.0000000e+00
   2.3192400e+00   2.2395115e+05   3.5567788e+02   0.0000000e+00   0.0000000e+00
   2.3196900e+00   1.9322183e+05   2.9937255e+02   0.0000000e+00   0.0000000e+00
   2.3201500e+00   2.1561471e+05   3.6151813e+02   0.0000000e+00   0.0000000e+00
   2.3206000e+00   2.1781803e+05   3.4706626e+02   0.0000000e+00   0.0000000e+00
   2.3210500e+00   2.0156325e+05   3.2250421e+02   0.0000000e+00   0.0000000e+00
   2.3215100e+00   2.1369967e+05   3.3737780e+02   0.0000000e+00   0.0000000e+00
   2.3219600e+00   2.1126801e+05   3.5214963e+02   0.0000000e+00   0.0000000e+00
   2.3224100e+00   2.1846856e+05   3.7708537e+02   0.0000000e+00   0.0000000e+00
   2.3228700e+00   2.1668007e+05   3.5212772e+02   0.0000000e+00   0.0000000e+00
   2.3233200e+00   2.0044444e+05   3.3985860e+02   0.0000000e+00   0.0000000e+00
   2.3237700e+00   2.0970156e+05   3.4057834e+02   0.0000000e+00   0.0000000e+00
   2.3242300e+00   2.0851965e+05   3.5768604e+02   0.0000000e+00   0.0000000e+00
   2.3246800e+00   2.0017451e+05   3.3413245e+02   0.0000000e+00   0.0000000e+00
   2.3251400e+00   2.1889848e+05   3.5645318e+02   0.0000000e+00   0.0000000e+00
   2.3255900e+00   2.0774397e+05   3.4901234e+02   0.0000000e+00   0.0000000e+00
   2.3260400e+00   2.0368425e+05   3.4361108e+02   0.0000000e+00   0.0000000e+00
   2.3265000e+00   2.0451924e+05   3.4737435e+02   0.0000000e+00   0.0000000e+00
   2.3269500e+00   1.9143865e+05   3.0608236e+02   0.0000000e+00   0.0000000e+00
   2.3274100e+00   2.0695169e+05   3.4023115e+02   0.0000000e+00   0.0000000e+00
   2.3278600e+00   2.0339749e+05   3.3726761e+02   0.0000000e+00   0.0000000e+00
   2.3283100e+00   2.1628519e+05   3.6518602e+02   0.0000000e+00   0.0000000e+00
   2.3287700e+00   2.1484570e+05   3.5631541e+02   0.0000000e+00   0.0000000e+00
   2.3292200e+00   1.9961661e+05   3.5273502e+02   0.0000000e+00   0.0000000e+00
   2.3296800e+00   2.2496546e+05   3.7115122e+02   0.0000000e+00   0.0000000e+00
   2.3301300e+00   1.9961131e+05   3.3378283e+02   0.0000000e+00   0.0000000e+00
   2.3305900e+00   2.0619211e+05   3.4834822e+02   0.0000000e+00   0.0000000e+00
   2.3310400e+00   2.0662406e+05   3.4547623e+02   0.0000000e+00   0.0000000e+00
   2.3315000e+00   1.9480342e+05   3.3293819e+02   0.0000000e+00   0.0000000e+00
   2.3319500e+00   2.2056573e+05   3.9624684e+02   0.0000000e+00   0.0000000e+00
   2.3324100e+00   2.1511102e+05   3.7958178e+02   0.0000000e+00   0.0000000e+00
   2.3328600e+00   2.0346289e+05   3.5136084e+02   0.0000000e+00   0.0000000e+00
   2.3333200e+00   2.0670842e+05   3.5908472e+02   0.0000000e+00   0.0000000e+00
   2.3337700e+00   2.3255424e+05   4.1162319e+02   0.0000000e+00   0.0000000e+00
   2.3342300e+00   1.9649641e+05   3.4128717e+02   0.0000000e+00   0.0000000e+00
   2.3346800e+00   2.0061859e+05   3.5445393e+02   0.0000000e+00   0.0000000e+00
   2.3351400e+00   2.2324515e+05   3.9400466e+02   0.0000000e+00   0.0000000e+00
   2.3355900e+00   2.1525264e+05   3.8376930e+02   0.0000000e+00   0.0000000e+00
   2.3360500e+00   2.1212982e+05   3.7602990e+02   0.0000000e+00   0.0000000e+00
   2.3365000e+00   2.2545297e+05   4.0114221e+02   0.0000000e+00   0.0000000e+00
   2.3369600e+00   1.9968357e+05   3.5001336e+02   0.0000000e+00   0.0000000e+00
   2.3374100e+00   2.0166513e+05   3.2295664e+02   0.0000000e+00   0.0000000e+00
   2.3378700e+00   2.1168012e+05   3.7013635e+02   0.0000000e+00   0.0000000e+00
   2.3383200e+00   2.1950336e+05   3.8095304e+02   0.0000000e+00   0.0000000e+00
   2.3387800e+00   2.2021463e+05   3.7789762e+02   0.0000000e+00   0.0000000e+00
   2.3392400e+00   2.0376934e+05   3.5572806e+02   0.0000000e+00   0.0000000e+00
   2.3396900e+00   2.1227035e+05   3.7431947e+02   0.0000000e+00   0.0000000e+00
   2.3401500e+00   2.2220519e+05   3.7653889e+02   0.0000000e+00   0.0000000e+00
   2.3406000e+00   2.1357250e+05   3.7717258e+02   0.0000000e+00   0.0000000e+00
   2.3410600e+00   2.2448150e+05   3.9548516e+02   0.0000000e+00   0.0000000e+00
   2.3415200e+00   2.0870792e+05   3.5582132e+02   0.0000000e+00   0.0000000e+00
   2.3419700e+00   2.1482292e+05   3.7491397e+02   0.0000000e+00   0.0000000e+00
   2.3424300e+00   2.1379278e+05   3.7615687e+02   0.0000000e+00   0.0000000e+00
   2.3428900e+00   2.1015212e+05   3.5279380e+02   0.0000000e+00   0.0000000e+00
   2.3433400e+00   1.9318749e+05   3.2455487e+02   0.0000000e+00   0.0000000e+00
   2.3438000e+00   1.9653303e+05   3.5061344e+02   0.0000000e+00   0.0000000e+00
   2.3442500e+00   2.2448982e+05   3.9236764e+02   0.0000000e+00   0.0000000e+00
   2.3447100e+00   2.0539722e+05   3.5720650e+02   0.0000000e+00   0.0000000e+00
   2.3451700e+00   2.1409805e+05   3.7637328e+02   0.0000000e+00   0.0000000e+00
   2.3456200e+00   2.0676187e+05   3.6904742e+02   0.0000000e+00   0.0000000e+00
   2.3460800e+00   2.2683255e+05   4.0635872e+02   0.0000000e+00   0.0000000e+00
   2.3465400e+00   2.1307922e+05   3.5757908e+02   0.0000000e+00   0.0000000e+00
   2.3470000e+00   2.3128885e+05   3.9533028e+02   0.0000000e+00   0.0000000e+00
   2.3474500e+00   2.1375578e+05   3.6699569e+02   0.0000000e+00   0.0000000e+00
   2.3479100e+00   2.2202704e+05   3.8713530e+02   0.0000000e+00   0.0000000e+00
   2.3483700e+00   2.0777865e+05   3.6476452e+02   0.0000000e+00   0.0000000e+00
   2.3488200e+00   2.2222073e+05   3.7251859e+02   0.0000000e+00   0.0000000e+00
   2.3492800e+00   2.1572109e+05   3.8456926e+02   0.0000000e+00   0.0000000e+00
   2.3497400e+00   1.9919792e+05   3.5607243e+02   0.0000000e+00   0.0000000e+00
   2.3501900e+00   2.1566416e+05   3.8052130e+02   0.0000000e+00   0.0000000e+00
   2.3506500e+00   2.3037045e+05   3.8988500e+02   0.0000000e+00   0.0000000e+00
   2.3511100e+00   2.0726683e+05   3.1909523e+02   0.0000000e+00   0.0000000e+00
   2.3515700e+00   2.3400793e+05   3.9938413e+02   0.0000000e+00   0.0000000e+00
   2.3520200e+00   2.5820033e+05   4.2116752e+02   0.0000000e+00   0.0000000e+00
   2.3524800e+00   2.4236078e+05   3.7542847e+02   0.0000000e+00   0.0000000e+00
   2.3529400e+00   2.5209933e+05   4.0848067e+02   0.0000000e+00   0.0000000e+00
   2.3534000e+00   2.4036330e+05   3.6513253e+02   0.0000000e+00   0.0000000e+00
   2.3538600e+00   2.4721495e+05   3.8579299e+02   0.0000000e+00   0.0000000e+00
   2.3543100e+00   2.5407503e+05   3.9015031e+02   0.0000000e+00   0.0000000e+00
   2.3547700e+00   2.3755996e+05   3.4674112e+02   0.0000000e+00   0.0000000e+00
   2.3552300e+00   2.3139532e+05   3.5721883e+02   0.0000000e+00   0.0000000e+00
   2.3556900e+00   2.4766183e+05   3.7417740e+02   0.0000000e+00   0.0000000e+00
   2.3561400e+00   2.4073850e+05   3.5042379e+02   0.0000000e+00   0.0000000e+00
   2.3566000e+00   2.4394609e+05   3.7625072e+02   0.0000000e+00   0.0000000e+00
   2.3570600e+00   2.5571604e+05   3.8381454e+02   0.0000000e+00   0.0000000e+00
   2.3575200e+00   2.7160285e+05   4.0129875e+02   0.0000000e+00   0.0000000e+00
   2.3579800e+00   2.5804543e+05   3.8452008e+02   0.0000000e+00   0.0000000e+00
   2.3584400e+00   2.4397993e+05   3.4147532e+02   0.0000000e+00   0.0000000e+00
   2.3588900e+00   2.7467005e+05   4.0192721e+02   0.0000000e+00   0.0000000e+00
   2.3593500e+00   2.7392782e+05   3.8938948e+02   0.0000000e+00   0.0000000e+00
   2.3598100e+00   2.8721430e+05   3.9518607e+02   0.0000000e+00   0.0000000e+00
   2.3602700e+00   3.4045576e+05   5.0958114e+02   0.0000000e+00   0.0000000e+00
