   1.9420100e+00   0.0000000e+00   0.0000000e+00   0.0000000e+00   0.0000000e+00
   1.9423500e+00   0.0000000e+00   0.0000000e+00   0.0000000e+00   0.0000000e+00
   1.9426900e+00   0.0000000e+00   0.0000000e+00   0.0000000e+00   0.0000000e+00
   1.9430300e+00   0.0000000e+00   0.0000000e+00   0.0000000e+00   0.0000000e+00
   1.9433700e+00   0.0000000e+00   0.0000000e+00   0.0000000e+00   0.0000000e+00
   1.9437100e+00   0.0000000e+00   0.0000000e+00   0.0000000e+00   0.0000000e+00
   1.9440500e+00   0.0000000e+00   0.0000000e+00   0.0000000e+00   0.0000000e+00
   1.9443900e+00   0.0000000e+00   0.0000000e+00   0.0000000e+00   0.0000000e+00
   1.9447300e+00   0.0000000e+00   0.0000000e+00   0.0000000e+00   0.0000000e+00
   1.9450700e+00   0.0000000e+00   0.0000000e+00   0.0000000e+00   0.0000000e+00
   1.9454100e+00   0.0000000e+00   0.0000000e+00   0.0000000e+00   0.0000000e+00
   1.9457500e+00   0.0000000e+00   0.0000000e+00   0.0000000e+00   0.0000000e+00
   1.9460900e+00   0.0000000e+00   0.0000000e+00   0.0000000e+00   0.0000000e+00
   1.9464300e+00   0.0000000e+00   0.0000000e+00   0.0000000e+00   0.0000000e+00
   1.9467700e+00   0.0000000e+00   0.0000000e+00   0.0000000e+00   0.0000000e+00
   1.9471100e+00   0.0000000e+00   0.0000000e+00   0.0000000e+00   0.0000000e+00
   1.9474500e+00   0.0000000e+00   0.0000000e+00   0.0000000e+00   0.0000000e+00
   1.9477900e+00   0.0000000e+00   0.0000000e+00   0.0000000e+00   0.0000000e+00
   1.9481300e+00   0.0000000e+00   0.0000000e+00   0.0000000e+00   0.0000000e+00
   1.9484800e+00   0.0000000e+00   0.0000000e+00   0.0000000e+00   0.0000000e+00
   1.9488200e+00   0.0000000e+00   0.0000000e+00   0.0000000e+00   0.0000000e+00
   1.9491600e+00   0.0000000e+00   0.0000000e+00   0.0000000e+00   0.0000000e+00
   1.9495000e+00   0.0000000e+00   0.0000000e+00   0.0000000e+00   0.0000000e+00
   1.9498400e+00   0.0000000e+00   0.0000000e+00   0.0000000e+00   0.0000000e+00
   1.9501900e+00   3.2635371e+04   1.4339122e+01   0.0000000e+00   1.6305823e-01
   1.9505300e+00   3.2481030e+04   1.4611259e+01   0.0000000e+00   1.6411218e-01
   1.9508700e+00   3.1849815e+04   1.4425133e+01   0.0000000e+00   1.7034169e-01
   1.9512200e+00   3.2133255e+04   1.4296531e+01   0.0000000e+00   1.5888217e-01
   1.9515600e+00   3.2247085e+04   1.4188689e+01   0.0000000e+00   1.5623481e-01
   1.9519000e+00   3.2767955e+04   1.4295752e+01   0.0000000e+00   1.5370398e-01
   1.9522500e+00   3.2909302e+04   1.3919532e+01   0.0000000e+00   1.4749776e-01
   1.9525900e+00   3.2246293e+04   1.4616119e+01   0.0000000e+00   1.5382076e-01
   1.9529300e+00   3.2690848e+04   1.3922492e+01   0.0000000e+00   1.4585476e-01
   1.9532800e+00   3.2096306e+04   1.5202212e+01   0.0000000e+00   1.4956509e-01
   1.9536200e+00   3.2768454e+04   1.4608621e+01   0.0000000e+00   1.4686353e-01
   1.9539700e+00   3.3015060e+04   1.4668551e+01   0.0000000e+00   1.4519445e-01
   1.9543100e+00   3.2665761e+04   1.5688178e+01   0.0000000e+00   1.4367153e-01
   1.9546600e+00   3.2369097e+04   1.4925820e+01   0.0000000e+00   1.4090981e-01
   1.9550000e+00   3.2805150e+04   1.5284560e+01   0.0000000e+00   1.3660147e-01
   1.9553500e+00   3.2292885e+04   1.4114303e+01   0.0000000e+00   1.4203942e-01
   1.9556900e+00   3.2978961e+04   1.5333329e+01   0.0000000e+00   1.3490027e-01
   1.9560400e+00   3.2570230e+04   1.5153292e+01   0.0000000e+00   1.3404147e-01
   1.9563800e+00   3.3474233e+04   1.7564331e+01   0.0000000e+00   1.3492553e-01
   1.9567300e+00   3.1802381e+04   1.3771765e+01   0.0000000e+00   1.3591782e-01
   1.9570700e+00   3.2208420e+04   1.5956804e+01   0.0000000e+00   1.3065670e-01
   1.9574200e+00   3.2121241e+04   1.7396974e+01   0.0000000e+00   1.3178967e-01
   1.9577700e+00   3.2504651e+04   1.7943827e+01   0.0000000e+00   1.2813576e-01
   1.9581100e+00   3.1393103e+04   1.5141367e+01   0.0000000e+00   1.2907645e-01
   1.9584600e+00   3.2350738e+04   1.5183128e+01   0.0000000e+00   1.2051042e-01
   1.9588100e+00   3.3821777e+04   1.8895814e+01   0.0000000e+00   1.2244543e-01
   1.9591500e+00   3.3460206e+04   1.6900685e+01   0.0000000e+00   1.1781072e-01
   1.9595000e+00   3.2888015e+04   1.5088794e+01   0.0000000e+00   1.1993054e-01
   1.9598500e+00   3.3098977e+04   1.6401580e+01   0.0000000e+00   1.2158287e-01
   1.9602000e+00   3.3294694e+04   1.3910789e+01   0.0000000e+00   1.1220626e-01
   1.9605400e+00   3.3196898e+04   1.5360996e+01   0.0000000e+00   1.1131078e-01
   1.9608900e+00   3.2570861e+04   1.5466485e+01   0.0000000e+00   1.1129532e-01
   1.9612400e+00   3.1993903e+04   1.4777008e+01   0.0000000e+00   1.1777323e-01
   1.9615900e+00   3.2710806e+04   1.3744622e+01   0.0000000e+00   1.1012923e-01
   1.9619400e+00   3.3259856e+04   1.3833330e+01   0.0000000e+00   1.1124060e-01
   1.9622900e+00   3.3198019e+04   1.3128575e+01   0.0000000e+00   1.0951632e-01
   1.9626300e+00   3.3153238e+04   1.4904942e+01   0.0000000e+00   1.0619210e-01
   1.9629800e+00   3.3260539e+04   1.3960083e+01   0.0000000e+00   1.0452911e-01
   1.9633300e+00   3.3124944e+04   1.3442682e+01   0.0000000e+00   1.0481683e-01
   1.9636800e+00   3.3969367e+04   1.4279854e+01   0.0000000e+00   1.0078113e-01
   1.9640300e+00   3.3375125e+04   1.4017713e+01   0.0000000e+00   1.0368778e-01
   1.9643800e+00   3.3356917e+04   1.5370952e+01   0.0000000e+00   1.0286123e-01
   1.9647300e+00   3.3411684e+04   1.3250900e+01   0.0000000e+00   1.0494864e-01
   1.9650800e+00   3.2633403e+04   1.2717026e+01   0.0000000e+00   1.0686026e-01
   1.9654300e+00   3.3017938e+04   1.3494627e+01   0.0000000e+00   1.0262341e-01
   1.9657800e+00   3.4148738e+04   1.4992074e+01   0.0000000e+00   9.9120208e-02
   1.9661300e+00   3.3717664e+04   1.3904881e+01   0.0000000e+00   9.8793357e-02
   1.9664800e+00   3.3681473e+04   1.4035200e+01   0.0000000e+00   1.0699921e-01
   1.9668300e+00   3.4263124e+04   1.3437699e+01   0.0000000e+00   1.0098700e-01
   1.9671800e+00   3.4915372e+04   1.2701319e+01   0.0000000e+00   9.7496363e-02
   1.9675400e+00   3.4375439e+04   1.3618305e+01   0.0000000e+00   1.0395639e-01
   1.9678900e+00   3.4324631e+04   1.2879015e+01   0.0000000e+00   1.0220923e-01
   1.9682400e+00   3.4634481e+04   1.3965349e+01   0.0000000e+00   9.8168992e-02
   1.9685900e+00   3.4778645e+04   1.2786343e+01   0.0000000e+00   9.9144187e-02
   1.9689400e+00   3.4878189e+04   1.2704503e+01   0.0000000e+00   9.9447574e-02
   1.9692900e+00   3.4873153e+04   1.2866669e+01   0.0000000e+00   9.9527030e-02
   1.9696500e+00   3.4727411e+04   1.2907142e+01   0.0000000e+00   1.0160982e-01
   1.9700000e+00   3.5015769e+04   1.2808920e+01   0.0000000e+00   1.0002525e-01
   1.9703500e+00   3.5123587e+04   1.3238428e+01   0.0000000e+00   1.0191272e-01
   1.9707000e+00   3.5801227e+04   1.3006541e+01   0.0000000e+00   1.0208299e-01
   1.9710600e+00   3.5538153e+04   1.2944582e+01   0.0000000e+00   1.0292055e-01
   1.9714100e+00   3.5973165e+04   1.3964171e+01   0.0000000e+00   9.8756868e-02
   1.9717600e+00   3.6609814e+04   1.3408976e+01   0.0000000e+00   1.0267046e-01
   1.9721200e+00   3.5882934e+04   1.3024995e+01   0.0000000e+00   9.8269808e-02
   1.9724700e+00   3.6071898e+04   1.3051263e+01   0.0000000e+00   9.7449121e-02
   1.9728200e+00   3.6883143e+04   1.6354910e+01   0.0000000e+00   9.9447848e-02
   1.9731800e+00   3.6696675e+04   1.3204969e+01   0.0000000e+00   1.0058089e-01
   1.9735300e+00   3.6658638e+04   1.3366034e+01   0.0000000e+00   1.0086136e-01
   1.9738900e+00   3.7026233e+04   1.3281133e+01   0.0000000e+00   9.9387751e-02
   1.9742400e+00   3.6947845e+04   1.4615077e+01   0.0000000e+00   1.0114700e-01
   1.9746000e+00   3.7442591e+04   1.3487544e+01   0.0000000e+00   1.0068371e-01
   1.9749500e+00   3.6988398e+04   1.3915143e+01   0.0000000e+00   9.8724284e-02
   1.9753000e+00   3.6262477e+04   1.3077866e+01   0.0000000e+00   1.0112680e-01
   1.9756600e+00   3.7069207e+04   1.6145390e+01   0.0000000e+00   1.0289147e-01
   1.9760200e+00   3.6497588e+04   1.3153150e+01   0.0000000e+00   1.0148814e-01
   1.9763700e+00   3.6816857e+04   1.4032530e+01   0.0000000e+00   1.0230269e-01
   1.9767300e+00   3.7039816e+04   1.3320290e+01   0.0000000e+00   1.0273113e-01
   1.9770800e+00   3.7053719e+04   1.3532058e+01   0.0000000e+00   1.0478051e-01
   1.9774400e+00   3.7093331e+04   1.3680964e+01   0.0000000e+00   1.0246393e-01
   1.9777900e+00   3.6944583e+04   1.3493756e+01   0.0000000e+00   1.0069991e-01
   1.9781500e+00   3.6222428e+04   1.3215982e+01   0.0000000e+00   1.0334210e-01
   1.9785100e+00   3.6558969e+04   1.3081592e+01   0.0000000e+00   1.0142196e-01
   1.9788600e+00   3.6616554e+04   1.3703177e+01   0.0000000e+00   1.0249807e-01
   1.9792200e+00   3.5740897e+04   1.2890801e+01   0.0000000e+00   1.0179702e-01
   1.9795800e+00   3.6262083e+04   1.3018224e+01   0.0000000e+00   1.0310373e-01
   1.9799300e+00   3.6173061e+04   1.3060513e+01   0.0000000e+00   1.0494714e-01
   1.9802900e+00   3.6458742e+04   1.3415782e+01   0.0000000e+00   1.0963864e-01
   1.9806500e+00   3.6012140e+04   1.3093998e+01   0.0000000e+00   1.0364375e-01
   1.9810100e+00   3.5536323e+04   1.3003643e+01   0.0000000e+00   1.0555535e-01
   1.9813600e+00   3.5670552e+04   1.2833924e+01   0.0000000e+00   1.0344603e-01
   1.9817200e+00   3.6037099e+04   1.3004101e+01   0.0000000e+00   1.0371165e-01
   1.9820800e+00   3.6120350e+04   1.3100477e+01   0.0000000e+00   1.0409079e-01
   1.9824400e+00   3.6353436e+04   1.3291856e+01   0.0000000e+00   1.0500601e-01
   1.9828000e+00   3.6086046e+04   1.2809481e+01   0.0000000e+00   1.0477683e-01
   1.9831500e+00   3.6025769e+04   1.2915837e+01   0.0000000e+00   1.0584005e-01
   1.9835100e+00   3.5576744e+04   1.2822921e+01   0.0000000e+00   1.0778982e-01
   1.9838700e+00   3.6291383e+04   1.2951054e+01   0.0000000e+00   1.0554131e-01
   1.9842300e+00   3.6426370e+04   1.3131366e+01   0.0000000e+00   1.0758418e-01
   1.9845900e+00   3.6371260e+04   1.5036102e+01   0.0000000e+00   1.0789732e-01
   1.9849500e+00   3.5887779e+04   1.2933561e+01   0.0000000e+00   1.0835457e-01
   1.9853100e+00   3.6650320e+04   1.3092540e+01   0.0000000e+00   1.0784075e-01
   1.9856700e+00   3.6225665e+04   1.3020346e+01   0.0000000e+00   1.0991216e-01
   1.9860300e+00   3.5522194e+04   1.2698892e+01   0.0000000e+00   1.0770300e-01
   1.9863900e+00   3.6154447e+04   1.2923706e+01   0.0000000e+00   1.0907603e-01
   1.9867500e+00   3.6537346e+04   1.3089326e+01   0.0000000e+00   1.1013309e-01
   1.9871100e+00   3.6969170e+04   1.3282708e+01   0.0000000e+00   1.1015668e-01
   1.9874700e+00   3.6945960e+04   1.3207017e+01   0.0000000e+00   1.0972292e-01
   1.9878300e+00   3.7085358e+04   1.3366419e+01   0.0000000e+00   1.1021267e-01
   1.9881900e+00   3.6343122e+04   1.3030177e+01   0.0000000e+00   1.1154091e-01
   1.9885500e+00   3.6125312e+04   1.3138422e+01   0.0000000e+00   1.1207210e-01
   1.9889100e+00   3.6750088e+04   1.3261251e+01   0.0000000e+00   1.1350434e-01
   1.9892700e+00   3.7927609e+04   1.5116871e+01   0.0000000e+00   1.1199419e-01
   1.9896400e+00   3.7444213e+04   1.3497971e+01   0.0000000e+00   1.1502956e-01
   1.9900000e+00   3.6739080e+04   1.3216002e+01   0.0000000e+00   1.1393427e-01
   1.9903600e+00   3.7420486e+04   1.3359845e+01   0.0000000e+00   1.1326712e-01
   1.9907200e+00   3.7063692e+04   1.3098453e+01   0.0000000e+00   1.1370085e-01
   1.9910800e+00   3.6904356e+04   1.3305276e+01   0.0000000e+00   1.1685436e-01
   1.9914500e+00   3.6589848e+04   1.3174381e+01   0.0000000e+00   1.1557316e-01
   1.9918100e+00   3.7007834e+04   1.3381953e+01   0.0000000e+00   1.1519601e-01
   1.9921700e+00   3.7137794e+04   1.3311744e+01   0.0000000e+00   1.1599580e-01
   1.9925300e+00   3.6584684e+04   1.3095425e+01   0.0000000e+00   1.1569168e-01
   1.9929000e+00   3.7290585e+04   1.3413894e+01   0.0000000e+00   1.1619711e-01
   1.9932600e+00   3.7059378e+04   1.3404452e+01   0.0000000e+00   1.1768080e-01
   1.9936200e+00   3.6967218e+04   1.3538699e+01   0.0000000e+00   1.1911804e-01
   1.9939900e+00   3.7208958e+04   1.3247926e+01   0.0000000e+00   1.2003831e-01
   1.9943500e+00   3.6808741e+04   1.3246990e+01   0.0000000e+00   1.2135019e-01
   1.9947100e+00   3.6769311e+04   1.3273586e+01   0.0000000e+00   1.2297595e-01
   1.9950800e+00   3.7646978e+04   1.3334473e+01   0.0000000e+00   1.2040490e-01
   1.9954400e+00   3.7010064e+04   1.3347028e+01   0.0000000e+00   1.2216930e-01
   1.9958100e+00   3.6756562e+04   1.3296442e+01   0.0000000e+00   1.2266214e-01
   1.9961700e+00   3.7579233e+04   1.3445763e+01   0.0000000e+00   1.2271716e-01
   1.9965300e+00   3.7729773e+04   1.3675516e+01   0.0000000e+00   1.2341477e-01
   1.9969000e+00   3.7021021e+04   1.3365301e+01   0.0000000e+00   1.2594742e-01
   1.9972600e+00   3.7093835e+04   1.3329574e+01   0.0000000e+00   1.2601676e-01
   1.9976300e+00   3.7657094e+04   1.3694939e+01   0.0000000e+00   1.2775076e-01
   1.9979900e+00   3.7740063e+04   1.3562916e+01   0.0000000e+00   1.2791740e-01
   1.9983600e+00   3.7143358e+04   1.3382156e+01   0.0000000e+00   1.2963325e-01
   1.9987300e+00   3.7430160e+04   1.4718691e+01   0.0000000e+00   1.2984044e-01
   1.9990900e+00   3.6829788e+04   1.3546294e+01   0.0000000e+00   1.3083550e-01
   1.9994600e+00   3.6838680e+04   1.4701305e+01   0.0000000e+00   1.3180716e-01
   1.9998200e+00   3.6806739e+04   1.5181011e+01   0.0000000e+00   1.3505427e-01
   2.0001900e+00   3.7471599e+04   1.4011179e+01   0.0000000e+00   1.3728494e-01
   2.0005500e+00   3.8206010e+04   1.3639737e+01   0.0000000e+00   1.3485334e-01
   2.0009200e+00   3.7666498e+04   1.3519432e+01   0.0000000e+00   1.3633668e-01
   2.0012900e+00   3.8059388e+04   1.3751603e+01   0.0000000e+00   1.3938316e-01
   2.0016500e+00   3.7412655e+04   1.3464975e+01   0.0000000e+00   1.4062535e-01
   2.0020200e+00   3.7615568e+04   1.3382806e+01   0.0000000e+00   1.3947365e-01
   2.0023900e+00   3.7734191e+04   1.3570387e+01   0.0000000e+00   1.4304812e-01
   2.0027600e+00   3.7623793e+04   1.3412998e+01   0.0000000e+00   1.4292718e-01
   2.0031200e+00   3.7643862e+04   1.3396536e+01   0.0000000e+00   1.4337461e-01
   2.0034900e+00   3.7596974e+04   1.3531002e+01   0.0000000e+00   1.4744465e-01
   2.0038600e+00   3.8571923e+04   1.3806736e+01   0.0000000e+00   1.4798127e-01
   2.0042300e+00   3.7902493e+04   1.3389549e+01   0.0000000e+00   1.4880202e-01
   2.0045900e+00   3.8552388e+04   1.3620240e+01   0.0000000e+00   1.5101376e-01
   2.0049600e+00   3.8761186e+04   1.3685363e+01   0.0000000e+00   1.5258075e-01
   2.0053300e+00   3.8321698e+04   1.3758844e+01   0.0000000e+00   1.5521564e-01
   2.0057000e+00   3.8154215e+04   1.3538858e+01   0.0000000e+00   1.5537981e-01
   2.0060700e+00   3.8872653e+04   1.3905922e+01   0.0000000e+00   1.5918628e-01
   2.0064400e+00   3.9436907e+04   1.3944532e+01   0.0000000e+00   1.5908812e-01
   2.0068100e+00   3.8556563e+04   1.3773142e+01   0.0000000e+00   1.6193930e-01
   2.0071700e+00   3.9046867e+04   1.3981859e+01   0.0000000e+00   1.6519329e-01
   2.0075400e+00   3.9513124e+04   1.3902103e+01   0.0000000e+00   1.6690942e-01
   2.0079100e+00   3.8825601e+04   1.3934806e+01   0.0000000e+00   1.7095489e-01
   2.0082800e+00   3.8761375e+04   1.3781377e+01   0.0000000e+00   1.7258593e-01
   2.0086500e+00   3.9085267e+04   1.3857920e+01   0.0000000e+00   1.7333400e-01
   2.0090200e+00   3.8779686e+04   1.4039784e+01   0.0000000e+00   1.7794484e-01
   2.0093900e+00   3.8732861e+04   1.3878763e+01   0.0000000e+00   1.7815849e-01
   2.0097600e+00   3.8933320e+04   1.3772874e+01   0.0000000e+00   1.8139851e-01
   2.0101300e+00   3.8671354e+04   1.3978032e+01   0.0000000e+00   1.8456013e-01
   2.0105000e+00   3.8559114e+04   1.3775925e+01   0.0000000e+00   1.8758819e-01
   2.0108700e+00   3.8972573e+04   1.3753316e+01   0.0000000e+00   1.9034156e-01
   2.0112500e+00   3.8835466e+04   1.3680827e+01   0.0000000e+00   1.9354428e-01
   2.0116200e+00   3.8951672e+04   1.3856037e+01   0.0000000e+00   1.9770867e-01
   2.0119900e+00   3.8247974e+04   1.3752105e+01   0.0000000e+00   2.0171403e-01
   2.0123600e+00   3.9087692e+04   1.3815877e+01   0.0000000e+00   2.0360218e-01
   2.0127300e+00   3.8515507e+04   1.3646685e+01   0.0000000e+00   2.0827668e-01
   2.0131000e+00   3.8311633e+04   1.3659508e+01   0.0000000e+00   2.1138905e-01
   2.0134700e+00   3.8521801e+04   1.3672222e+01   0.0000000e+00   2.1610993e-01
   2.0138500e+00   3.8272001e+04   1.3665165e+01   0.0000000e+00   2.2019125e-01
   2.0142200e+00   3.8422366e+04   1.3725142e+01   0.0000000e+00   2.2396032e-01
   2.0145900e+00   3.8397813e+04   1.3655144e+01   0.0000000e+00   2.2988905e-01
   2.0149600e+00   3.8412665e+04   1.3827028e+01   0.0000000e+00   2.3511375e-01
   2.0153300e+00   3.7879167e+04   1.3683953e+01   0.0000000e+00   2.3938139e-01
   2.0157100e+00   3.8344399e+04   1.3672124e+01   0.0000000e+00   2.4392367e-01
   2.0160800e+00   3.8824474e+04   1.3955449e+01   0.0000000e+00   2.4917278e-01
   2.0164500e+00   3.8579199e+04   1.3722748e+01   0.0000000e+00   2.5220993e-01
   2.0168300e+00   3.8482580e+04   1.3685828e+01   0.0000000e+00   2.5914216e-01
   2.0172000e+00   3.9390788e+04   1.3999729e+01   0.0000000e+00   2.6539528e-01
   2.0175700e+00   3.9262743e+04   1.3815667e+01   0.0000000e+00   2.7161845e-01
   2.0179500e+00   3.8857492e+04   1.3854693e+01   0.0000000e+00   2.7924817e-01
   2.0183200e+00   3.9364804e+04   1.3828539e+01   0.0000000e+00   2.8382823e-01
   2.0186900e+00   4.0188812e+04   1.4240161e+01   0.0000000e+00   2.8994817e-01
   2.0190700e+00   4.0117661e+04   1.4058433e+01   0.0000000e+00   2.9561045e-01
   2.0194400e+00   3.9445012e+04   1.3937590e+01   0.0000000e+00   3.0159167e-01
   2.0198200e+00   4.0491459e+04   1.4562325e+01   0.0000000e+00   3.1244925e-01
   2.0201900e+00   3.9792228e+04   1.4134648e+01   0.0000000e+00   3.2046583e-01
   2.0205700e+00   4.0166932e+04   1.4272903e+01   0.0000000e+00   3.2900625e-01
   2.0209400e+00   3.9813320e+04   1.4296854e+01   0.0000000e+00   3.4029956e-01
   2.0213200e+00   3.9664085e+04   1.3936347e+01   0.0000000e+00   3.4479305e-01
   2.0216900e+00   3.9371497e+04   1.3962984e+01   0.0000000e+00   3.5316310e-01
   2.0220700e+00   3.9366651e+04   1.4130811e+01   0.0000000e+00   3.6026632e-01
   2.0224400e+00   4.0490197e+04   1.4253729e+01   0.0000000e+00   3.6844687e-01
   2.0228200e+00   3.9760294e+04   1.4223411e+01   0.0000000e+00   3.7960773e-01
   2.0231900e+00   3.9826948e+04   1.4179070e+01   0.0000000e+00   3.8842547e-01
   2.0235700e+00   3.9880245e+04   1.4161752e+01   0.0000000e+00   3.9904083e-01
   2.0239500e+00   4.0154800e+04   1.4320459e+01   0.0000000e+00   4.1109763e-01
   2.0243200e+00   3.9613970e+04   1.4280759e+01   0.0000000e+00   4.2504362e-01
   2.0247000e+00   4.0189562e+04   1.4389674e+01   0.0000000e+00   4.3241875e-01
   2.0250700e+00   3.9554956e+04   1.4155423e+01   0.0000000e+00   4.4111871e-01
   2.0254500e+00   3.9590339e+04   1.3927696e+01   0.0000000e+00   4.4957995e-01
   2.0258300e+00   4.0198494e+04   1.4259365e+01   0.0000000e+00   4.6121804e-01
   2.0262000e+00   4.0336264e+04   1.4219589e+01   0.0000000e+00   4.7389462e-01
   2.0265800e+00   4.0293848e+04   1.4205683e+01   0.0000000e+00   4.8850944e-01
   2.0269600e+00   4.2655035e+04   1.5447562e+01   0.0000000e+00   5.0516181e-01
   2.0273400e+00   4.7283995e+04   1.6613917e+01   0.0000000e+00   5.1793748e-01
   2.0277100e+00   4.7346447e+04   1.6819815e+01   0.0000000e+00   5.3156212e-01
   2.0280900e+00   4.5421684e+04   1.6258062e+01   0.0000000e+00   5.4215945e-01
   2.0284700e+00   4.1951099e+04   1.4788248e+01   0.0000000e+00   5.5099455e-01
   2.0288500e+00   4.0319546e+04   1.4327685e+01   0.0000000e+00   5.6317914e-01
   2.0292300e+00   4.0341739e+04   1.4299756e+01   0.0000000e+00   5.7739153e-01
   2.0296000e+00   4.0863689e+04   1.4572448e+01   0.0000000e+00   5.9442530e-01
   2.0299800e+00   4.0345786e+04   1.4295468e+01   0.0000000e+00   6.1299358e-01
   2.0303600e+00   4.0111954e+04   1.4257267e+01   0.0000000e+00   6.3083708e-01
   2.0307400e+00   4.0681887e+04   1.4579186e+01   0.0000000e+00   6.4395929e-01
   2.0311200e+00   4.0250193e+04   1.4518202e+01   0.0000000e+00   6.5589210e-01
   2.0315000e+00   4.0575985e+04   1.4537210e+01   0.0000000e+00   6.6671294e-01
   2.0318800e+00   4.0710182e+04   1.4467266e+01   0.0000000e+00   6.7923256e-01
   2.0322600e+00   4.0968806e+04   1.4497076e+01   0.0000000e+00   6.9617617e-01
   2.0326400e+00   4.0519008e+04   1.4246124e+01   0.0000000e+00   7.1166527e-01
   2.0330100e+00   4.1093370e+04   1.4677851e+01   0.0000000e+00   7.3025217e-01
   2.0333900e+00   4.3149158e+04   1.5261491e+01   0.0000000e+00   7.5042907e-01
   2.0337700e+00   4.6683188e+04   1.6438364e+01   0.0000000e+00   7.6798727e-01
   2.0341500e+00   4.6002877e+04   1.6267685e+01   0.0000000e+00   7.8302648e-01
   2.0345300e+00   4.4577692e+04   1.5656206e+01   0.0000000e+00   7.9481234e-01
   2.0349200e+00   4.2098398e+04   1.4805480e+01   0.0000000e+00   8.0752117e-01
   2.0353000e+00   4.1245722e+04   1.4668385e+01   0.0000000e+00   8.1987046e-01
   2.0356800e+00   4.1089937e+04   1.4570465e+01   0.0000000e+00   8.3635689e-01
   2.0360600e+00   4.1186034e+04   1.4556812e+01   0.0000000e+00   8.5784256e-01
   2.0364400e+00   4.1091956e+04   1.4499398e+01   0.0000000e+00   8.7920051e-01
   2.0368200e+00   4.1323414e+04   1.4627955e+01   0.0000000e+00   8.9547229e-01
   2.0372000e+00   4.1850856e+04   1.4898874e+01   0.0000000e+00   9.1081405e-01
   2.0375800e+00   4.1618032e+04   1.4749874e+01   0.0000000e+00   9.2143830e-01
   2.0379600e+00   4.1657653e+04   1.4825662e+01   0.0000000e+00   9.3115530e-01
   2.0383400e+00   4.1745866e+04   1.4825959e+01   0.0000000e+00   9.4464415e-01
   2.0387300e+00   4.2111053e+04   1.4997269e+01   0.0000000e+00   9.5849465e-01
   2.0391100e+00   4.1558209e+04   1.4750909e+01   0.0000000e+00   9.7443094e-01
   2.0394900e+00   4.1412952e+04   1.4728189e+01   0.0000000e+00   9.9642659e-01
   2.0398700e+00   4.1963225e+04   1.4783164e+01   0.0000000e+00   1.0188801e+00
   2.0402600e+00   4.2936558e+04   1.5288470e+01   0.0000000e+00   1.0361551e+00
   2.0406400e+00   4.9682137e+04   1.8065994e+01   0.0000000e+00   1.0444682e+00
   2.0410200e+00   6.3847465e+04   2.2455251e+01   0.0000000e+00   1.0496185e+00
   2.0414000e+00   6.6562899e+04   2.2917625e+01   0.0000000e+00   1.0584417e+00
   2.0417900e+00   6.0131553e+04   2.1316168e+01   0.0000000e+00   1.0686423e+00
   2.0421700e+00   4.6953680e+04   1.6863789e+01   0.0000000e+00   1.0835617e+00
   2.0425500e+00   4.3166148e+04   1.5376766e+01   0.0000000e+00   1.1019139e+00
   2.0429400e+00   4.3279979e+04   1.5347475e+01   0.0000000e+00   1.1223258e+00
   2.0433200e+00   4.3218962e+04   1.5329591e+01   0.0000000e+00   1.1363846e+00
   2.0437000e+00   4.2893992e+04   1.5074784e+01   0.0000000e+00   1.1485010e+00
   2.0440900e+00   4.2918869e+04   1.5120591e+01   0.0000000e+00   1.1537354e+00
   2.0444700e+00   4.3127333e+04   1.5232891e+01   0.0000000e+00   1.1569277e+00
   2.0448600e+00   4.2557411e+04   1.5019743e+01   0.0000000e+00   1.1601318e+00
   2.0452400e+00   4.2875926e+04   1.5191284e+01   0.0000000e+00   1.1759943e+00
   2.0456200e+00   4.3427581e+04   1.5414845e+01   0.0000000e+00   1.1946596e+00
   2.0460100e+00   4.4000562e+04   1.5433691e+01   0.0000000e+00   1.2141615e+00
   2.0463900e+00   4.3782053e+04   1.5615317e+01   0.0000000e+00   1.2302955e+00
   2.0467800e+00   4.3176657e+04   1.5388249e+01   0.0000000e+00   1.2401468e+00
   2.0471600e+00   4.3345033e+04   1.5296135e+01   0.0000000e+00   1.2405186e+00
   2.0475500e+00   4.4124928e+04   1.5601084e+01   0.0000000e+00   1.2411266e+00
   2.0479300e+00   4.3443909e+04   1.5345142e+01   0.0000000e+00   1.2464195e+00
   2.0483200e+00   4.4225112e+04   1.5676526e+01   0.0000000e+00   1.2568230e+00
   2.0487100e+00   4.4253869e+04   1.5742728e+01   0.0000000e+00   1.2695806e+00
   2.0490900e+00   4.4444252e+04   1.5694501e+01   0.0000000e+00   1.2888565e+00
   2.0494800e+00   4.6609997e+04   1.6647692e+01   0.0000000e+00   1.3033243e+00
   2.0498600e+00   4.8529984e+04   1.7028049e+01   0.0000000e+00   1.3134274e+00
   2.0502500e+00   4.8507348e+04   1.6995405e+01   0.0000000e+00   1.3155029e+00
   2.0506400e+00   4.5914974e+04   1.6148066e+01   0.0000000e+00   1.3141663e+00
   2.0510200e+00   4.4142713e+04   1.5504271e+01   0.0000000e+00   1.3177463e+00
   2.0514100e+00   4.3876749e+04   1.5431192e+01   0.0000000e+00   1.3190764e+00
   2.0518000e+00   4.5068832e+04   1.5815906e+01   0.0000000e+00   1.3275147e+00
   2.0521800e+00   4.5633488e+04   1.6037124e+01   0.0000000e+00   1.3430146e+00
   2.0525700e+00   4.5045713e+04   1.5892348e+01   0.0000000e+00   1.3588828e+00
   2.0529600e+00   4.4882413e+04   1.5930458e+01   0.0000000e+00   1.3713647e+00
   2.0533400e+00   4.5059930e+04   1.6117383e+01   0.0000000e+00   1.3729767e+00
   2.0537300e+00   4.5466898e+04   1.6130120e+01   0.0000000e+00   1.3711786e+00
   2.0541200e+00   4.5963426e+04   1.6194454e+01   0.0000000e+00   1.3673167e+00
   2.0545100e+00   4.6227491e+04   1.6113126e+01   0.0000000e+00   1.3673350e+00
   2.0548900e+00   4.6597309e+04   1.6292005e+01   0.0000000e+00   1.3700649e+00
   2.0552800e+00   4.7557505e+04   1.6577306e+01   0.0000000e+00   1.3821266e+00
   2.0556700e+00   5.1675528e+04   1.8182189e+01   0.0000000e+00   1.3946466e+00
   2.0560600e+00   6.4221326e+04   2.2444413e+01   0.0000000e+00   1.4068128e+00
   2.0564500e+00   6.6737115e+04   2.3050834e+01   0.0000000e+00   1.4169521e+00
   2.0568400e+00   6.1745941e+04   2.1451766e+01   0.0000000e+00   1.4174960e+00
   2.0572200e+00   5.0872287e+04   1.7851654e+01   0.0000000e+00   1.4099407e+00
   2.0576100e+00   4.8402447e+04   1.6961779e+01   0.0000000e+00   1.4077429e+00
   2.0580000e+00   4.7935276e+04   1.6944742e+01   0.0000000e+00   1.4131389e+00
   2.0583900e+00   4.6942969e+04   1.6702879e+01   0.0000000e+00   1.4203098e+00
   2.0587800e+00   4.7435842e+04   1.6616016e+01   0.0000000e+00   1.4328583e+00
   2.0591700e+00   4.7193231e+04   1.6617963e+01   0.0000000e+00   1.4459863e+00
   2.0595600e+00   4.6416786e+04   1.6389884e+01   0.0000000e+00   1.4545951e+00
   2.0599500e+00   4.6317351e+04   1.6357001e+01   0.0000000e+00   1.4509888e+00
   2.0603400e+00   4.7135971e+04   1.6667675e+01   0.0000000e+00   1.4491654e+00
   2.0607300e+00   4.7295202e+04   1.6599953e+01   0.0000000e+00   1.4416886e+00
   2.0611200e+00   4.7394160e+04   1.6971792e+01   0.0000000e+00   1.4409825e+00
   2.0615100e+00   4.7990346e+04   1.7029601e+01   0.0000000e+00   1.4450929e+00
   2.0619000e+00   4.7597879e+04   1.6641539e+01   0.0000000e+00   1.4538557e+00
   2.0622900e+00   4.7749544e+04   1.6839210e+01   0.0000000e+00   1.4680805e+00
   2.0626800e+00   4.7310760e+04   1.6833158e+01   0.0000000e+00   1.4713626e+00
   2.0630700e+00   4.7837980e+04   1.7233625e+01   0.0000000e+00   1.4727819e+00
   2.0634600e+00   4.8122302e+04   1.7073398e+01   0.0000000e+00   1.4666808e+00
   2.0638500e+00   4.8400951e+04   1.7163432e+01   0.0000000e+00   1.4640361e+00
   2.0642500e+00   4.8560467e+04   1.7326691e+01   0.0000000e+00   1.4594932e+00
   2.0646400e+00   4.9241251e+04   1.7129199e+01   0.0000000e+00   1.4589527e+00
   2.0650300e+00   4.9000387e+04   1.7416840e+01   0.0000000e+00   1.4661192e+00
   2.0654200e+00   4.9173482e+04   1.7504344e+01   0.0000000e+00   1.4769974e+00
   2.0658100e+00   4.9131445e+04   1.7109060e+01   0.0000000e+00   1.4886767e+00
   2.0662000e+00   4.8988462e+04   1.7244019e+01   0.0000000e+00   1.4930616e+00
   2.0666000e+00   4.9739274e+04   1.7640938e+01   0.0000000e+00   1.4884528e+00
   2.0669900e+00   4.9441068e+04   1.7323089e+01   0.0000000e+00   1.4853458e+00
   2.0673800e+00   4.8995730e+04   1.7380567e+01   0.0000000e+00   1.4770275e+00
   2.0677700e+00   4.9874378e+04   1.7285999e+01   0.0000000e+00   1.4732000e+00
   2.0681700e+00   5.0223614e+04   1.7721998e+01   0.0000000e+00   1.4734326e+00
   2.0685600e+00   5.0470876e+04   1.7572354e+01   0.0000000e+00   1.4891159e+00
   2.0689500e+00   5.0689637e+04   1.7812152e+01   0.0000000e+00   1.5043866e+00
   2.0693400e+00   5.1408040e+04   1.8195582e+01   0.0000000e+00   1.5050378e+00
   2.0697400e+00   5.0901066e+04   1.7708920e+01   0.0000000e+00   1.5009311e+00
   2.0701300e+00   5.0053038e+04   1.7810093e+01   0.0000000e+00   1.4982621e+00
   2.0705200e+00   5.1834538e+04   1.8119340e+01   0.0000000e+00   1.4902562e+00
   2.0709200e+00   5.2078909e+04   1.8263270e+01   0.0000000e+00   1.4846615e+00
   2.0713100e+00   5.2000577e+04   1.8186164e+01   0.0000000e+00   1.4879038e+00
   2.0717100e+00   5.1681977e+04   1.8024374e+01   0.0000000e+00   1.4961723e+00
   2.0721000e+00   5.4499772e+04   1.9503034e+01   0.0000000e+00   1.5000601e+00
   2.0724900e+00   6.3952103e+04   2.2414696e+01   0.0000000e+00   1.5029229e+00
   2.0728900e+00   6.7711222e+04   2.3771210e+01   0.0000000e+00   1.5041529e+00
   2.0732800e+00   6.6672728e+04   2.3124802e+01   0.0000000e+00   1.4995582e+00
   2.0736800e+00   5.7412043e+04   2.0046349e+01   0.0000000e+00   1.4936319e+00
   2.0740700e+00   5.2968361e+04   1.8373425e+01   0.0000000e+00   1.4934937e+00
   2.0744700e+00   5.2925208e+04   1.8471314e+01   0.0000000e+00   1.4950405e+00
   2.0748600e+00   5.3007207e+04   1.8459943e+01   0.0000000e+00   1.5010193e+00
   2.0752600e+00   5.2013498e+04   1.8287667e+01   0.0000000e+00   1.5091459e+00
   2.0756500e+00   5.2106413e+04   1.8016826e+01   0.0000000e+00   1.5151125e+00
   2.0760500e+00   5.2305827e+04   1.8238200e+01   0.0000000e+00   1.5171392e+00
   2.0764400e+00   5.2304475e+04   1.8293526e+01   0.0000000e+00   1.5135471e+00
   2.0768400e+00   5.2184021e+04   1.8271301e+01   0.0000000e+00   1.5036907e+00
   2.0772300e+00   5.2454840e+04   1.8329233e+01   0.0000000e+00   1.5004725e+00
   2.0776300e+00   5.1813767e+04   1.7965632e+01   0.0000000e+00   1.4936696e+00
   2.0780300e+00   5.1365905e+04   1.7940570e+01   0.0000000e+00   1.4986235e+00
   2.0784200e+00   5.2015113e+04   1.8000396e+01   0.0000000e+00   1.5067812e+00
   2.0788200e+00   5.2552383e+04   1.8233965e+01   0.0000000e+00   1.5173425e+00
   2.0792100e+00   5.2113689e+04   1.8202650e+01   0.0000000e+00   1.5182534e+00
   2.0796100e+00   5.2333064e+04   1.8299426e+01   0.0000000e+00   1.5151333e+00
   2.0800100e+00   5.2487985e+04   1.8175959e+01   0.0000000e+00   1.5105076e+00
   2.0804000e+00   5.3206730e+04   1.8642735e+01   0.0000000e+00   1.5033613e+00
   2.0808000e+00   5.3020623e+04   1.8486310e+01   0.0000000e+00   1.5005898e+00
   2.0812000e+00   5.3245916e+04   1.8503419e+01   0.0000000e+00   1.5017299e+00
   2.0816000e+00   5.2664220e+04   1.8455907e+01   0.0000000e+00   1.5088869e+00
   2.0819900e+00   5.2740949e+04   1.8367765e+01   0.0000000e+00   1.5141983e+00
   2.0823900e+00   5.3092992e+04   1.8505432e+01   0.0000000e+00   1.5189760e+00
   2.0827900e+00   5.3093176e+04   1.8537756e+01   0.0000000e+00   1.5173648e+00
   2.0831900e+00   5.2949747e+04   1.8248226e+01   0.0000000e+00   1.5128237e+00
   2.0835800e+00   5.2505117e+04   1.8331070e+01   0.0000000e+00   1.5050696e+00
   2.0839800e+00   5.2902597e+04   1.8578476e+01   0.0000000e+00   1.5027141e+00
   2.0843800e+00   5.2393848e+04   1.8527997e+01   0.0000000e+00   1.5023593e+00
   2.0847800e+00   5.2463361e+04   1.8382530e+01   0.0000000e+00   1.5021276e+00
   2.0851800e+00   5.3445262e+04   1.8735300e+01   0.0000000e+00   1.5101533e+00
   2.0855700e+00   5.7156705e+04   2.0120915e+01   0.0000000e+00   1.5113554e+00
   2.0859700e+00   5.8778290e+04   2.0285230e+01   0.0000000e+00   1.5129024e+00
   2.0863700e+00   5.7845982e+04   2.0361670e+01   0.0000000e+00   1.5060929e+00
   2.0867700e+00   5.6350405e+04   1.9838101e+01   0.0000000e+00   1.5029291e+00
   2.0871700e+00   5.4758016e+04   1.9310425e+01   0.0000000e+00   1.4980017e+00
   2.0875700e+00   5.4773375e+04   1.9066181e+01   0.0000000e+00   1.5073863e+00
   2.0879700e+00   5.4833198e+04   1.9031721e+01   0.0000000e+00   1.5109347e+00
   2.0883700e+00   5.5399089e+04   1.9250100e+01   0.0000000e+00   1.5139105e+00
   2.0887700e+00   5.4795223e+04   1.8877679e+01   0.0000000e+00   1.5188259e+00
   2.0891700e+00   5.4755986e+04   1.8789402e+01   0.0000000e+00   1.5225493e+00
   2.0895700e+00   5.4702598e+04   1.9109871e+01   0.0000000e+00   1.5176437e+00
   2.0899700e+00   5.5549203e+04   1.9410829e+01   0.0000000e+00   1.5133631e+00
   2.0903700e+00   5.8631269e+04   2.0298241e+01   0.0000000e+00   1.5116422e+00
   2.0907700e+00   6.4201924e+04   2.1970522e+01   0.0000000e+00   1.5117510e+00
   2.0911700e+00   6.5140295e+04   2.2332309e+01   0.0000000e+00   1.5109094e+00
   2.0915700e+00   6.1666455e+04   2.1456517e+01   0.0000000e+00   1.5136851e+00
   2.0919700e+00   5.7516599e+04   1.9867370e+01   0.0000000e+00   1.5178370e+00
   2.0923700e+00   5.7052873e+04   1.9739121e+01   0.0000000e+00   1.5203982e+00
   2.0927700e+00   5.7320807e+04   1.9905327e+01   0.0000000e+00   1.5190882e+00
   2.0931700e+00   5.7487226e+04   1.9872174e+01   0.0000000e+00   1.5171452e+00
   2.0935700e+00   5.8046801e+04   1.9971225e+01   0.0000000e+00   1.5159347e+00
   2.0939700e+00   5.6949976e+04   1.9689179e+01   0.0000000e+00   1.5167987e+00
   2.0943800e+00   5.6852977e+04   2.0046388e+01   0.0000000e+00   1.5149478e+00
   2.0947800e+00   5.8064434e+04   2.0057413e+01   0.0000000e+00   1.5176210e+00
   2.0951800e+00   5.8404777e+04   2.0072867e+01   0.0000000e+00   1.5206102e+00
   2.0955800e+00   5.8074135e+04   2.0199884e+01   0.0000000e+00   1.5209834e+00
   2.0959800e+00   5.8988150e+04   2.0622940e+01   0.0000000e+00   1.5226445e+00
   2.0963900e+00   5.9388498e+04   2.0534466e+01   0.0000000e+00   1.5229922e+00
   2.0967900e+00   5.8565652e+04   2.0211248e+01   0.0000000e+00   1.5215382e+00
   2.0971900e+00   5.8476119e+04   2.0145293e+01   0.0000000e+00   1.5205652e+00
   2.0975900e+00   5.8905832e+04   2.0338250e+01   0.0000000e+00   1.5234601e+00
   2.0979900e+00   5.9236922e+04   2.0482901e+01   0.0000000e+00   1.5238911e+00
   2.0984000e+00   5.9204468e+04   2.0443409e+01   0.0000000e+00   1.5255965e+00
   2.0988000e+00   5.9402750e+04   2.0488186e+01   0.0000000e+00   1.5267104e+00
   2.0992000e+00   5.9139210e+04   2.0731965e+01   0.0000000e+00   1.5230275e+00
   2.0996100e+00   5.9275441e+04   2.0628648e+01   0.0000000e+00   1.5256885e+00
   2.1000100e+00   5.9957932e+04   2.0653602e+01   0.0000000e+00   1.5240288e+00
   2.1004100e+00   5.9815119e+04   2.0699162e+01   0.0000000e+00   1.5227439e+00
   2.1008200e+00   6.1228835e+04   2.1032534e+01   0.0000000e+00   1.5260876e+00
   2.1012200e+00   6.0881069e+04   2.1185593e+01   0.0000000e+00   1.5293533e+00
   2.1016200e+00   6.0814851e+04   2.1150121e+01   0.0000000e+00   1.5318611e+00
   2.1020300e+00   6.1729788e+04   2.1144234e+01   0.0000000e+00   1.5371546e+00
   2.1024300e+00   6.1369653e+04   2.1312535e+01   0.0000000e+00   1.5250414e+00
   2.1028400e+00   6.1656305e+04   2.1464739e+01   0.0000000e+00   1.5240809e+00
   2.1032400e+00   6.2431541e+04   2.1502638e+01   0.0000000e+00   1.5249912e+00
   2.1036400e+00   6.2456575e+04   2.1477744e+01   0.0000000e+00   1.5267084e+00
   2.1040500e+00   6.2540703e+04   2.1428345e+01   0.0000000e+00   1.5318396e+00
   2.1044500e+00   6.2777167e+04   2.1679660e+01   0.0000000e+00   1.5355024e+00
   2.1048600e+00   6.2603546e+04   2.1686868e+01   0.0000000e+00   1.5359558e+00
   2.1052600e+00   6.3215657e+04   2.1777261e+01   0.0000000e+00   1.5367066e+00
   2.1056700e+00   6.3394933e+04   2.1790012e+01   0.0000000e+00   1.5350427e+00
   2.1060700e+00   6.5344215e+04   2.2287126e+01   0.0000000e+00   1.5289681e+00
   2.1064800e+00   6.7437217e+04   2.3220863e+01   0.0000000e+00   1.5235928e+00
   2.1068800e+00   6.7412593e+04   2.2859459e+01   0.0000000e+00   1.5293141e+00
   2.1072900e+00   6.5994989e+04   2.2582302e+01   0.0000000e+00   1.5293920e+00
   2.1077000e+00   6.4530141e+04   2.1951805e+01   0.0000000e+00   1.5335735e+00
   2.1081000e+00   6.3600486e+04   2.1629642e+01   0.0000000e+00   1.5321381e+00
   2.1085100e+00   6.4309822e+04   2.2042981e+01   0.0000000e+00   1.5314298e+00
   2.1089100e+00   6.4911937e+04   2.2369367e+01   0.0000000e+00   1.5275259e+00
   2.1093200e+00   6.6418772e+04   2.3121715e+01   0.0000000e+00   1.5198357e+00
   2.1097300e+00   6.6955387e+04   2.3294938e+01   0.0000000e+00   1.5197213e+00
   2.1101300e+00   6.8950319e+04   2.3592017e+01   0.0000000e+00   1.5233862e+00
   2.1105400e+00   6.9201165e+04   2.3911493e+01   0.0000000e+00   1.5269055e+00
   2.1109400e+00   6.9876153e+04   2.4037615e+01   0.0000000e+00   1.5275431e+00
   2.1113500e+00   7.1039084e+04   2.4506784e+01   0.0000000e+00   1.5312249e+00
   2.1117600e+00   7.1111137e+04   2.4297992e+01   0.0000000e+00   1.5336723e+00
   2.1121700e+00   6.8448504e+04   2.3472742e+01  -3.3517713e+02   1.5244399e+00
   2.1125700e+00   6.5817946e+04   2.2795739e+01  -2.2091949e+03   1.5233811e+00
   2.1129800e+00   6.6526118e+04   2.2828617e+01  -7.5771811e+02   1.5116567e+00
   2.1133900e+00   6.6079996e+04   2.2613601e+01  -6.3531790e+02   1.5157719e+00
   2.1137900e+00   6.6596820e+04   2.2772889e+01   1.5557067e+02   1.5199541e+00
   2.1142000e+00   6.6409471e+04   2.2788284e+01  -1.1318168e+02   1.5258356e+00
   2.1146100e+00   6.7193340e+04   2.2943523e+01   2.3254010e+02   1.5271216e+00
   2.1150200e+00   6.9481900e+04   2.3638454e+01   1.7746745e+03   1.5273434e+00
   2.1154300e+00   7.0235480e+04   2.3850321e+01   1.5575804e+03   1.5271618e+00
   2.1158300e+00   7.0611802e+04   2.3974432e+01   8.4579542e+02   1.5227442e+00
   2.1162400e+00   6.8563476e+04   2.3615974e+01  -2.2883794e+03   1.5134739e+00
   2.1166500e+00   6.7436394e+04   2.3226590e+01  -4.3760670e+03   1.5101867e+00
   2.1170600e+00   7.1580331e+04   2.4533194e+01  -9.5431777e+02   1.5103367e+00
   2.1174700e+00   7.6157579e+04   2.5915931e+01   3.2256914e+03   1.5181727e+00
   2.1178800e+00   7.7126869e+04   2.6093030e+01   4.1664112e+03   1.5212858e+00
   2.1182900e+00   7.3474448e+04   2.5057952e+01   8.4419268e+02   1.5262957e+00
   2.1186900e+00   6.9267455e+04   2.4163773e+01  -2.7391819e+03   1.5157108e+00
   2.1191000e+00   6.9629625e+04   2.3800553e+01  -1.5716246e+03   1.5094903e+00
   2.1195100e+00   6.9666004e+04   2.3901637e+01  -6.8643660e+02   1.5030526e+00
   2.1199200e+00   6.9264221e+04   2.3721904e+01  -3.3666138e+02   1.4991384e+00
   2.1203300e+00   6.9991795e+04   2.3899247e+01   9.2287581e+02   1.5029630e+00
   2.1207400e+00   6.9549985e+04   2.3674622e+01   7.0207681e+02   1.5080554e+00
   2.1211500e+00   6.9441775e+04   2.3700410e+01   4.4936775e+02   1.5143173e+00
   2.1215600e+00   6.9951374e+04   2.3790995e+01   4.3276037e+02   1.5162794e+00
   2.1219700e+00   7.0056468e+04   2.3881956e+01  -3.4754260e+02   1.5135386e+00
   2.1223800e+00   7.1369237e+04   2.4317508e+01  -2.1771616e+02   1.5074131e+00
   2.1227900e+00   7.2991939e+04   2.5137501e+01   2.4172124e+01   1.4970121e+00
   2.1232000e+00   7.4506651e+04   2.5454915e+01   9.2538750e+01   1.4904736e+00
   2.1236100e+00   7.4881900e+04   2.5379876e+01  -8.9148348e+02   1.4888508e+00
   2.1240200e+00   7.4020978e+04   2.5084391e+01  -2.8726673e+03   1.4948828e+00
   2.1244300e+00   7.7322477e+04   2.6502819e+01  -3.2916609e+02   1.5041962e+00
   2.1248400e+00   8.2017782e+04   2.7865933e+01   4.0370771e+03   1.5065593e+00
   2.1252500e+00   8.1992700e+04   2.7841840e+01   4.1050929e+03   1.5016317e+00
   2.1256700e+00   7.7130911e+04   2.6507980e+01  -3.2039678e+02   1.4966675e+00
   2.1260800e+00   7.3328934e+04   2.5177712e+01  -3.4754819e+03   1.4858413e+00
   2.1264900e+00   7.3875964e+04   2.5548376e+01  -2.2264414e+03   1.4731517e+00
   2.1269000e+00   7.4745682e+04   2.5539678e+01  -7.4263021e+02   1.4717358e+00
   2.1273100e+00   7.5080770e+04   2.5487618e+01   1.6775869e+01   1.4754947e+00
   2.1277200e+00   7.5907729e+04   2.5885613e+01   1.0300125e+03   1.4826777e+00
   2.1281300e+00   7.6169371e+04   2.5788012e+01   1.2399175e+03   1.4887444e+00
   2.1285500e+00   7.6740593e+04   2.6054243e+01   1.5531489e+03   1.4857499e+00
   2.1289600e+00   7.5620245e+04   2.6097570e+01   1.3286945e+01   1.4776527e+00
   2.1293700e+00   7.5559352e+04   2.5877424e+01  -5.8535142e+02   1.4698226e+00
   2.1297800e+00   7.6209748e+04   2.5964539e+01  -5.5619058e+02   1.4573834e+00
   2.1302000e+00   7.6283692e+04   2.5744391e+01  -1.1616684e+03   1.4511772e+00
   2.1306100e+00   7.7342723e+04   2.6288474e+01  -8.2297401e+02   1.4483671e+00
   2.1310200e+00   7.8751784e+04   2.6769293e+01  -1.6625740e+02   1.4545945e+00
   2.1314300e+00   7.9690594e+04   2.6847038e+01  -1.3412638e+01   1.4632336e+00
   2.1318500e+00   8.1954881e+04   2.8075499e+01   1.4181062e+03   1.4634748e+00
   2.1322600e+00   8.3746983e+04   2.8698114e+01   2.3109943e+03   1.4597571e+00
   2.1326700e+00   8.4581044e+04   2.8677463e+01   2.1688284e+03   1.4465533e+00
   2.1330900e+00   8.2503696e+04   2.8107023e+01  -9.3806688e+02   1.4364361e+00
   2.1335000e+00   8.2039296e+04   2.7712929e+01  -2.4013640e+03   1.4257982e+00
   2.1339100e+00   8.2473728e+04   2.7803856e+01  -2.7763441e+03   1.4198711e+00
   2.1343300e+00   8.2973329e+04   2.8119387e+01  -2.6713953e+03   1.4247417e+00
   2.1347400e+00   8.3118648e+04   2.8348110e+01  -2.2511642e+03   1.4333775e+00
   2.1351500e+00   8.3026173e+04   2.8136533e+01  -1.1752697e+03   1.4393616e+00
   2.1355700e+00   9.9548163e+04   2.9663597e+01   1.7532645e+04   1.3854159e+00
   2.1359800e+00   7.6422541e+04   3.0432548e+01  -2.4080309e+03   1.4244169e+00
   2.1364000e+00   7.2075155e+04   2.9365708e+01  -2.7396003e+03   1.4251357e+00
   2.1368100e+00   6.6460346e+04   2.9525759e+01  -3.7950037e+03   1.4211634e+00
   2.1372200e+00   6.2702066e+04   2.8795226e+01  -2.7957890e+03   1.4211257e+00
   2.1376400e+00   5.9670756e+04   2.8442462e+01  -1.1978027e+03   1.4289058e+00
   2.1380500e+00   5.7034259e+04   2.7911647e+01   4.1901526e+02   1.4397310e+00
   2.1384700e+00   5.4434147e+04   2.7020690e+01   1.5558484e+03   1.4422737e+00
   2.1388800e+00   5.1022982e+04   2.5543432e+01   1.3277260e+03   1.4434353e+00
   2.1393000e+00   4.8232487e+04   2.5090146e+01   1.2026990e+03   1.4322962e+00
   2.1397100e+00   4.5396627e+04   2.3643196e+01   5.8634162e+02   1.4158684e+00
   2.1401300e+00   4.2583881e+04   2.2180418e+01  -3.7992074e+02   1.3992892e+00
   2.1405400e+00   4.0595049e+04   2.0519192e+01  -8.4174600e+02   1.3938265e+00
   2.1409600e+00   3.9648174e+04   1.8535895e+01  -5.5289029e+02   1.4075510e+00
   2.1413700e+00   3.8868401e+04   1.6983015e+01  -3.7948837e+02   1.4426197e+00
   2.1417900e+00   3.8043219e+04   1.5742520e+01  -5.3295803e+02   1.4563483e+00
   2.1422100e+00   3.8199243e+04   1.4364478e+01   1.8738174e+01   1.4691155e+00
   2.1426200e+00   3.8901510e+04   1.3998502e+01   8.5929817e+02   1.4848804e+00
   2.1430400e+00   3.9213582e+04   1.3950147e+01   1.0897934e+03   1.4827975e+00
   2.1434500e+00   3.9063017e+04   1.3962380e+01   6.9695866e+02   1.4712064e+00
   2.1438700e+00   3.8119210e+04   1.3720487e+01  -5.6905522e+02   1.4622934e+00
   2.1442900e+00   3.7730363e+04   1.3613124e+01  -1.2621740e+03   1.4631463e+00
   2.1447000e+00   3.8203582e+04   1.3752043e+01  -9.7134952e+02   1.4737629e+00
   2.1451200e+00   3.8761092e+04   1.3889741e+01  -3.8337151e+02   1.4908916e+00
   2.1455400e+00   3.8740145e+04   1.3983400e+01  -1.0872188e+02   1.4945934e+00
   2.1459500e+00   3.8207027e+04   1.3751002e+01  -9.5270072e+01   1.4969642e+00
   2.1463700e+00   3.8519376e+04   1.4409360e+01   9.1317881e+02   1.4892910e+00
   2.1467900e+00   3.8648722e+04   1.4010193e+01   1.6966449e+03   1.4686031e+00
   2.1472000e+00   3.8317660e+04   1.3813649e+01   1.7203365e+03   1.4585153e+00
   2.1476200e+00   3.8324120e+04   1.3914901e+01   1.5116683e+03   1.4544382e+00
   2.1480400e+00   3.7920340e+04   1.3697361e+01   1.1237629e+02   1.4677979e+00
   2.1484600e+00   3.8726443e+04   1.4275611e+01  -9.3244972e+02   1.4784656e+00
   2.1488700e+00   3.8628562e+04   1.3912520e+01  -3.6227758e+03   1.4892644e+00
   2.1492900e+00   3.9937581e+04   1.4279454e+01  -5.3374983e+03   1.4958141e+00
   2.1497100e+00   4.1365307e+04   1.4849031e+01  -6.9098114e+03   1.4891295e+00
   2.1501300e+00   5.1298806e+04   1.8774766e+01   5.4158352e+02   1.4742869e+00
   2.1505500e+00   6.5499540e+04   2.3073550e+01   1.3181587e+04   1.4578597e+00
   2.1509600e+00   6.5659269e+04   2.2903639e+01   1.2906737e+04   1.4515093e+00
   2.1513800e+00   5.3564018e+04   1.9603560e+01   1.4627025e+03   1.4562556e+00
   2.1518000e+00   4.1491576e+04   1.4776367e+01  -9.1303083e+03   1.4671607e+00
   2.1522200e+00   4.0243726e+04   1.4453055e+01  -8.4550906e+03   1.4801702e+00
   2.1526400e+00   4.0105425e+04   1.4399759e+01  -6.6162349e+03   1.4864657e+00
   2.1530600e+00   4.2794276e+04   1.5639820e+01  -2.1834885e+03   1.4808325e+00
   2.1534700e+00   4.8834222e+04   1.7395148e+01   5.2345088e+03   1.4725638e+00
   2.1538900e+00   4.8908516e+04   1.7257879e+01   6.3313666e+03   1.4555772e+00
   2.1543100e+00   4.6437805e+04   1.6542921e+01   4.6236033e+03   1.4433384e+00
   2.1547300e+00   4.0165306e+04   1.4533501e+01  -1.0356596e+03   1.4431189e+00
   2.1551500e+00   3.9533129e+04   1.4085132e+01  -1.1359133e+03   1.4513106e+00
   2.1555700e+00   3.8614834e+04   1.4008871e+01  -1.5962362e+03   1.4677321e+00
   2.1559900e+00   3.7714296e+04   1.3546861e+01  -2.1503996e+03   1.4778935e+00
   2.1564100e+00   3.9009720e+04   1.4223151e+01  -6.6700238e+02   1.4794918e+00
   2.1568300e+00   3.8813639e+04   1.4072164e+01  -8.5440705e+02   1.4692871e+00
   2.1572500e+00   3.9189801e+04   1.4185259e+01  -6.2405203e+02   1.4537141e+00
   2.1576700e+00   4.1234843e+04   1.4887895e+01   1.1888276e+03   1.4377766e+00
   2.1580900e+00   4.2593572e+04   1.5214356e+01   2.3196865e+03   1.4312644e+00
   2.1585100e+00   4.2040025e+04   1.4855972e+01   1.6276651e+03   1.4387948e+00
   2.1589300e+00   3.9357768e+04   1.4217656e+01  -1.0486638e+03   1.4490226e+00
   2.1593500e+00   3.9003975e+04   1.4061382e+01  -1.2410744e+03   1.4654502e+00
   2.1597700e+00   3.9815753e+04   1.4457206e+01  -1.4499107e+02   1.4676111e+00
   2.1601900e+00   3.9541347e+04   1.4204566e+01  -7.4978330e+01   1.4593162e+00
   2.1606100e+00   3.9312316e+04   1.4170452e+01   2.7440400e+01   1.4491108e+00
   2.1610300e+00   3.8736840e+04   1.3972074e+01  -2.9389453e+02   1.4361583e+00
   2.1614500e+00   3.8848212e+04   1.4061638e+01  -4.8000689e+01   1.4252383e+00
   2.1618800e+00   3.9331927e+04   1.4209078e+01   4.3598466e+02   1.4291768e+00
   2.1623000e+00   3.8944087e+04   1.3941323e+01  -7.4443290e+01   1.4395404e+00
   2.1627200e+00   3.8765943e+04   1.3894234e+01  -4.6782734e+02   1.4565352e+00
   2.1631400e+00   3.9832601e+04   1.4290982e+01   3.2962365e+02   1.4645883e+00
   2.1635600e+00   4.0183879e+04   1.4254859e+01   3.9523306e+02   1.4636243e+00
   2.1639800e+00   4.0837689e+04   1.4478266e+01   7.7702351e+02   1.4566185e+00
   2.1644000e+00   4.0405379e+04   1.4540405e+01   1.0726532e+02   1.4388011e+00
   2.1648300e+00   3.9692089e+04   1.4140690e+01  -7.9545855e+02   1.4277717e+00
   2.1652500e+00   3.9798289e+04   1.4398890e+01  -8.2175037e+02   1.4251888e+00
   2.1656700e+00   4.0137771e+04   1.4409368e+01  -5.5200283e+02   1.4338554e+00
   2.1660900e+00   4.0906627e+04   1.4768224e+01   2.1078362e+02   1.4469949e+00
   2.1665100e+00   4.0964024e+04   1.4830584e+01   3.1680637e+02   1.4596085e+00
   2.1669400e+00   4.0994744e+04   1.4757102e+01   4.2602433e+02   1.4670212e+00
   2.1673600e+00   4.1043398e+04   1.4923954e+01   5.3938838e+02   1.4584962e+00
   2.1677800e+00   4.1351740e+04   1.4916561e+01   8.4006267e+02   1.4440149e+00
   2.1682000e+00   4.0760303e+04   1.4650600e+01   1.0791464e+02   1.4313201e+00
   2.1686300e+00   4.1245722e+04   1.4979443e+01   2.7608190e+02   1.4226400e+00
   2.1690500e+00   4.0563050e+04   1.4612751e+01  -9.0655646e+02   1.4279140e+00
   2.1694700e+00   4.0226749e+04   1.4513731e+01  -1.8813292e+03   1.4441255e+00
   2.1699000e+00   4.1605146e+04   1.4882313e+01  -1.1867570e+03   1.4604257e+00
   2.1703200e+00   4.2000839e+04   1.5015471e+01  -1.3967150e+03   1.4684472e+00
   2.1707400e+00   4.5726010e+04   1.6513911e+01   1.9224533e+03   1.4634280e+00
   2.1711700e+00   4.7341051e+04   1.6678112e+01   3.4144636e+03   1.4507159e+00
   2.1715900e+00   4.5766011e+04   1.6189325e+01   2.0180587e+03   1.4382910e+00
   2.1720100e+00   4.2328699e+04   1.5141084e+01  -9.9149216e+02   1.4269274e+00
   2.1724400e+00   4.1243369e+04   1.4748918e+01  -1.5082674e+03   1.4266269e+00
   2.1728600e+00   4.0943772e+04   1.4654963e+01  -1.2285021e+03   1.4356476e+00
   2.1732900e+00   4.1179573e+04   1.5623022e+01  -5.1256700e+02   1.4541068e+00
   2.1737100e+00   4.0736235e+04   1.4514181e+01  -6.3096294e+02   1.4638743e+00
   2.1741300e+00   4.1472325e+04   1.4812828e+01   2.8645076e+02   1.4672785e+00
   2.1745600e+00   4.0761920e+04   1.4503493e+01  -3.1874335e+02   1.4538495e+00
   2.1749800e+00   4.0416450e+04   1.4566932e+01  -5.4511176e+02   1.4370544e+00
   2.1754100e+00   4.1445840e+04   1.4788099e+01   6.8476992e+02   1.4236525e+00
   2.1758300e+00   4.1306357e+04   1.4786411e+01   8.3074685e+02   1.4147367e+00
   2.1762600e+00   4.1532895e+04   1.4785318e+01   1.3448842e+03   1.4265280e+00
   2.1766800e+00   4.1550719e+04   1.4683454e+01   1.4899646e+03   1.4382608e+00
   2.1771100e+00   4.1507279e+04   1.4769541e+01   1.2101184e+03   1.4498993e+00
   2.1775300e+00   4.0825872e+04   1.4699358e+01  -2.5153017e+02   1.4628924e+00
   2.1779600e+00   4.1228026e+04   1.4845484e+01  -1.2591787e+03   1.4515738e+00
   2.1783800e+00   4.1615644e+04   1.4781814e+01  -2.8466506e+03   1.4396237e+00
   2.1788100e+00   4.2830180e+04   1.5204812e+01  -3.9407324e+03   1.4266393e+00
   2.1792300e+00   4.4278151e+04   1.5571883e+01  -4.7691412e+03   1.4156821e+00
   2.1796600e+00   5.1768986e+04   1.8876335e+01   8.9505364e+02   1.4135359e+00
   2.1800800e+00   6.1516368e+04   2.1423998e+01   9.6263026e+03   1.4256767e+00
   2.1805100e+00   6.0317407e+04   2.0956545e+01   8.4280578e+03   1.4383609e+00
   2.1809400e+00   5.0846094e+04   1.8061733e+01  -2.8336320e+01   1.4521340e+00
   2.1813600e+00   4.3051353e+04   1.5179339e+01  -6.0025975e+03   1.4516236e+00
   2.1817900e+00   4.1926339e+04   1.4781993e+01  -4.8582493e+03   1.4413723e+00
   2.1822100e+00   4.1997987e+04   1.5118650e+01  -2.4782595e+03   1.4256835e+00
   2.1826400e+00   4.2149705e+04   1.5047026e+01  -3.4345060e+02   1.4108585e+00
   2.1830700e+00   4.1909587e+04   1.4863067e+01   8.2673263e+02   1.4039289e+00
   2.1834900e+00   4.1897744e+04   1.4861070e+01   1.5485639e+03   1.4130734e+00
   2.1839200e+00   4.2345554e+04   1.4887750e+01   2.0798504e+03   1.4270629e+00
   2.1843500e+00   4.3040634e+04   1.5108107e+01   2.3264777e+03   1.4415419e+00
   2.1847700e+00   4.1988726e+04   1.4931070e+01   4.6017306e+02   1.4418230e+00
   2.1852000e+00   4.1810785e+04   1.4921465e+01  -7.2064081e+02   1.4375341e+00
   2.1856300e+00   4.1601812e+04   1.4947098e+01  -1.9549622e+03   1.4217956e+00
   2.1860600e+00   4.1875035e+04   1.4827623e+01  -2.5871141e+03   1.4056082e+00
   2.1864800e+00   4.2424056e+04   1.5407328e+01  -2.7121076e+03   1.3930337e+00
   2.1869100e+00   4.7047949e+04   1.6974660e+01   1.5405193e+03   1.3962292e+00
   2.1873400e+00   5.0277292e+04   1.7675306e+01   4.7240455e+03   1.4059004e+00
   2.1877600e+00   4.8787543e+04   1.7033843e+01   3.4859186e+03   1.4225065e+00
   2.1881900e+00   4.3881595e+04   1.5790074e+01  -9.4003551e+02   1.4233302e+00
   2.1886200e+00   4.1575267e+04   1.5030960e+01  -2.6276350e+03   1.4226906e+00
   2.1890500e+00   4.0797947e+04   1.4718211e+01  -2.7306359e+03   1.4042052e+00
   2.1894800e+00   4.1797500e+04   1.4915463e+01  -1.0541094e+03   1.3938075e+00
   2.1899000e+00   4.2025473e+04   1.4983369e+01  -1.6042184e+02   1.3808289e+00
   2.1903300e+00   4.1727891e+04   1.4770497e+01   2.0842783e+02   1.3761374e+00
   2.1907600e+00   4.1703724e+04   1.4872545e+01   8.5770478e+02   1.3806030e+00
   2.1911900e+00   4.1361764e+04   1.4707315e+01   1.1597766e+03   1.3912311e+00
   2.1916200e+00   4.1489607e+04   1.4778673e+01   1.7982764e+03   1.3972865e+00
   2.1920500e+00   4.0805575e+04   1.4518155e+01   1.3224984e+03   1.3969711e+00
   2.1924800e+00   4.1142942e+04   1.4546470e+01   1.3674042e+03   1.3861137e+00
   2.1929000e+00   4.0875907e+04   1.4598925e+01   1.4314283e+02   1.3712582e+00
   2.1933300e+00   4.1041632e+04   1.4747074e+01  -1.3696939e+03   1.3581380e+00
   2.1937600e+00   4.1951099e+04   1.4872706e+01  -2.7522143e+03   1.3509452e+00
   2.1941900e+00   4.1112772e+04   1.4611418e+01  -6.2081225e+03   1.3508822e+00
   2.1946200e+00   4.3684342e+04   1.5624351e+01  -6.1538639e+03   1.3544337e+00
   2.1950500e+00   5.4540552e+04   1.9788800e+01   2.7525506e+03   1.3628308e+00
   2.1954800e+00   6.4597239e+04   2.2751415e+01   1.1811973e+04   1.3655654e+00
   2.1959100e+00   6.2316699e+04   2.1928925e+01   9.6817425e+03   1.3614783e+00
   2.1963400e+00   4.9227493e+04   1.7546640e+01  -2.1603237e+03   1.3518220e+00
   2.1967700e+00   4.3121668e+04   1.5319064e+01  -6.2067496e+03   1.3361915e+00
   2.1972000e+00   4.2036791e+04   1.5042214e+01  -4.8605406e+03   1.3247355e+00
   2.1976300e+00   4.2125653e+04   1.5038754e+01  -2.4448530e+03   1.3182332e+00
   2.1980600e+00   4.2565060e+04   1.7978718e+01  -1.7166713e+02   1.3199748e+00
   2.1984900e+00   4.2483747e+04   1.5398710e+01   8.7029966e+02   1.3288676e+00
   2.1989200e+00   4.2406251e+04   1.5393063e+01   1.1856558e+03   1.3353511e+00
   2.1993500e+00   4.2445792e+04   1.7921790e+01   1.0349313e+03   1.3365393e+00
   2.1997800e+00   4.3145120e+04   1.5368241e+01   1.2060915e+03   1.3310322e+00
   2.2002100e+00   4.3094152e+04   1.5191920e+01   5.4926278e+02   1.3130667e+00
   2.2006400e+00   4.3518638e+04   1.5280948e+01   4.9283243e+02   1.2965921e+00
   2.2010700e+00   4.2960810e+04   1.5276341e+01  -3.2084411e+02   1.2927257e+00
   2.2015000e+00   4.3105482e+04   1.5409464e+01  -2.1957818e+02   1.2934732e+00
   2.2019300e+00   4.2860266e+04   1.5061185e+01  -3.9874775e+02   1.2995429e+00
   2.2023600e+00   4.2929507e+04   1.5246347e+01  -3.0240203e+02   1.3030611e+00
   2.2027900e+00   4.4003800e+04   1.5419438e+01   6.1971861e+02   1.3079073e+00
   2.2032300e+00   4.3240522e+04   1.5588280e+01  -5.5973210e+02   1.3039941e+00
   2.2036600e+00   4.2905029e+04   1.5233615e+01  -1.5752750e+03   1.2955653e+00
   2.2040900e+00   4.3531123e+04   1.5501790e+01  -1.8048569e+03   1.2792988e+00
   2.2045200e+00   4.5731663e+04   1.6177692e+01  -4.8190004e+02   1.2667474e+00
   2.2049500e+00   5.0187623e+04   1.7766313e+01   3.2529251e+03   1.2659295e+00
   2.2053800e+00   5.0626205e+04   1.7754449e+01   3.2842292e+03   1.2693015e+00
   2.2058100e+00   4.8074846e+04   1.6900046e+01   7.3894493e+02   1.2768188e+00
   2.2062500e+00   4.4749833e+04   1.5903068e+01  -2.1449749e+03   1.2823795e+00
   2.2066800e+00   4.4335925e+04   1.5501581e+01  -1.7397855e+03   1.2839265e+00
   2.2071100e+00   4.3623431e+04   1.5396529e+01  -1.3751092e+03   1.2759874e+00
   2.2075400e+00   4.3129777e+04   1.5284789e+01  -6.9258762e+02   1.2649351e+00
   2.2079800e+00   4.2962427e+04   1.5368125e+01   2.3981867e+02   1.2522257e+00
   2.2084100e+00   4.2766385e+04   1.5147601e+01   8.9287167e+02   1.2468176e+00
   2.2088400e+00   4.3292260e+04   1.5425468e+01   1.8587505e+03   1.2447856e+00
   2.2092700e+00   4.3292260e+04   1.5316302e+01   1.7636725e+03   1.2496709e+00
   2.2097100e+00   4.2730778e+04   1.5052400e+01   5.0067332e+02   1.2580613e+00
   2.2101400e+00   4.3232334e+04   1.5431305e+01  -2.9675786e+02   1.2657852e+00
   2.2105700e+00   4.4199183e+04   1.5615944e+01  -1.1159175e+03   1.2607063e+00
   2.2110000e+00   4.3934610e+04   1.5474324e+01  -3.4363993e+03   1.2499298e+00
   2.2114400e+00   4.4474646e+04   1.5810293e+01  -4.9204884e+03   1.2374053e+00
   2.2118700e+00   4.9448759e+04   1.8296501e+01  -1.6060364e+03   1.2278729e+00
   2.2123000e+00   5.8492086e+04   2.0903189e+01   6.4308466e+03   1.2239880e+00
   2.2127400e+00   6.0320806e+04   2.0988747e+01   8.0787630e+03   1.2319240e+00
   2.2131700e+00   5.3626485e+04   1.8932691e+01   2.0400402e+03   1.2392822e+00
   2.2136000e+00   4.6154906e+04   1.6317258e+01  -4.0943970e+03   1.2467677e+00
   2.2140400e+00   4.4302780e+04   1.5537351e+01  -4.2091053e+03   1.2463364e+00
   2.2144700e+00   4.4693170e+04   1.5725242e+01  -2.0160453e+03   1.2414953e+00
   2.2149000e+00   4.4038257e+04   1.5647534e+01  -1.1085839e+03   1.2327306e+00
   2.2153400e+00   4.4757917e+04   1.5848382e+01   7.2310109e+02   1.2201532e+00
   2.2157700e+00   4.4118203e+04   1.5876459e+01   6.6172367e+02   1.2108935e+00
   2.2162100e+00   4.5356158e+04   1.5952364e+01   1.9816810e+03   1.2155170e+00
   2.2166400e+00   4.4427061e+04   1.5619279e+01   7.6308980e+02   1.2200205e+00
   2.2170800e+00   4.4235681e+04   1.5544555e+01   7.7139830e+01   1.2312641e+00
   2.2175100e+00   4.4975808e+04   1.5711313e+01   2.8173599e+02   1.2344734e+00
   2.2179400e+00   4.4324763e+04   1.5634572e+01  -8.1558580e+02   1.2348567e+00
   2.2183800e+00   4.5175659e+04   1.5875162e+01  -2.4073163e+02   1.2262014e+00
   2.2188100e+00   4.5112787e+04   1.5842489e+01  -3.7884630e+02   1.2164701e+00
   2.2192500e+00   4.5290239e+04   1.5868833e+01  -8.7572072e+01   1.2065174e+00
   2.2196800e+00   4.5049988e+04   1.5752941e+01  -6.6828907e+01   1.2037422e+00
   2.2201200e+00   4.4153223e+04   1.5623158e+01   0.0000000e+00   1.2060427e+00
   2.2205500e+00   4.4931393e+04   1.5863181e+01   0.0000000e+00   1.2146215e+00
   2.2209900e+00   4.4274913e+04   1.5641822e+01   0.0000000e+00   1.2188146e+00
   2.2214200e+00   4.4545132e+04   1.5664674e+01   0.0000000e+00   1.2245088e+00
   2.2218600e+00   4.5112255e+04   1.5848905e+01   0.0000000e+00   1.2195202e+00
   2.2222900e+00   4.3594608e+04   1.5593561e+01   0.0000000e+00   1.2071468e+00
   2.2227300e+00   4.3791861e+04   1.5550458e+01   0.0000000e+00   1.1906089e+00
   2.2231700e+00   4.4200344e+04   1.5823882e+01   0.0000000e+00   1.1901792e+00
   2.2236000e+00   4.4847085e+04   1.6039217e+01   0.0000000e+00   1.1882693e+00
   2.2240400e+00   4.6136266e+04   1.6248525e+01   0.0000000e+00   1.1917589e+00
   2.2244700e+00   4.8664640e+04   1.7210287e+01   0.0000000e+00   1.2004191e+00
   2.2249100e+00   4.8937425e+04   1.7117136e+01   0.0000000e+00   1.2066455e+00
   2.2253400e+00   4.7807940e+04   1.6914282e+01   0.0000000e+00   1.2069775e+00
   2.2257800e+00   4.5688752e+04   1.7458699e+01   0.0000000e+00   1.1978072e+00
   2.2262200e+00   4.5978709e+04   1.6286726e+01   0.0000000e+00   1.1881189e+00
   2.2266500e+00   4.4860586e+04   1.5991198e+01   0.0000000e+00   1.1782975e+00
   2.2270900e+00   4.5445238e+04   1.6304697e+01   0.0000000e+00   1.1733280e+00
   2.2275300e+00   4.5696393e+04   1.5928902e+01   0.0000000e+00   1.1753334e+00
   2.2279600e+00   4.5343210e+04   1.6675608e+01   0.0000000e+00   1.1802228e+00
   2.2284000e+00   4.5292362e+04   1.5994995e+01   0.0000000e+00   1.1902579e+00
   2.2288400e+00   4.5927694e+04   1.6163678e+01   0.0000000e+00   1.1964463e+00
   2.2292700e+00   4.4900198e+04   1.5987907e+01   0.0000000e+00   1.1925045e+00
   2.2297100e+00   4.5578688e+04   1.5967165e+01   0.0000000e+00   1.1825550e+00
   2.2301500e+00   4.5368271e+04   1.6084373e+01   0.0000000e+00   1.1676641e+00
   2.2305800e+00   4.9628032e+04   1.7367289e+01   0.0000000e+00   1.1602363e+00
   2.2310200e+00   5.4625882e+04   1.9135854e+01   0.0000000e+00   1.1599358e+00
   2.2314600e+00   5.4763377e+04   1.9065387e+01   0.0000000e+00   1.1630552e+00
   2.2319000e+00   5.1912231e+04   1.8158938e+01   0.0000000e+00   1.1718484e+00
   2.2323300e+00   4.7264084e+04   1.6528291e+01   0.0000000e+00   1.1812823e+00
   2.2327700e+00   4.6162244e+04   1.6168743e+01   0.0000000e+00   1.1801295e+00
   2.2332100e+00   4.6534814e+04   1.6390551e+01   0.0000000e+00   1.1768379e+00
   2.2336500e+00   4.6125741e+04   1.6388905e+01   0.0000000e+00   1.1628326e+00
   2.2340900e+00   4.6939022e+04   1.6315912e+01   0.0000000e+00   1.1566618e+00
   2.2345200e+00   4.6176616e+04   1.6155808e+01   0.0000000e+00   1.1562370e+00
   2.2349600e+00   4.5891405e+04   1.6106332e+01   0.0000000e+00   1.1551870e+00
   2.2354000e+00   4.5618071e+04   1.5980439e+01   0.0000000e+00   1.1604828e+00
   2.2358400e+00   4.5027120e+04   1.5856934e+01   0.0000000e+00   1.1666429e+00
   2.2362800e+00   4.5093621e+04   1.5999288e+01   0.0000000e+00   1.1725289e+00
   2.2367200e+00   4.6222679e+04   1.6382795e+01   0.0000000e+00   1.1716762e+00
   2.2371500e+00   4.5988326e+04   1.6218290e+01   0.0000000e+00   1.1607966e+00
   2.2375900e+00   4.5721508e+04   1.6114308e+01   0.0000000e+00   1.1505399e+00
   2.2380300e+00   4.5821160e+04   1.6326528e+01   0.0000000e+00   1.1426114e+00
   2.2384700e+00   4.5659301e+04   1.6250054e+01   0.0000000e+00   1.1414516e+00
   2.2389100e+00   4.5851420e+04   1.6451529e+01   0.0000000e+00   1.1470389e+00
   2.2393500e+00   4.5467005e+04   1.5909464e+01   0.0000000e+00   1.1538258e+00
   2.2397900e+00   4.5702874e+04   1.6189519e+01   0.0000000e+00   1.1617390e+00
   2.2402300e+00   4.5785867e+04   1.6241237e+01   0.0000000e+00   1.1638875e+00
   2.2406700e+00   4.5779754e+04   1.6027037e+01   0.0000000e+00   1.1606600e+00
   2.2411000e+00   4.5447582e+04   1.6133717e+01   0.0000000e+00   1.1489167e+00
   2.2415400e+00   4.5876212e+04   1.7170321e+01   0.0000000e+00   1.1379168e+00
   2.2419800e+00   4.6011661e+04   1.6224719e+01   0.0000000e+00   1.1324063e+00
   2.2424200e+00   4.6285014e+04   1.6380038e+01   0.0000000e+00   1.1322371e+00
   2.2428600e+00   4.5887518e+04   1.6073851e+01   0.0000000e+00   1.1420891e+00
   2.2433000e+00   4.5784249e+04   1.6140163e+01   0.0000000e+00   1.1457591e+00
   2.2437400e+00   4.5654761e+04   1.6121654e+01   0.0000000e+00   1.1485585e+00
   2.2441800e+00   4.4955891e+04   1.5883358e+01   0.0000000e+00   1.1483443e+00
   2.2446200e+00   4.5251178e+04   1.5831109e+01   0.0000000e+00   1.1422924e+00
   2.2450600e+00   4.5133278e+04   1.6094906e+01   0.0000000e+00   1.1339009e+00
   2.2455000e+00   4.6871115e+04   1.6370073e+01   0.0000000e+00   1.1233317e+00
   2.2459400e+00   4.7073790e+04   1.6555293e+01   0.0000000e+00   1.1208036e+00
   2.2463800e+00   4.6848480e+04   1.6570730e+01   0.0000000e+00   1.1220181e+00
   2.2468200e+00   4.6284206e+04   1.6220196e+01   0.0000000e+00   1.1288847e+00
   2.2472600e+00   4.5544079e+04   1.6023055e+01   0.0000000e+00   1.1356115e+00
   2.2477000e+00   4.6053063e+04   1.6102252e+01   0.0000000e+00   1.1394041e+00
   2.2481500e+00   4.5672713e+04   1.6026312e+01   0.0000000e+00   1.1353180e+00
   2.2485900e+00   4.5467598e+04   1.6009106e+01   0.0000000e+00   1.1211632e+00
   2.2490300e+00   4.5933159e+04   1.6502678e+01   0.0000000e+00   1.1094697e+00
   2.2494700e+00   4.6360197e+04   1.6501936e+01   0.0000000e+00   1.1050566e+00
   2.2499100e+00   4.5623199e+04   1.6020913e+01   0.0000000e+00   1.1084639e+00
   2.2503500e+00   4.6157433e+04   1.6196926e+01   0.0000000e+00   1.1108783e+00
   2.2507900e+00   4.7546200e+04   1.6732951e+01   0.0000000e+00   1.1161114e+00
   2.2512300e+00   5.0306298e+04   1.7522431e+01   0.0000000e+00   1.1237801e+00
   2.2516700e+00   5.1020227e+04   1.7759130e+01   0.0000000e+00   1.1237148e+00
   2.2521200e+00   5.0196128e+04   1.7709196e+01   0.0000000e+00   1.1134287e+00
   2.2525600e+00   4.9344586e+04   1.7314619e+01   0.0000000e+00   1.1051586e+00
   2.2530000e+00   4.7815918e+04   1.6760731e+01   0.0000000e+00   1.0944026e+00
   2.2534400e+00   4.7780386e+04   1.7062156e+01   0.0000000e+00   1.0882502e+00
   2.2538800e+00   4.8111224e+04   1.6799733e+01   0.0000000e+00   1.0914768e+00
   2.2543200e+00   4.8940499e+04   1.7110095e+01   0.0000000e+00   1.0986667e+00
   2.2547700e+00   4.8988355e+04   1.7173986e+01   0.0000000e+00   1.1042879e+00
   2.2552100e+00   4.8670648e+04   1.7019799e+01   0.0000000e+00   1.1074781e+00
   2.2556500e+00   4.8724418e+04   1.6942628e+01   0.0000000e+00   1.1043692e+00
   2.2560900e+00   4.8244613e+04   1.7288700e+01   0.0000000e+00   1.0976333e+00
   2.2565400e+00   4.8397521e+04   1.6797892e+01   0.0000000e+00   1.0872380e+00
   2.2569800e+00   4.8956685e+04   1.7060225e+01   0.0000000e+00   1.0795031e+00
   2.2574200e+00   4.9214318e+04   1.7343128e+01   0.0000000e+00   1.0781986e+00
   2.2578600e+00   4.8934669e+04   1.7154550e+01   0.0000000e+00   1.0788265e+00
   2.2583100e+00   4.8787859e+04   1.7151854e+01   0.0000000e+00   1.0856372e+00
   2.2587500e+00   4.9323039e+04   1.7279406e+01   0.0000000e+00   1.0914800e+00
   2.2591900e+00   4.9739984e+04   1.7423585e+01   0.0000000e+00   1.0923304e+00
   2.2596300e+00   4.9568274e+04   1.7207898e+01   0.0000000e+00   1.0875000e+00
   2.2600800e+00   4.8926915e+04   1.7255186e+01   0.0000000e+00   1.0778500e+00
   2.2605200e+00   4.8462077e+04   1.6948977e+01   0.0000000e+00   1.0699468e+00
   2.2609600e+00   4.9168988e+04   1.7197270e+01   0.0000000e+00   1.0626881e+00
   2.2614100e+00   4.8952123e+04   1.7460819e+01   0.0000000e+00   1.0603917e+00
   2.2618500e+00   4.8841490e+04   1.7337393e+01   0.0000000e+00   1.0631388e+00
   2.2622900e+00   4.9154226e+04   1.7166296e+01   0.0000000e+00   1.0728248e+00
   2.2627400e+00   4.8424081e+04   1.7064347e+01   0.0000000e+00   1.0749752e+00
   2.2631800e+00   4.8451803e+04   1.6870605e+01   0.0000000e+00   1.0683841e+00
   2.2636200e+00   4.7883251e+04   1.6765212e+01   0.0000000e+00   1.0638752e+00
   2.2640700e+00   4.8859256e+04   1.7112123e+01   0.0000000e+00   1.0544070e+00
   2.2645100e+00   4.8786733e+04   1.6981402e+01   0.0000000e+00   1.0507136e+00
   2.2649600e+00   4.8034760e+04   1.6939675e+01   0.0000000e+00   1.0467784e+00
   2.2654000e+00   4.9109667e+04   1.7138147e+01   0.0000000e+00   1.0461772e+00
   2.2658400e+00   4.8912983e+04   1.7042340e+01   0.0000000e+00   1.0526025e+00
   2.2662900e+00   4.7871125e+04   1.6846402e+01   0.0000000e+00   1.0571753e+00
   2.2667300e+00   4.8462077e+04   1.6945721e+01   0.0000000e+00   1.0589401e+00
   2.2671800e+00   4.8742163e+04   1.7151845e+01   0.0000000e+00   1.0574480e+00
   2.2676200e+00   4.8246124e+04   1.6794418e+01   0.0000000e+00   1.0496157e+00
   2.2680700e+00   4.9129874e+04   1.7178229e+01   0.0000000e+00   1.0385162e+00
   2.2685100e+00   5.0213520e+04   1.7493755e+01   0.0000000e+00   1.0313071e+00
   2.2689600e+00   5.0423292e+04   1.7659159e+01   0.0000000e+00   1.0290860e+00
   2.2694000e+00   5.0817799e+04   1.7715022e+01   0.0000000e+00   1.0341065e+00
   2.2698400e+00   4.9862252e+04   1.7327507e+01   0.0000000e+00   1.0379621e+00
   2.2702900e+00   4.9988365e+04   1.7622908e+01   0.0000000e+00   1.0434515e+00
   2.2707300e+00   4.9797579e+04   1.7415154e+01   0.0000000e+00   1.0440694e+00
   2.2711800e+00   4.9800004e+04   1.7489112e+01   0.0000000e+00   1.0407540e+00
   2.2716300e+00   5.0695993e+04   1.7580862e+01   0.0000000e+00   1.0311864e+00
   2.2720700e+00   4.9987386e+04   1.7544472e+01   0.0000000e+00   1.0230389e+00
   2.2725200e+00   5.0170258e+04   1.7556154e+01   0.0000000e+00   1.0156182e+00
   2.2729600e+00   5.0958463e+04   1.7552276e+01   0.0000000e+00   1.0160657e+00
   2.2734100e+00   5.1298806e+04   1.7814267e+01   0.0000000e+00   1.0214704e+00
   2.2738500e+00   5.2754762e+04   1.8382323e+01   0.0000000e+00   1.0260232e+00
   2.2743000e+00   5.3309335e+04   1.8631925e+01   0.0000000e+00   1.0318671e+00
   2.2747400e+00   5.2670834e+04   1.8295492e+01   0.0000000e+00   1.0293649e+00
   2.2751900e+00   5.2464170e+04   1.8175127e+01   0.0000000e+00   1.0271004e+00
   2.2756300e+00   5.2569635e+04   1.8408071e+01   0.0000000e+00   1.0183223e+00
   2.2760800e+00   5.2822725e+04   1.8363412e+01   0.0000000e+00   1.0107334e+00
   2.2765300e+00   5.2913329e+04   1.8454358e+01   0.0000000e+00   1.0079931e+00
   2.2769700e+00   5.2606606e+04   1.8390717e+01   0.0000000e+00   1.0067001e+00
   2.2774200e+00   5.3007207e+04   1.8451924e+01   0.0000000e+00   1.0133591e+00
   2.2778700e+00   5.3346448e+04   1.8520830e+01   0.0000000e+00   1.0184849e+00
   2.2783100e+00   5.3215278e+04   1.8746143e+01   0.0000000e+00   1.0209194e+00
   2.2787600e+00   5.3305837e+04   1.8614214e+01   0.0000000e+00   1.0203788e+00
   2.2792000e+00   5.2914947e+04   1.8617170e+01   0.0000000e+00   1.0153710e+00
   2.2796500e+00   5.3648384e+04   1.8422053e+01   0.0000000e+00   1.0063623e+00
   2.2801000e+00   5.3661804e+04   1.8641633e+01   0.0000000e+00   1.0002064e+00
   2.2805400e+00   5.3735370e+04   1.8806230e+01   0.0000000e+00   9.9968985e-01
   2.2809900e+00   5.4483756e+04   1.9377061e+01   0.0000000e+00   1.0036559e+00
   2.2814400e+00   5.3660308e+04   1.8587482e+01   0.0000000e+00   1.0088396e+00
   2.2818900e+00   5.4397690e+04   1.8755696e+01   0.0000000e+00   1.0147406e+00
   2.2823300e+00   5.4937267e+04   1.9118926e+01   0.0000000e+00   1.0158282e+00
   2.2827800e+00   5.4734243e+04   1.8975713e+01   0.0000000e+00   1.0110455e+00
   2.2832300e+00   5.6301930e+04   1.9865958e+01   0.0000000e+00   1.0029962e+00
   2.2836700e+00   5.4965856e+04   1.9128520e+01   0.0000000e+00   9.9601956e-01
   2.2841200e+00   5.5163169e+04   1.9357487e+01   0.0000000e+00   9.9002858e-01
   2.2845700e+00   5.5805695e+04   1.9483983e+01   0.0000000e+00   9.8959118e-01
   2.2850200e+00   5.4838857e+04   1.9212181e+01   0.0000000e+00   9.9412936e-01
   2.2854600e+00   5.5715705e+04   1.9243376e+01   0.0000000e+00   1.0022036e+00
   2.2859100e+00   5.5440318e+04   1.9372432e+01   0.0000000e+00   1.0063267e+00
   2.2863600e+00   5.5857544e+04   1.9229201e+01   0.0000000e+00   1.0040123e+00
   2.2868100e+00   5.6368379e+04   1.9540069e+01   0.0000000e+00   9.9991792e-01
   2.2872500e+00   5.5879395e+04   1.9346096e+01   0.0000000e+00   9.9133125e-01
   2.2877000e+00   5.6612616e+04   1.9562833e+01   0.0000000e+00   9.8300606e-01
   2.2881500e+00   5.5571509e+04   1.9192473e+01   0.0000000e+00   9.7871244e-01
   2.2886000e+00   5.5665741e+04   1.9037156e+01   0.0000000e+00   9.8216610e-01
   2.2890500e+00   5.6808775e+04   1.9777578e+01   0.0000000e+00   9.8455004e-01
   2.2895000e+00   5.6666839e+04   1.9626212e+01   0.0000000e+00   9.9000222e-01
   2.2899400e+00   5.6409919e+04   1.9776399e+01   0.0000000e+00   9.9125561e-01
   2.2903900e+00   5.6795222e+04   1.9790514e+01   0.0000000e+00   9.9294413e-01
   2.2908400e+00   5.6347360e+04   1.9418907e+01   0.0000000e+00   9.8557255e-01
   2.2912900e+00   5.6492806e+04   1.9708421e+01   0.0000000e+00   9.7584034e-01
   2.2917400e+00   5.6341104e+04   1.9438558e+01   0.0000000e+00   9.7057331e-01
   2.2921900e+00   5.6299908e+04   1.9599365e+01   0.0000000e+00   9.6927883e-01
   2.2926400e+00   5.7042842e+04   1.9801191e+01   0.0000000e+00   9.7005619e-01
   2.2930800e+00   5.6551139e+04   1.9617804e+01   0.0000000e+00   9.7715935e-01
   2.2935300e+00   5.7207382e+04   1.9829912e+01   0.0000000e+00   9.8087243e-01
   2.2939800e+00   5.7557378e+04   1.9845427e+01   0.0000000e+00   9.8385342e-01
   2.2944300e+00   5.6270029e+04   1.9510099e+01   0.0000000e+00   9.8123564e-01
   2.2948800e+00   5.6892232e+04   1.9943704e+01   0.0000000e+00   9.7599206e-01
   2.2953300e+00   5.7280272e+04   1.9722578e+01   0.0000000e+00   9.6677986e-01
   2.2957800e+00   5.7595198e+04   2.0094944e+01   0.0000000e+00   9.6313487e-01
   2.2962300e+00   5.7205157e+04   1.9724617e+01   0.0000000e+00   9.5847303e-01
   2.2966800e+00   5.7484801e+04   1.9854568e+01   0.0000000e+00   9.6255031e-01
   2.2971300e+00   5.7773664e+04   1.9970793e+01   0.0000000e+00   9.7047739e-01
   2.2975800e+00   5.7417540e+04   1.9848947e+01   0.0000000e+00   9.7329695e-01
   2.2980300e+00   5.8490757e+04   2.0200947e+01   0.0000000e+00   9.7491617e-01
   2.2984800e+00   5.9441166e+04   2.0381366e+01   0.0000000e+00   9.7070581e-01
   2.2989300e+00   5.8358643e+04   2.0059965e+01   0.0000000e+00   9.6078381e-01
   2.2993800e+00   5.8516888e+04   2.0088457e+01   0.0000000e+00   9.5316287e-01
   2.2998300e+00   5.8387408e+04   2.0241055e+01   0.0000000e+00   9.4938004e-01
   2.3002800e+00   5.8678022e+04   2.0137870e+01   0.0000000e+00   9.4944344e-01
   2.3007300e+00   5.8888873e+04   2.0312149e+01   0.0000000e+00   9.5384020e-01
   2.3011800e+00   5.8749977e+04   2.0103525e+01   0.0000000e+00   9.6058548e-01
   2.3016300e+00   5.8389417e+04   2.0025641e+01   0.0000000e+00   9.6313724e-01
   2.3020800e+00   5.8598160e+04   2.0401974e+01   0.0000000e+00   9.6203535e-01
   2.3025300e+00   5.7985239e+04   2.0077190e+01   0.0000000e+00   9.5648265e-01
   2.3029800e+00   5.8984660e+04   2.0278605e+01   0.0000000e+00   9.4998538e-01
   2.3034300e+00   5.9112529e+04   2.0728741e+01   0.0000000e+00   9.4197768e-01
   2.3038800e+00   5.9264676e+04   2.0314701e+01   0.0000000e+00   9.3981948e-01
   2.3043300e+00   6.0437942e+04   2.0765209e+01   0.0000000e+00   9.4118325e-01
   2.3047800e+00   6.0382970e+04   2.0813685e+01   0.0000000e+00   9.4791033e-01
   2.3052300e+00   5.9500182e+04   2.0450744e+01   0.0000000e+00   9.5396219e-01
   2.3056800e+00   5.9950640e+04   2.0465462e+01   0.0000000e+00   9.5440279e-01
   2.3061300e+00   5.9320906e+04   2.0736798e+01   0.0000000e+00   9.5133518e-01
   2.3065800e+00   5.9669762e+04   2.0671203e+01   0.0000000e+00   9.4575765e-01
   2.3070300e+00   6.0551929e+04   2.1224985e+01   0.0000000e+00   9.3715492e-01
   2.3074900e+00   6.0521511e+04   2.0986524e+01   0.0000000e+00   9.3211183e-01
   2.3079400e+00   6.0239059e+04   2.0838735e+01   0.0000000e+00   9.3003270e-01
   2.3083900e+00   5.9261148e+04   2.0373612e+01   0.0000000e+00   9.3333524e-01
   2.3088400e+00   6.0264202e+04   2.0927643e+01   0.0000000e+00   9.3622044e-01
   2.3092900e+00   6.0188082e+04   2.1104372e+01   0.0000000e+00   9.4068897e-01
   2.3097400e+00   6.1122303e+04   2.1077129e+01   0.0000000e+00   9.4316901e-01
   2.3101900e+00   6.0537377e+04   2.0944895e+01   0.0000000e+00   9.4075268e-01
   2.3106500e+00   6.1336520e+04   2.1165618e+01   0.0000000e+00   9.3266471e-01
   2.3111000e+00   6.1244212e+04   2.1038725e+01   0.0000000e+00   9.2597851e-01
   2.3115500e+00   6.2025182e+04   2.1450178e+01   0.0000000e+00   9.1975557e-01
   2.3120000e+00   6.2385415e+04   2.1443542e+01   0.0000000e+00   9.1819212e-01
   2.3124500e+00   6.2085493e+04   2.1302891e+01   0.0000000e+00   9.2164740e-01
   2.3129100e+00   6.2199479e+04   2.1473803e+01   0.0000000e+00   9.2525037e-01
   2.3133600e+00   6.2562362e+04   2.1547899e+01   0.0000000e+00   9.2912506e-01
   2.3138100e+00   6.2306998e+04   2.1373182e+01   0.0000000e+00   9.3168223e-01
   2.3142600e+00   6.2741635e+04   2.1674507e+01   0.0000000e+00   9.2883785e-01
   2.3147100e+00   6.3242309e+04   2.1645234e+01   0.0000000e+00   9.1899305e-01
   2.3151700e+00   6.4108307e+04   2.1887261e+01   0.0000000e+00   9.1165622e-01
   2.3156200e+00   6.4422314e+04   2.2079876e+01   0.0000000e+00   9.0746079e-01
   2.3160700e+00   6.5264990e+04   2.2447125e+01   0.0000000e+00   9.0924157e-01
   2.3165200e+00   6.6616887e+04   2.2648937e+01   0.0000000e+00   9.1053106e-01
   2.3169800e+00   6.5681019e+04   2.2790587e+01   0.0000000e+00   9.1704452e-01
   2.3174300e+00   6.5627160e+04   2.2635326e+01   0.0000000e+00   9.2307903e-01
   2.3178800e+00   6.5491347e+04   2.2315742e+01   0.0000000e+00   9.2270077e-01
   2.3183300e+00   6.5594824e+04   2.2457531e+01   0.0000000e+00   9.1751851e-01
   2.3187900e+00   6.5612432e+04   2.2737412e+01   0.0000000e+00   9.1050054e-01
   2.3192400e+00   6.5420174e+04   2.2443504e+01   0.0000000e+00   9.0342824e-01
   2.3196900e+00   6.5978246e+04   2.2541245e+01   0.0000000e+00   9.0150474e-01
   2.3201500e+00   6.6232750e+04   2.2452241e+01   0.0000000e+00   9.0298296e-01
   2.3206000e+00   6.6281977e+04   2.2642888e+01   0.0000000e+00   9.0842190e-01
   2.3210500e+00   6.6977346e+04   2.2803143e+01   0.0000000e+00   9.1398839e-01
   2.3215100e+00   6.6874613e+04   2.2796331e+01   0.0000000e+00   9.1852615e-01
   2.3219600e+00   6.6912541e+04   2.3077895e+01   0.0000000e+00   9.1714290e-01
   2.3224100e+00   6.7945408e+04   2.3352640e+01   0.0000000e+00   9.1055443e-01
   2.3228700e+00   6.7973500e+04   2.3246917e+01   0.0000000e+00   9.0351817e-01
   2.3233200e+00   6.7985640e+04   2.3534768e+01   0.0000000e+00   8.9889540e-01
   2.3237700e+00   6.7556713e+04   2.3338340e+01   0.0000000e+00   8.9862417e-01
   2.3242300e+00   6.7113028e+04   2.2947798e+01   0.0000000e+00   8.9962743e-01
   2.3246800e+00   6.8467124e+04   2.3338738e+01   0.0000000e+00   9.0565905e-01
   2.3251400e+00   6.8215706e+04   2.3274341e+01   0.0000000e+00   9.1097352e-01
   2.3255900e+00   6.8495418e+04   2.3249262e+01   0.0000000e+00   9.1348598e-01
   2.3260400e+00   6.8798574e+04   2.3672844e+01   0.0000000e+00   9.0805233e-01
   2.3265000e+00   6.8056858e+04   2.3140799e+01   0.0000000e+00   9.0409381e-01
   2.3269500e+00   6.8386241e+04   2.3431198e+01   0.0000000e+00   9.0035035e-01
   2.3274100e+00   6.8840159e+04   2.3630640e+01   0.0000000e+00   8.9353520e-01
   2.3278600e+00   6.9739194e+04   2.3726611e+01   0.0000000e+00   8.9278508e-01
   2.3283100e+00   6.9999879e+04   2.4033969e+01   0.0000000e+00   8.9759953e-01
   2.3287700e+00   7.0145394e+04   2.3973634e+01   0.0000000e+00   9.0166624e-01
   2.3292200e+00   6.9800079e+04   2.3895471e+01   0.0000000e+00   9.0580171e-01
   2.3296800e+00   6.9924697e+04   2.3966166e+01   0.0000000e+00   9.0957310e-01
   2.3301300e+00   7.0053388e+04   2.3758036e+01   0.0000000e+00   9.0659617e-01
   2.3305900e+00   7.0393577e+04   2.3980575e+01   0.0000000e+00   8.9820523e-01
   2.3310400e+00   7.0934104e+04   2.4234650e+01   0.0000000e+00   8.9137902e-01
   2.3315000e+00   7.1500408e+04   2.4300254e+01   0.0000000e+00   8.8986311e-01
   2.3319500e+00   7.1940296e+04   2.4498078e+01   0.0000000e+00   8.8950345e-01
   2.3324100e+00   7.1527115e+04   2.4538766e+01   0.0000000e+00   8.9495108e-01
   2.3328600e+00   7.2061338e+04   2.4457424e+01   0.0000000e+00   8.9976670e-01
   2.3333200e+00   7.3252532e+04   2.4866472e+01   0.0000000e+00   9.0310224e-01
   2.3337700e+00   7.1782435e+04   2.4849144e+01   0.0000000e+00   9.0499259e-01
   2.3342300e+00   7.2585345e+04   2.4752692e+01   0.0000000e+00   8.9920142e-01
   2.3346800e+00   7.2687269e+04   2.4859366e+01   0.0000000e+00   8.9050231e-01
   2.3351400e+00   7.2787996e+04   2.4987769e+01   0.0000000e+00   8.8555524e-01
   2.3355900e+00   7.4112242e+04   2.5044983e+01   0.0000000e+00   8.8306948e-01
   2.3360500e+00   7.4680128e+04   2.5351133e+01   0.0000000e+00   8.8604583e-01
   2.3365000e+00   7.3860063e+04   2.5490441e+01   0.0000000e+00   8.9151958e-01
   2.3369600e+00   7.5278023e+04   2.5824377e+01   0.0000000e+00   8.9618004e-01
   2.3374100e+00   7.4933031e+04   2.5475494e+01   0.0000000e+00   8.9765391e-01
   2.3378700e+00   7.5707124e+04   2.5665868e+01   0.0000000e+00   8.9772206e-01
   2.3383200e+00   7.4750128e+04   2.5603547e+01   0.0000000e+00   8.9482882e-01
   2.3387800e+00   7.5236794e+04   2.5456557e+01   0.0000000e+00   8.8759776e-01
   2.3392400e+00   7.5582796e+04   2.5975581e+01   0.0000000e+00   8.8365653e-01
   2.3396900e+00   7.5633166e+04   2.5872465e+01   0.0000000e+00   8.8130276e-01
   2.3401500e+00   7.6542453e+04   2.5949118e+01   0.0000000e+00   8.8197443e-01
   2.3406000e+00   7.6963150e+04   2.6390012e+01   0.0000000e+00   8.8612250e-01
   2.3410600e+00   7.6225899e+04   2.5906195e+01   0.0000000e+00   8.9378082e-01
   2.3415200e+00   7.7412240e+04   2.6245017e+01   0.0000000e+00   8.9540740e-01
   2.3419700e+00   7.7866323e+04   2.6435927e+01   0.0000000e+00   8.9303018e-01
   2.3424300e+00   7.6964795e+04   2.6161562e+01   0.0000000e+00   8.8494945e-01
   2.3428900e+00   7.6498039e+04   2.5998692e+01   0.0000000e+00   8.7728413e-01
   2.3433400e+00   7.6790568e+04   2.6197755e+01   0.0000000e+00   8.7336527e-01
   2.3438000e+00   7.7959912e+04   2.6277116e+01   0.0000000e+00   8.6871404e-01
   2.3442500e+00   7.7835570e+04   2.6531701e+01   0.0000000e+00   8.6973273e-01
   2.3447100e+00   7.8498309e+04   2.6587451e+01   0.0000000e+00   8.7356129e-01
   2.3451700e+00   7.8698127e+04   2.6782599e+01   0.0000000e+00   8.7660094e-01
   2.3456200e+00   7.8591184e+04   2.6608034e+01   0.0000000e+00   8.7878263e-01
   2.3460800e+00   7.8614111e+04   2.6943238e+01   0.0000000e+00   8.7501462e-01
   2.3465400e+00   7.8549184e+04   2.6897537e+01   0.0000000e+00   8.6810513e-01
   2.3470000e+00   7.9656401e+04   2.7122042e+01   0.0000000e+00   8.5544521e-01
   2.3474500e+00   8.1573185e+04   2.7632829e+01   0.0000000e+00   8.5123920e-01
   2.3479100e+00   8.0531915e+04   2.8057622e+01   0.0000000e+00   8.4868987e-01
   2.3483700e+00   8.1189288e+04   2.7459885e+01   0.0000000e+00   8.4710679e-01
   2.3488200e+00   8.1383176e+04   2.7535040e+01   0.0000000e+00   8.4524459e-01
   2.3492800e+00   8.2357532e+04   2.7955223e+01   0.0000000e+00   8.4639816e-01
   2.3497400e+00   8.3689585e+04   2.8362979e+01   0.0000000e+00   8.4291344e-01
   2.3501900e+00   8.4608983e+04   2.9022937e+01   0.0000000e+00   8.3515446e-01
   2.3506500e+00   8.4726039e+04   2.8681548e+01   0.0000000e+00   8.2391294e-01
   2.3511100e+00   8.4837590e+04   2.8812719e+01   0.0000000e+00   8.1062563e-01
   2.3515700e+00   8.4851208e+04   2.8956772e+01   0.0000000e+00   7.9973407e-01
   2.3520200e+00   8.6652824e+04   2.9288354e+01   0.0000000e+00   7.9190487e-01
   2.3524800e+00   8.6365440e+04   2.9069161e+01   0.0000000e+00   7.8712071e-01
   2.3529400e+00   8.5052054e+04   2.8803332e+01   0.0000000e+00   7.8493671e-01
   2.3534000e+00   8.5837545e+04   2.9063967e+01   0.0000000e+00   7.8000778e-01
   2.3538600e+00   8.4716349e+04   2.8732086e+01   0.0000000e+00   7.7258858e-01
   2.3543100e+00   8.4482310e+04   2.8611239e+01   0.0000000e+00   7.6071978e-01
   2.3547700e+00   8.4593394e+04   2.8760746e+01   0.0000000e+00   7.4530090e-01
   2.3552300e+00   8.5478608e+04   2.9135359e+01   0.0000000e+00   7.3101652e-01
   2.3556900e+00   8.7147318e+04   2.9705417e+01   0.0000000e+00   7.1494488e-01
   2.3561400e+00   8.8727872e+04   2.9857654e+01   0.0000000e+00   7.0205201e-01
   2.3566000e+00   8.7698380e+04   2.9599685e+01   0.0000000e+00   6.9286559e-01
   2.3570600e+00   8.8529594e+04   2.9877120e+01   0.0000000e+00   6.8428501e-01
   2.3575200e+00   8.9081351e+04   3.0202587e+01   0.0000000e+00   6.7465112e-01
   2.3579800e+00   9.1190378e+04   3.1222329e+01   0.0000000e+00   6.6483580e-01
   2.3584400e+00   9.1236143e+04   3.0984987e+01   0.0000000e+00   6.5202569e-01
   2.3588900e+00   9.0008193e+04   3.0839376e+01   0.0000000e+00   6.3843828e-01
   2.3593500e+00   9.0418259e+04   3.0430833e+01   0.0000000e+00   6.2940693e-01
   2.3598100e+00   9.0062399e+04   3.0569758e+01   0.0000000e+00   6.2897939e-01
   2.3602700e+00   9.5027643e+04   3.3439508e+01   0.0000000e+00   6.5392549e-01
