   1.9420100e+00   0.0000000e+00   0.0000000e+00   0.0000000e+00   0.0000000e+00
   1.9423500e+00   0.0000000e+00   0.0000000e+00   0.0000000e+00   0.0000000e+00
   1.9426900e+00   0.0000000e+00   0.0000000e+00   0.0000000e+00   0.0000000e+00
   1.9430300e+00   0.0000000e+00   0.0000000e+00   0.0000000e+00   0.0000000e+00
   1.9433700e+00   0.0000000e+00   0.0000000e+00   0.0000000e+00   0.0000000e+00
   1.9437100e+00   0.0000000e+00   0.0000000e+00   0.0000000e+00   0.0000000e+00
   1.9440500e+00   0.0000000e+00   0.0000000e+00   0.0000000e+00   0.0000000e+00
   1.9443900e+00   0.0000000e+00   0.0000000e+00   0.0000000e+00   0.0000000e+00
   1.9447300e+00   0.0000000e+00   0.0000000e+00   0.0000000e+00   0.0000000e+00
   1.9450700e+00   0.0000000e+00   0.0000000e+00   0.0000000e+00   0.0000000e+00
   1.9454100e+00   0.0000000e+00   0.0000000e+00   0.0000000e+00   0.0000000e+00
   1.9457500e+00   0.0000000e+00   0.0000000e+00   0.0000000e+00   0.0000000e+00
   1.9460900e+00   0.0000000e+00   0.0000000e+00   0.0000000e+00   0.0000000e+00
   1.9464300e+00   0.0000000e+00   0.0000000e+00   0.0000000e+00   0.0000000e+00
   1.9467700e+00   0.0000000e+00   0.0000000e+00   0.0000000e+00   0.0000000e+00
   1.9471100e+00   0.0000000e+00   0.0000000e+00   0.0000000e+00   0.0000000e+00
   1.9474500e+00   0.0000000e+00   0.0000000e+00   0.0000000e+00   0.0000000e+00
   1.9477900e+00   0.0000000e+00   0.0000000e+00   0.0000000e+00   0.0000000e+00
   1.9481300e+00   0.0000000e+00   0.0000000e+00   0.0000000e+00   0.0000000e+00
   1.9484800e+00   0.0000000e+00   0.0000000e+00   0.0000000e+00   0.0000000e+00
   1.9488200e+00   0.0000000e+00   0.0000000e+00   0.0000000e+00   0.0000000e+00
   1.9491600e+00   0.0000000e+00   0.0000000e+00   0.0000000e+00   0.0000000e+00
   1.9495000e+00   0.0000000e+00   0.0000000e+00   0.0000000e+00   0.0000000e+00
   1.9498400e+00   0.0000000e+00   0.0000000e+00   0.0000000e+00   0.0000000e+00
   1.9501900e+00   3.0323232e+04   1.3377333e+01   0.0000000e+00   1.6305823e-01
   1.9505300e+00   3.0642723e+04   1.3776789e+01   0.0000000e+00   1.6411218e-01
   1.9508700e+00   2.9285153e+04   1.3367628e+01   0.0000000e+00   1.7034169e-01
   1.9512200e+00   2.9998979e+04   1.4025445e+01   0.0000000e+00   1.5888217e-01
   1.9515600e+00   3.0725100e+04   1.3492159e+01   0.0000000e+00   1.5623481e-01
   1.9519000e+00   3.0173296e+04   1.3257943e+01   0.0000000e+00   1.5370398e-01
   1.9522500e+00   2.9746086e+04   1.2754132e+01   0.0000000e+00   1.4749776e-01
   1.9525900e+00   3.0022560e+04   1.3287275e+01   0.0000000e+00   1.5382076e-01
   1.9529300e+00   3.0323193e+04   1.3913050e+01   0.0000000e+00   1.4585476e-01
   1.9532800e+00   2.9480553e+04   1.4352453e+01   0.0000000e+00   1.4956509e-01
   1.9536200e+00   2.9319075e+04   1.3365217e+01   0.0000000e+00   1.4686353e-01
   1.9539700e+00   3.0518736e+04   1.3232579e+01   0.0000000e+00   1.4519445e-01
   1.9543100e+00   2.9741332e+04   1.4003750e+01   0.0000000e+00   1.4367153e-01
   1.9546600e+00   2.9239076e+04   1.5102151e+01   0.0000000e+00   1.4090981e-01
   1.9550000e+00   2.9403214e+04   1.2622525e+01   0.0000000e+00   1.3660147e-01
   1.9553500e+00   2.9572784e+04   1.4527156e+01   0.0000000e+00   1.4203942e-01
   1.9556900e+00   2.9616689e+04   1.6054857e+01   0.0000000e+00   1.3490027e-01
   1.9560400e+00   3.0054109e+04   1.6742719e+01   0.0000000e+00   1.3404147e-01
   1.9563800e+00   3.0033973e+04   1.6466857e+01   0.0000000e+00   1.3492553e-01
   1.9567300e+00   2.8840002e+04   1.2392460e+01   0.0000000e+00   1.3591782e-01
   1.9570700e+00   2.9304148e+04   1.5930488e+01   0.0000000e+00   1.3065670e-01
   1.9574200e+00   2.9697405e+04   1.4907987e+01   0.0000000e+00   1.3178967e-01
   1.9577700e+00   3.0118171e+04   1.6955847e+01   0.0000000e+00   1.2813576e-01
   1.9581100e+00   2.9421621e+04   1.4194847e+01   0.0000000e+00   1.2907645e-01
   1.9584600e+00   3.0711471e+04   1.5576535e+01   0.0000000e+00   1.2051042e-01
   1.9588100e+00   3.0755013e+04   1.6801864e+01   0.0000000e+00   1.2244543e-01
   1.9591500e+00   3.0407809e+04   1.5495440e+01   0.0000000e+00   1.1781072e-01
   1.9595000e+00   3.0620379e+04   1.5333318e+01   0.0000000e+00   1.1993054e-01
   1.9598500e+00   3.0379223e+04   1.4795043e+01   0.0000000e+00   1.2158287e-01
   1.9602000e+00   2.9959453e+04   1.3512501e+01   0.0000000e+00   1.1220626e-01
   1.9605400e+00   2.9286262e+04   1.1576790e+01   0.0000000e+00   1.1131078e-01
   1.9608900e+00   3.0343106e+04   1.2174179e+01   0.0000000e+00   1.1129532e-01
   1.9612400e+00   3.0250104e+04   1.6807431e+01   0.0000000e+00   1.1777323e-01
   1.9615900e+00   3.0268522e+04   1.5380958e+01   0.0000000e+00   1.1012923e-01
   1.9619400e+00   3.0742247e+04   1.5755070e+01   0.0000000e+00   1.1124060e-01
   1.9622900e+00   3.0126140e+04   1.1688731e+01   0.0000000e+00   1.0951632e-01
   1.9626300e+00   3.0573119e+04   1.2867761e+01   0.0000000e+00   1.0619210e-01
   1.9629800e+00   3.0965555e+04   1.7258313e+01   0.0000000e+00   1.0452911e-01
   1.9633300e+00   3.0802965e+04   1.3482834e+01   0.0000000e+00   1.0481683e-01
   1.9636800e+00   3.0141403e+04   1.3475770e+01   0.0000000e+00   1.0078113e-01
   1.9640300e+00   2.9525445e+04   1.4384896e+01   0.0000000e+00   1.0368778e-01
   1.9643800e+00   3.0260923e+04   1.1959243e+01   0.0000000e+00   1.0286123e-01
   1.9647300e+00   3.0314255e+04   1.4052162e+01   0.0000000e+00   1.0494864e-01
   1.9650800e+00   2.9641808e+04   1.2639079e+01   0.0000000e+00   1.0686026e-01
   1.9654300e+00   3.0280328e+04   1.2845107e+01   0.0000000e+00   1.0262341e-01
   1.9657800e+00   3.0615751e+04   1.1408025e+01   0.0000000e+00   9.9120208e-02
   1.9661300e+00   3.0444197e+04   1.3144694e+01   0.0000000e+00   9.8793357e-02
   1.9664800e+00   3.0353131e+04   1.5447344e+01   0.0000000e+00   1.0699921e-01
   1.9668300e+00   3.1407711e+04   1.3861020e+01   0.0000000e+00   1.0098700e-01
   1.9671800e+00   3.1288258e+04   1.1379159e+01   0.0000000e+00   9.7496363e-02
   1.9675400e+00   3.1457556e+04   1.4360627e+01   0.0000000e+00   1.0395639e-01
   1.9678900e+00   3.0298920e+04   1.1125886e+01   0.0000000e+00   1.0220923e-01
   1.9682400e+00   3.0891577e+04   1.1461417e+01   0.0000000e+00   9.8168992e-02
   1.9685900e+00   3.1270452e+04   1.1378089e+01   0.0000000e+00   9.9144187e-02
   1.9689400e+00   3.1380596e+04   1.1459071e+01   0.0000000e+00   9.9447574e-02
   1.9692900e+00   3.1341203e+04   1.1311928e+01   0.0000000e+00   9.9527030e-02
   1.9696500e+00   3.0447138e+04   1.1263556e+01   0.0000000e+00   1.0160982e-01
   1.9700000e+00   3.1260442e+04   1.1330659e+01   0.0000000e+00   1.0002525e-01
   1.9703500e+00   3.1443053e+04   1.1537652e+01   0.0000000e+00   1.0191272e-01
   1.9707000e+00   3.1495469e+04   1.1559541e+01   0.0000000e+00   1.0208299e-01
   1.9710600e+00   3.1551198e+04   1.1502464e+01   0.0000000e+00   1.0292055e-01
   1.9714100e+00   3.1342469e+04   1.1234136e+01   0.0000000e+00   9.8756868e-02
   1.9717600e+00   3.2000479e+04   1.1615032e+01   0.0000000e+00   1.0267046e-01
   1.9721200e+00   3.2403050e+04   1.1632362e+01   0.0000000e+00   9.8269808e-02
   1.9724700e+00   3.2247138e+04   1.1550372e+01   0.0000000e+00   9.7449121e-02
   1.9728200e+00   3.2178020e+04   1.1551699e+01   0.0000000e+00   9.9447848e-02
   1.9731800e+00   3.2481294e+04   1.1685447e+01   0.0000000e+00   1.0058089e-01
   1.9735300e+00   3.3146439e+04   1.1950381e+01   0.0000000e+00   1.0086136e-01
   1.9738900e+00   3.2436155e+04   1.1572765e+01   0.0000000e+00   9.9387751e-02
   1.9742400e+00   3.2225977e+04   1.2755357e+01   0.0000000e+00   1.0114700e-01
   1.9746000e+00   3.2494863e+04   1.3001089e+01   0.0000000e+00   1.0068371e-01
   1.9749500e+00   3.1732076e+04   1.3207790e+01   0.0000000e+00   9.8724284e-02
   1.9753000e+00   3.2454481e+04   1.1698681e+01   0.0000000e+00   1.0112680e-01
   1.9756600e+00   3.2740516e+04   1.3536214e+01   0.0000000e+00   1.0289147e-01
   1.9760200e+00   3.2976279e+04   1.1673856e+01   0.0000000e+00   1.0148814e-01
   1.9763700e+00   3.3108329e+04   1.3228219e+01   0.0000000e+00   1.0230269e-01
   1.9767300e+00   3.3019349e+04   1.1843702e+01   0.0000000e+00   1.0273113e-01
   1.9770800e+00   3.2987576e+04   1.1952157e+01   0.0000000e+00   1.0478051e-01
   1.9774400e+00   3.3195750e+04   1.2237596e+01   0.0000000e+00   1.0246393e-01
   1.9777900e+00   3.3056103e+04   1.1815644e+01   0.0000000e+00   1.0069991e-01
   1.9781500e+00   3.2948743e+04   1.1796554e+01   0.0000000e+00   1.0334210e-01
   1.9785100e+00   3.2804628e+04   1.1735183e+01   0.0000000e+00   1.0142196e-01
   1.9788600e+00   3.2901438e+04   1.1762089e+01   0.0000000e+00   1.0249807e-01
   1.9792200e+00   3.3543241e+04   1.2012246e+01   0.0000000e+00   1.0179702e-01
   1.9795800e+00   3.3164796e+04   1.1966716e+01   0.0000000e+00   1.0310373e-01
   1.9799300e+00   3.2661379e+04   1.1780557e+01   0.0000000e+00   1.0494714e-01
   1.9802900e+00   3.2858114e+04   1.2131934e+01   0.0000000e+00   1.0963864e-01
   1.9806500e+00   3.3394970e+04   1.2025906e+01   0.0000000e+00   1.0364375e-01
   1.9810100e+00   3.3082904e+04   1.2072908e+01   0.0000000e+00   1.0555535e-01
   1.9813600e+00   3.3017393e+04   1.1771950e+01   0.0000000e+00   1.0344603e-01
   1.9817200e+00   3.4126023e+04   1.2123872e+01   0.0000000e+00   1.0371165e-01
   1.9820800e+00   3.3723324e+04   1.2068801e+01   0.0000000e+00   1.0409079e-01
   1.9824400e+00   3.2849632e+04   1.2705770e+01   0.0000000e+00   1.0500601e-01
   1.9828000e+00   3.3216473e+04   1.1861845e+01   0.0000000e+00   1.0477683e-01
   1.9831500e+00   3.3581194e+04   1.2029655e+01   0.0000000e+00   1.0584005e-01
   1.9835100e+00   3.3471637e+04   1.1985241e+01   0.0000000e+00   1.0778982e-01
   1.9838700e+00   3.3731063e+04   1.2067897e+01   0.0000000e+00   1.0554131e-01
   1.9842300e+00   3.3315648e+04   1.2046230e+01   0.0000000e+00   1.0758418e-01
   1.9845900e+00   3.3527476e+04   1.1979675e+01   0.0000000e+00   1.0789732e-01
   1.9849500e+00   3.3096304e+04   1.1908653e+01   0.0000000e+00   1.0835457e-01
   1.9853100e+00   3.3424263e+04   1.1942742e+01   0.0000000e+00   1.0784075e-01
   1.9856700e+00   3.3008758e+04   1.1942425e+01   0.0000000e+00   1.0991216e-01
   1.9860300e+00   3.2070712e+04   1.1463428e+01   0.0000000e+00   1.0770300e-01
   1.9863900e+00   3.3288356e+04   1.1869271e+01   0.0000000e+00   1.0907603e-01
   1.9867500e+00   3.3784760e+04   1.2044013e+01   0.0000000e+00   1.1013309e-01
   1.9871100e+00   3.2933744e+04   1.1906955e+01   0.0000000e+00   1.1015668e-01
   1.9874700e+00   3.3602805e+04   1.2045236e+01   0.0000000e+00   1.0972292e-01
   1.9878300e+00   3.3608487e+04   1.2083621e+01   0.0000000e+00   1.1021267e-01
   1.9881900e+00   3.3250762e+04   1.1900383e+01   0.0000000e+00   1.1154091e-01
   1.9885500e+00   3.2388783e+04   1.1866680e+01   0.0000000e+00   1.1207210e-01
   1.9889100e+00   3.2608605e+04   1.1738794e+01   0.0000000e+00   1.1350434e-01
   1.9892700e+00   3.3149325e+04   1.1926749e+01   0.0000000e+00   1.1199419e-01
   1.9896400e+00   3.2285415e+04   1.1755491e+01   0.0000000e+00   1.1502956e-01
   1.9900000e+00   3.2813584e+04   1.1816630e+01   0.0000000e+00   1.1393427e-01
   1.9903600e+00   3.3650053e+04   1.1990862e+01   0.0000000e+00   1.1326712e-01
   1.9907200e+00   3.2836352e+04   1.1806107e+01   0.0000000e+00   1.1370085e-01
   1.9910800e+00   3.2405040e+04   1.1788031e+01   0.0000000e+00   1.1685436e-01
   1.9914500e+00   3.3421441e+04   1.2040153e+01   0.0000000e+00   1.1557316e-01
   1.9918100e+00   3.2686973e+04   1.1872334e+01   0.0000000e+00   1.1519601e-01
   1.9921700e+00   3.2307793e+04   1.1736430e+01   0.0000000e+00   1.1599580e-01
   1.9925300e+00   3.2510138e+04   1.1823942e+01   0.0000000e+00   1.1569168e-01
   1.9929000e+00   3.2716860e+04   1.1952479e+01   0.0000000e+00   1.1619711e-01
   1.9932600e+00   3.1717468e+04   1.1536790e+01   0.0000000e+00   1.1768080e-01
   1.9936200e+00   3.2252573e+04   1.1672986e+01   0.0000000e+00   1.1911804e-01
   1.9939900e+00   3.2934793e+04   1.1967441e+01   0.0000000e+00   1.2003831e-01
   1.9943500e+00   3.2908098e+04   1.1824906e+01   0.0000000e+00   1.2135019e-01
   1.9947100e+00   3.1366249e+04   1.1563203e+01   0.0000000e+00   1.2297595e-01
   1.9950800e+00   3.2713627e+04   1.1797782e+01   0.0000000e+00   1.2040490e-01
   1.9954400e+00   3.2205785e+04   1.1761480e+01   0.0000000e+00   1.2216930e-01
   1.9958100e+00   3.2018869e+04   1.1725345e+01   0.0000000e+00   1.2266214e-01
   1.9961700e+00   3.2860486e+04   1.1960129e+01   0.0000000e+00   1.2271716e-01
   1.9965300e+00   3.2972304e+04   1.2092824e+01   0.0000000e+00   1.2341477e-01
   1.9969000e+00   3.1776673e+04   1.1506190e+01   0.0000000e+00   1.2594742e-01
   1.9972600e+00   3.1951259e+04   1.1533909e+01   0.0000000e+00   1.2601676e-01
   1.9976300e+00   3.2773629e+04   1.2139948e+01   0.0000000e+00   1.2775076e-01
   1.9979900e+00   3.2975700e+04   1.1976274e+01   0.0000000e+00   1.2791740e-01
   1.9983600e+00   3.2352735e+04   1.1642071e+01   0.0000000e+00   1.2963325e-01
   1.9987300e+00   3.3409436e+04   1.2136169e+01   0.0000000e+00   1.2984044e-01
   1.9990900e+00   3.2861694e+04   1.2032858e+01   0.0000000e+00   1.3083550e-01
   1.9994600e+00   3.2319783e+04   1.1558909e+01   0.0000000e+00   1.3180716e-01
   1.9998200e+00   3.2806826e+04   1.1777800e+01   0.0000000e+00   1.3505427e-01
   2.0001900e+00   3.4021047e+04   1.2447263e+01   0.0000000e+00   1.3728494e-01
   2.0005500e+00   3.3795303e+04   1.2111960e+01   0.0000000e+00   1.3485334e-01
   2.0009200e+00   3.3663355e+04   1.2059249e+01   0.0000000e+00   1.3633668e-01
   2.0012900e+00   3.4210148e+04   1.2393372e+01   0.0000000e+00   1.3938316e-01
   2.0016500e+00   3.3836150e+04   1.2359196e+01   0.0000000e+00   1.4062535e-01
   2.0020200e+00   3.3726126e+04   1.2006774e+01   0.0000000e+00   1.3947365e-01
   2.0023900e+00   3.3908271e+04   1.2151482e+01   0.0000000e+00   1.4304812e-01
   2.0027600e+00   3.4083039e+04   1.2197665e+01   0.0000000e+00   1.4292718e-01
   2.0031200e+00   3.3671818e+04   1.2038681e+01   0.0000000e+00   1.4337461e-01
   2.0034900e+00   3.3350913e+04   1.2067985e+01   0.0000000e+00   1.4744465e-01
   2.0038600e+00   3.3760663e+04   1.2143584e+01   0.0000000e+00   1.4798127e-01
   2.0042300e+00   3.4222808e+04   1.2128713e+01   0.0000000e+00   1.4880202e-01
   2.0045900e+00   3.3582074e+04   1.1889360e+01   0.0000000e+00   1.5101376e-01
   2.0049600e+00   3.4883333e+04   1.2426984e+01   0.0000000e+00   1.5258075e-01
   2.0053300e+00   3.4638497e+04   1.2395531e+01   0.0000000e+00   1.5521564e-01
   2.0057000e+00   3.4217523e+04   1.2202357e+01   0.0000000e+00   1.5537981e-01
   2.0060700e+00   3.4604208e+04   1.2417497e+01   0.0000000e+00   1.5918628e-01
   2.0064400e+00   3.4806173e+04   1.2398004e+01   0.0000000e+00   1.5908812e-01
   2.0068100e+00   3.3634438e+04   1.2315208e+01   0.0000000e+00   1.6193930e-01
   2.0071700e+00   3.3836856e+04   1.2323916e+01   0.0000000e+00   1.6519329e-01
   2.0075400e+00   3.4462604e+04   1.2330494e+01   0.0000000e+00   1.6690942e-01
   2.0079100e+00   3.3902272e+04   1.2168368e+01   0.0000000e+00   1.7095489e-01
   2.0082800e+00   3.3881040e+04   1.2136975e+01   0.0000000e+00   1.7258593e-01
   2.0086500e+00   3.4437760e+04   1.2326942e+01   0.0000000e+00   1.7333400e-01
   2.0090200e+00   3.4513226e+04   1.2627038e+01   0.0000000e+00   1.7794484e-01
   2.0093900e+00   3.3808012e+04   1.2148312e+01   0.0000000e+00   1.7815849e-01
   2.0097600e+00   3.4207241e+04   1.2293055e+01   0.0000000e+00   1.8139851e-01
   2.0101300e+00   3.4413101e+04   1.2431109e+01   0.0000000e+00   1.8456013e-01
   2.0105000e+00   3.4271441e+04   1.2304642e+01   0.0000000e+00   1.8758819e-01
   2.0108700e+00   3.4429958e+04   1.3236359e+01   0.0000000e+00   1.9034156e-01
   2.0112500e+00   3.4152119e+04   1.2182891e+01   0.0000000e+00   1.9354428e-01
   2.0116200e+00   3.5522132e+04   1.2743572e+01   0.0000000e+00   1.9770867e-01
   2.0119900e+00   3.4717417e+04   1.2509170e+01   0.0000000e+00   2.0171403e-01
   2.0123600e+00   3.5039370e+04   1.2593808e+01   0.0000000e+00   2.0360218e-01
   2.0127300e+00   3.5623278e+04   1.2953508e+01   0.0000000e+00   2.0827668e-01
   2.0131000e+00   3.4849943e+04   1.2291463e+01   0.0000000e+00   2.1138905e-01
   2.0134700e+00   3.4947683e+04   1.2457308e+01   0.0000000e+00   2.1610993e-01
   2.0138500e+00   3.5892545e+04   1.2876810e+01   0.0000000e+00   2.2019125e-01
   2.0142200e+00   3.6033825e+04   1.2687512e+01   0.0000000e+00   2.2396032e-01
   2.0145900e+00   3.6123871e+04   1.2670955e+01   0.0000000e+00   2.2988905e-01
   2.0149600e+00   3.6541632e+04   1.3008988e+01   0.0000000e+00   2.3511375e-01
   2.0153300e+00   3.6337098e+04   1.3062909e+01   0.0000000e+00   2.3938139e-01
   2.0157100e+00   3.6112574e+04   1.2779165e+01   0.0000000e+00   2.4392367e-01
   2.0160800e+00   3.6631460e+04   1.3108839e+01   0.0000000e+00   2.4917278e-01
   2.0164500e+00   3.6652362e+04   1.2886880e+01   0.0000000e+00   2.5220993e-01
   2.0168300e+00   3.6574593e+04   1.2886925e+01   0.0000000e+00   2.5914216e-01
   2.0172000e+00   3.6524408e+04   1.2873024e+01   0.0000000e+00   2.6539528e-01
   2.0175700e+00   3.7492138e+04   1.3120145e+01   0.0000000e+00   2.7161845e-01
   2.0179500e+00   3.6990200e+04   1.2919050e+01   0.0000000e+00   2.7924817e-01
   2.0183200e+00   3.7150654e+04   1.2971240e+01   0.0000000e+00   2.8382823e-01
   2.0186900e+00   3.7242261e+04   1.3003337e+01   0.0000000e+00   2.8994817e-01
   2.0190700e+00   3.7550988e+04   1.3192237e+01   0.0000000e+00   2.9561045e-01
   2.0194400e+00   3.7529739e+04   1.3328766e+01   0.0000000e+00   3.0159167e-01
   2.0198200e+00   3.7217297e+04   1.3244401e+01   0.0000000e+00   3.1244925e-01
   2.0201900e+00   3.7900015e+04   1.3289762e+01   0.0000000e+00   3.2046583e-01
   2.0205700e+00   3.7405360e+04   1.3156389e+01   0.0000000e+00   3.2900625e-01
   2.0209400e+00   3.7017807e+04   1.3226104e+01   0.0000000e+00   3.4029956e-01
   2.0213200e+00   3.7681530e+04   1.3094671e+01   0.0000000e+00   3.4479305e-01
   2.0216900e+00   3.7203659e+04   1.3100456e+01   0.0000000e+00   3.5316310e-01
   2.0220700e+00   3.6509705e+04   1.2915055e+01   0.0000000e+00   3.6026632e-01
   2.0224400e+00   3.7172770e+04   1.3131893e+01   0.0000000e+00   3.6844687e-01
   2.0228200e+00   3.6368836e+04   1.2977100e+01   0.0000000e+00   3.7960773e-01
   2.0231900e+00   3.6342734e+04   1.2949231e+01   0.0000000e+00   3.8842547e-01
   2.0235700e+00   3.6766856e+04   1.3025500e+01   0.0000000e+00   3.9904083e-01
   2.0239500e+00   3.6820220e+04   1.3063743e+01   0.0000000e+00   4.1109763e-01
   2.0243200e+00   3.6387119e+04   1.3090340e+01   0.0000000e+00   4.2504362e-01
   2.0247000e+00   3.6129039e+04   1.2714582e+01   0.0000000e+00   4.3241875e-01
   2.0250700e+00   3.6612160e+04   1.2862665e+01   0.0000000e+00   4.4111871e-01
   2.0254500e+00   3.6614679e+04   1.2918311e+01   0.0000000e+00   4.4957995e-01
   2.0258300e+00   3.6716251e+04   1.2985637e+01   0.0000000e+00   4.6121804e-01
   2.0262000e+00   3.6872872e+04   1.2986996e+01   0.0000000e+00   4.7389462e-01
   2.0265800e+00   3.7100924e+04   1.3078776e+01   0.0000000e+00   4.8850944e-01
   2.0269600e+00   3.8287241e+04   1.3850787e+01   0.0000000e+00   5.0516181e-01
   2.0273400e+00   4.1781333e+04   1.4561458e+01   0.0000000e+00   5.1793748e-01
   2.0277100e+00   4.2957355e+04   1.5215948e+01   0.0000000e+00   5.3156212e-01
   2.0280900e+00   4.2147898e+04   1.5018177e+01   0.0000000e+00   5.4215945e-01
   2.0284700e+00   3.8055178e+04   1.3261507e+01   0.0000000e+00   5.5099455e-01
   2.0288500e+00   3.6228601e+04   1.2753035e+01   0.0000000e+00   5.6317914e-01
   2.0292300e+00   3.7086333e+04   1.3089896e+01   0.0000000e+00   5.7739153e-01
   2.0296000e+00   3.7273956e+04   1.3115780e+01   0.0000000e+00   5.9442530e-01
   2.0299800e+00   3.6395702e+04   1.2793646e+01   0.0000000e+00   6.1299358e-01
   2.0303600e+00   3.6714017e+04   1.2990410e+01   0.0000000e+00   6.3083708e-01
   2.0307400e+00   3.7253266e+04   1.3242774e+01   0.0000000e+00   6.4395929e-01
   2.0311200e+00   3.6768734e+04   1.3142690e+01   0.0000000e+00   6.5589210e-01
   2.0315000e+00   3.6607929e+04   1.2856992e+01   0.0000000e+00   6.6671294e-01
   2.0318800e+00   3.6787777e+04   1.2897992e+01   0.0000000e+00   6.7923256e-01
   2.0322600e+00   3.7088117e+04   1.3135709e+01   0.0000000e+00   6.9617617e-01
   2.0326400e+00   3.6777903e+04   1.2879051e+01   0.0000000e+00   7.1166527e-01
   2.0330100e+00   3.7412661e+04   1.3034273e+01   0.0000000e+00   7.3025217e-01
   2.0333900e+00   3.9794184e+04   1.3877594e+01   0.0000000e+00   7.5042907e-01
   2.0337700e+00   4.2770609e+04   1.4833254e+01   0.0000000e+00   7.6798727e-01
   2.0341500e+00   4.2721358e+04   1.4953121e+01   0.0000000e+00   7.8302648e-01
   2.0345300e+00   4.1544215e+04   1.4484187e+01   0.0000000e+00   7.9481234e-01
   2.0349200e+00   3.8538856e+04   1.3624596e+01   0.0000000e+00   8.0752117e-01
   2.0353000e+00   3.7514353e+04   1.3216858e+01   0.0000000e+00   8.1987046e-01
   2.0356800e+00   3.7864500e+04   1.3258513e+01   0.0000000e+00   8.3635689e-01
   2.0360600e+00   3.7539716e+04   1.3208492e+01   0.0000000e+00   8.5784256e-01
   2.0364400e+00   3.7269797e+04   1.3096478e+01   0.0000000e+00   8.7920051e-01
   2.0368200e+00   3.7646817e+04   1.3261113e+01   0.0000000e+00   8.9547229e-01
   2.0372000e+00   3.7898604e+04   1.3270431e+01   0.0000000e+00   9.1081405e-01
   2.0375800e+00   3.8482582e+04   1.3607939e+01   0.0000000e+00   9.2143830e-01
   2.0379600e+00   3.7975146e+04   1.3462706e+01   0.0000000e+00   9.3115530e-01
   2.0383400e+00   3.8284398e+04   1.3461674e+01   0.0000000e+00   9.4464415e-01
   2.0387300e+00   3.9010479e+04   1.3676116e+01   0.0000000e+00   9.5849465e-01
   2.0391100e+00   3.8663135e+04   1.3535589e+01   0.0000000e+00   9.7443094e-01
   2.0394900e+00   3.8426708e+04   1.3518128e+01   0.0000000e+00   9.9642659e-01
   2.0398700e+00   3.9260165e+04   1.3721474e+01   0.0000000e+00   1.0188801e+00
   2.0402600e+00   3.9575777e+04   1.3947325e+01   0.0000000e+00   1.0361551e+00
   2.0406400e+00   4.5369766e+04   1.6202648e+01   0.0000000e+00   1.0444682e+00
   2.0410200e+00   5.8323477e+04   2.0476461e+01   0.0000000e+00   1.0496185e+00
   2.0414000e+00   6.1077958e+04   2.0953999e+01   0.0000000e+00   1.0584417e+00
   2.0417900e+00   5.4827963e+04   1.9273443e+01   0.0000000e+00   1.0686423e+00
   2.0421700e+00   4.3098984e+04   1.5090014e+01   0.0000000e+00   1.0835617e+00
   2.0425500e+00   3.9983433e+04   1.4051780e+01   0.0000000e+00   1.1019139e+00
   2.0429400e+00   3.9909725e+04   1.3969733e+01   0.0000000e+00   1.1223258e+00
   2.0433200e+00   3.8892890e+04   1.3766280e+01   0.0000000e+00   1.1363846e+00
   2.0437000e+00   3.9789000e+04   1.4037280e+01   0.0000000e+00   1.1485010e+00
   2.0440900e+00   3.9199321e+04   1.3788275e+01   0.0000000e+00   1.1537354e+00
   2.0444700e+00   3.9272574e+04   1.3815130e+01   0.0000000e+00   1.1569277e+00
   2.0448600e+00   4.0475723e+04   1.4103672e+01   0.0000000e+00   1.1601318e+00
   2.0452400e+00   4.0169629e+04   1.4083846e+01   0.0000000e+00   1.1759943e+00
   2.0456200e+00   3.9825449e+04   1.4013872e+01   0.0000000e+00   1.1946596e+00
   2.0460100e+00   4.0218281e+04   1.4042684e+01   0.0000000e+00   1.2141615e+00
   2.0463900e+00   4.0247210e+04   1.4213033e+01   0.0000000e+00   1.2302955e+00
   2.0467800e+00   4.0295875e+04   1.4180658e+01   0.0000000e+00   1.2401468e+00
   2.0471600e+00   4.0512706e+04   1.4218263e+01   0.0000000e+00   1.2405186e+00
   2.0475500e+00   4.1738187e+04   1.4694515e+01   0.0000000e+00   1.2411266e+00
   2.0479300e+00   4.1315246e+04   1.4491050e+01   0.0000000e+00   1.2464195e+00
   2.0483200e+00   4.0979518e+04   1.4396929e+01   0.0000000e+00   1.2568230e+00
   2.0487100e+00   4.1712797e+04   1.4716105e+01   0.0000000e+00   1.2695806e+00
   2.0490900e+00   4.1891235e+04   1.4842589e+01   0.0000000e+00   1.2888565e+00
   2.0494800e+00   4.3339894e+04   1.5312742e+01   0.0000000e+00   1.3033243e+00
   2.0498600e+00   4.5210316e+04   1.5680598e+01   0.0000000e+00   1.3134274e+00
   2.0502500e+00   4.5759029e+04   1.5943590e+01   0.0000000e+00   1.3155029e+00
   2.0506400e+00   4.4080492e+04   1.5346149e+01   0.0000000e+00   1.3141663e+00
   2.0510200e+00   4.1769220e+04   1.4682657e+01   0.0000000e+00   1.3177463e+00
   2.0514100e+00   4.2841239e+04   1.5002926e+01   0.0000000e+00   1.3190764e+00
   2.0518000e+00   4.3149820e+04   1.4988191e+01   0.0000000e+00   1.3275147e+00
   2.0521800e+00   4.2883058e+04   1.4814155e+01   0.0000000e+00   1.3430146e+00
   2.0525700e+00   4.3152993e+04   1.5021219e+01   0.0000000e+00   1.3588828e+00
   2.0529600e+00   4.2736874e+04   1.4858549e+01   0.0000000e+00   1.3713647e+00
   2.0533400e+00   4.2642873e+04   1.5006424e+01   0.0000000e+00   1.3729767e+00
   2.0537300e+00   4.2578184e+04   1.4977919e+01   0.0000000e+00   1.3711786e+00
   2.0541200e+00   4.4000748e+04   1.5402208e+01   0.0000000e+00   1.3673167e+00
   2.0545100e+00   4.4153058e+04   1.5280453e+01   0.0000000e+00   1.3673350e+00
   2.0548900e+00   4.3878643e+04   1.5316108e+01   0.0000000e+00   1.3700649e+00
   2.0552800e+00   4.4730765e+04   1.5553645e+01   0.0000000e+00   1.3821266e+00
   2.0556700e+00   4.8469448e+04   1.6956718e+01   0.0000000e+00   1.3946466e+00
   2.0560600e+00   5.8383669e+04   2.0136237e+01   0.0000000e+00   1.4068128e+00
   2.0564500e+00   6.2178114e+04   2.1274893e+01   0.0000000e+00   1.4169521e+00
   2.0568400e+00   5.8914189e+04   2.0317485e+01   0.0000000e+00   1.4174960e+00
   2.0572200e+00   4.7790256e+04   1.6626717e+01   0.0000000e+00   1.4099407e+00
   2.0576100e+00   4.4896735e+04   1.5506803e+01   0.0000000e+00   1.4077429e+00
   2.0580000e+00   4.5370252e+04   1.5698439e+01   0.0000000e+00   1.4131389e+00
   2.0583900e+00   4.5330313e+04   1.5690782e+01   0.0000000e+00   1.4203098e+00
   2.0587800e+00   4.4033094e+04   1.5242059e+01   0.0000000e+00   1.4328583e+00
   2.0591700e+00   4.3843971e+04   1.5322940e+01   0.0000000e+00   1.4459863e+00
   2.0595600e+00   4.4585432e+04   1.5550121e+01   0.0000000e+00   1.4545951e+00
   2.0599500e+00   4.4173544e+04   1.5402020e+01   0.0000000e+00   1.4509888e+00
   2.0603400e+00   4.4843489e+04   1.5609868e+01   0.0000000e+00   1.4491654e+00
   2.0607300e+00   4.5479158e+04   1.5774473e+01   0.0000000e+00   1.4416886e+00
   2.0611200e+00   4.4988150e+04   1.5670957e+01   0.0000000e+00   1.4409825e+00
   2.0615100e+00   4.5432468e+04   1.5741312e+01   0.0000000e+00   1.4450929e+00
   2.0619000e+00   4.5680742e+04   1.5907642e+01   0.0000000e+00   1.4538557e+00
   2.0622900e+00   4.5928851e+04   1.5987074e+01   0.0000000e+00   1.4680805e+00
   2.0626800e+00   4.5451626e+04   1.5986524e+01   0.0000000e+00   1.4713626e+00
   2.0630700e+00   4.5503715e+04   1.5794575e+01   0.0000000e+00   1.4727819e+00
   2.0634600e+00   4.6567830e+04   1.6094591e+01   0.0000000e+00   1.4666808e+00
   2.0638500e+00   4.5792081e+04   1.5915705e+01   0.0000000e+00   1.4640361e+00
   2.0642500e+00   4.5788956e+04   1.5859116e+01   0.0000000e+00   1.4594932e+00
   2.0646400e+00   4.7190185e+04   1.6272589e+01   0.0000000e+00   1.4589527e+00
   2.0650300e+00   4.6747137e+04   1.6396703e+01   0.0000000e+00   1.4661192e+00
   2.0654200e+00   4.5969205e+04   1.5985644e+01   0.0000000e+00   1.4769974e+00
   2.0658100e+00   4.7099366e+04   1.6242108e+01   0.0000000e+00   1.4886767e+00
   2.0662000e+00   4.7109934e+04   1.6237349e+01   0.0000000e+00   1.4930616e+00
   2.0666000e+00   4.7453929e+04   1.6536623e+01   0.0000000e+00   1.4884528e+00
   2.0669900e+00   4.7536353e+04   1.6437083e+01   0.0000000e+00   1.4853458e+00
   2.0673800e+00   4.7150091e+04   1.6428221e+01   0.0000000e+00   1.4770275e+00
   2.0677700e+00   4.7641143e+04   1.6413614e+01   0.0000000e+00   1.4732000e+00
   2.0681700e+00   4.7219839e+04   1.6252309e+01   0.0000000e+00   1.4734326e+00
   2.0685600e+00   4.7818253e+04   1.6477857e+01   0.0000000e+00   1.4891159e+00
   2.0689500e+00   4.7901318e+04   1.6379205e+01   0.0000000e+00   1.5043866e+00
   2.0693400e+00   4.7593268e+04   1.6581109e+01   0.0000000e+00   1.5050378e+00
   2.0697400e+00   4.8101993e+04   1.6605024e+01   0.0000000e+00   1.5009311e+00
   2.0701300e+00   4.7728191e+04   1.6651351e+01   0.0000000e+00   1.4982621e+00
   2.0705200e+00   4.7727878e+04   1.6409897e+01   0.0000000e+00   1.4902562e+00
   2.0709200e+00   4.7948946e+04   1.6591154e+01   0.0000000e+00   1.4846615e+00
   2.0713100e+00   4.8418934e+04   1.6640599e+01   0.0000000e+00   1.4879038e+00
   2.0717100e+00   4.8533343e+04   1.6745377e+01   0.0000000e+00   1.4961723e+00
   2.0721000e+00   5.0271793e+04   1.7655548e+01   0.0000000e+00   1.5000601e+00
   2.0724900e+00   5.8897985e+04   2.0404433e+01   0.0000000e+00   1.5029229e+00
   2.0728900e+00   6.3123704e+04   2.1734963e+01   0.0000000e+00   1.5041529e+00
   2.0732800e+00   6.2028173e+04   2.1217732e+01   0.0000000e+00   1.4995582e+00
   2.0736800e+00   5.4654816e+04   1.8770813e+01   0.0000000e+00   1.4936319e+00
   2.0740700e+00   5.0470900e+04   1.7278654e+01   0.0000000e+00   1.4934937e+00
   2.0744700e+00   5.0052719e+04   1.7230317e+01   0.0000000e+00   1.4950405e+00
   2.0748600e+00   4.9823599e+04   1.7166573e+01   0.0000000e+00   1.5010193e+00
   2.0752600e+00   4.9657483e+04   1.7127709e+01   0.0000000e+00   1.5091459e+00
   2.0756500e+00   4.9698763e+04   1.7013017e+01   0.0000000e+00   1.5151125e+00
   2.0760500e+00   4.9840658e+04   1.7088287e+01   0.0000000e+00   1.5171392e+00
   2.0764400e+00   4.9822894e+04   1.7109581e+01   0.0000000e+00   1.5135471e+00
   2.0768400e+00   5.0065513e+04   1.7125630e+01   0.0000000e+00   1.5036907e+00
   2.0772300e+00   5.0379365e+04   1.7141445e+01   0.0000000e+00   1.5004725e+00
   2.0776300e+00   5.0776442e+04   1.7317280e+01   0.0000000e+00   1.4936696e+00
   2.0780300e+00   5.0069744e+04   1.7153866e+01   0.0000000e+00   1.4986235e+00
   2.0784200e+00   5.0556452e+04   1.7224514e+01   0.0000000e+00   1.5067812e+00
   2.0788200e+00   5.1052463e+04   1.7443550e+01   0.0000000e+00   1.5173425e+00
   2.0792100e+00   5.0424002e+04   1.7355822e+01   0.0000000e+00   1.5182534e+00
   2.0796100e+00   5.1265211e+04   1.7435293e+01   0.0000000e+00   1.5151333e+00
   2.0800100e+00   5.1589638e+04   1.7620750e+01   0.0000000e+00   1.5105076e+00
   2.0804000e+00   5.2293227e+04   1.8086072e+01   0.0000000e+00   1.5033613e+00
   2.0808000e+00   5.2327321e+04   1.7988398e+01   0.0000000e+00   1.5005898e+00
   2.0812000e+00   5.2296748e+04   1.7736099e+01   0.0000000e+00   1.5017299e+00
   2.0816000e+00   5.1337062e+04   1.7797551e+01   0.0000000e+00   1.5088869e+00
   2.0819900e+00   5.2275575e+04   1.7914521e+01   0.0000000e+00   1.5141983e+00
   2.0823900e+00   5.2132246e+04   1.7815283e+01   0.0000000e+00   1.5189760e+00
   2.0827900e+00   5.2278302e+04   1.7899706e+01   0.0000000e+00   1.5173648e+00
   2.0831900e+00   5.2335590e+04   1.7818788e+01   0.0000000e+00   1.5128237e+00
   2.0835800e+00   5.2044843e+04   1.7868699e+01   0.0000000e+00   1.5050696e+00
   2.0839800e+00   5.1666778e+04   1.7751668e+01   0.0000000e+00   1.5027141e+00
   2.0843800e+00   5.1393424e+04   1.7928617e+01   0.0000000e+00   1.5023593e+00
   2.0847800e+00   5.1641538e+04   1.7974517e+01   0.0000000e+00   1.5021276e+00
   2.0851800e+00   5.2356504e+04   1.7864256e+01   0.0000000e+00   1.5101533e+00
   2.0855700e+00   5.4861465e+04   1.8864616e+01   0.0000000e+00   1.5113554e+00
   2.0859700e+00   5.6674296e+04   1.9326798e+01   0.0000000e+00   1.5129024e+00
   2.0863700e+00   5.5784667e+04   1.9268370e+01   0.0000000e+00   1.5060929e+00
   2.0867700e+00   5.3757477e+04   1.8654708e+01   0.0000000e+00   1.5029291e+00
   2.0871700e+00   5.2076991e+04   1.8273496e+01   0.0000000e+00   1.4980017e+00
   2.0875700e+00   5.2576355e+04   1.8215027e+01   0.0000000e+00   1.5073863e+00
   2.0879700e+00   5.3288675e+04   1.8284817e+01   0.0000000e+00   1.5109347e+00
   2.0883700e+00   5.2793563e+04   1.8086833e+01   0.0000000e+00   1.5139105e+00
   2.0887700e+00   5.2505692e+04   1.7844599e+01   0.0000000e+00   1.5188259e+00
   2.0891700e+00   5.2909347e+04   1.8054108e+01   0.0000000e+00   1.5225493e+00
   2.0895700e+00   5.2750332e+04   1.8113717e+01   0.0000000e+00   1.5176437e+00
   2.0899700e+00   5.3193446e+04   1.8499222e+01   0.0000000e+00   1.5133631e+00
   2.0903700e+00   5.5617734e+04   1.9189718e+01   0.0000000e+00   1.5116422e+00
   2.0907700e+00   6.0751318e+04   2.0732126e+01   0.0000000e+00   1.5117510e+00
   2.0911700e+00   6.1422741e+04   2.0999630e+01   0.0000000e+00   1.5109094e+00
   2.0915700e+00   5.8747708e+04   2.0254228e+01   0.0000000e+00   1.5136851e+00
   2.0919700e+00   5.5447173e+04   1.9012447e+01   0.0000000e+00   1.5178370e+00
   2.0923700e+00   5.4004703e+04   1.8444172e+01   0.0000000e+00   1.5203982e+00
   2.0927700e+00   5.4580927e+04   1.8814669e+01   0.0000000e+00   1.5190882e+00
   2.0931700e+00   5.4469325e+04   1.8631554e+01   0.0000000e+00   1.5171452e+00
   2.0935700e+00   5.5020281e+04   1.8697648e+01   0.0000000e+00   1.5159347e+00
   2.0939700e+00   5.4427092e+04   1.8772932e+01   0.0000000e+00   1.5167987e+00
   2.0943800e+00   5.4808193e+04   1.9170674e+01   0.0000000e+00   1.5149478e+00
   2.0947800e+00   5.5257950e+04   1.8985632e+01   0.0000000e+00   1.5176210e+00
   2.0951800e+00   5.5154159e+04   1.8745748e+01   0.0000000e+00   1.5206102e+00
   2.0955800e+00   5.5322018e+04   1.8978900e+01   0.0000000e+00   1.5209834e+00
   2.0959800e+00   5.6217930e+04   1.9422989e+01   0.0000000e+00   1.5226445e+00
   2.0963900e+00   5.6271138e+04   1.9163698e+01   0.0000000e+00   1.5229922e+00
   2.0967900e+00   5.6163425e+04   1.9139816e+01   0.0000000e+00   1.5215382e+00
   2.0971900e+00   5.6948786e+04   1.9417779e+01   0.0000000e+00   1.5205652e+00
   2.0975900e+00   5.7281108e+04   1.9528408e+01   0.0000000e+00   1.5234601e+00
   2.0979900e+00   5.6454705e+04   1.9293249e+01   0.0000000e+00   1.5238911e+00
   2.0984000e+00   5.6916979e+04   1.9294232e+01   0.0000000e+00   1.5255965e+00
   2.0988000e+00   5.7641239e+04   1.9675349e+01   0.0000000e+00   1.5267104e+00
   2.0992000e+00   5.6807670e+04   1.9690731e+01   0.0000000e+00   1.5230275e+00
   2.0996100e+00   5.6302911e+04   1.9537341e+01   0.0000000e+00   1.5256885e+00
   2.1000100e+00   5.7319629e+04   1.9582849e+01   0.0000000e+00   1.5240288e+00
   2.1004100e+00   5.8254052e+04   2.0059735e+01   0.0000000e+00   1.5227439e+00
   2.1008200e+00   5.7457310e+04   1.9566653e+01   0.0000000e+00   1.5260876e+00
   2.1012200e+00   5.7627733e+04   1.9880265e+01   0.0000000e+00   1.5293533e+00
   2.1016200e+00   5.9003616e+04   2.0266180e+01   0.0000000e+00   1.5318611e+00
   2.1020300e+00   5.8993627e+04   2.0088075e+01   0.0000000e+00   1.5371546e+00
   2.1024300e+00   5.8389302e+04   2.0150550e+01   0.0000000e+00   1.5250414e+00
   2.1028400e+00   5.8993095e+04   2.0171061e+01   0.0000000e+00   1.5240809e+00
   2.1032400e+00   5.9113568e+04   2.0259812e+01   0.0000000e+00   1.5249912e+00
   2.1036400e+00   5.8912634e+04   2.0229979e+01   0.0000000e+00   1.5267084e+00
   2.1040500e+00   5.9459681e+04   2.0237178e+01   0.0000000e+00   1.5318396e+00
   2.1044500e+00   5.8542906e+04   2.0009253e+01   0.0000000e+00   1.5355024e+00
   2.1048600e+00   5.8554179e+04   2.0179800e+01   0.0000000e+00   1.5359558e+00
   2.1052600e+00   5.9432717e+04   2.0285305e+01   0.0000000e+00   1.5367066e+00
   2.1056700e+00   6.0725513e+04   2.0712772e+01   0.0000000e+00   1.5350427e+00
   2.1060700e+00   6.1427688e+04   2.0881923e+01   0.0000000e+00   1.5289681e+00
   2.1064800e+00   6.2388608e+04   2.1387336e+01   0.0000000e+00   1.5235928e+00
   2.1068800e+00   6.3337926e+04   2.1447657e+01   0.0000000e+00   1.5293141e+00
   2.1072900e+00   6.2106880e+04   2.1227409e+01   0.0000000e+00   1.5293920e+00
   2.1077000e+00   6.0382453e+04   2.0689709e+01   0.0000000e+00   1.5335735e+00
   2.1081000e+00   6.0487301e+04   2.0765106e+01   0.0000000e+00   1.5321381e+00
   2.1085100e+00   6.1016531e+04   2.0872104e+01   0.0000000e+00   1.5314298e+00
   2.1089100e+00   6.0755997e+04   2.0688292e+01   0.0000000e+00   1.5275259e+00
   2.1093200e+00   6.2034251e+04   2.1570269e+01   0.0000000e+00   1.5198357e+00
   2.1097300e+00   6.2841084e+04   2.1752940e+01   0.0000000e+00   1.5197213e+00
   2.1101300e+00   6.4074983e+04   2.1880398e+01   0.0000000e+00   1.5233862e+00
   2.1105400e+00   6.4518257e+04   2.2099070e+01   0.0000000e+00   1.5269055e+00
   2.1109400e+00   6.6030225e+04   2.2687529e+01   0.0000000e+00   1.5275431e+00
   2.1113500e+00   6.7236700e+04   2.3017203e+01   0.0000000e+00   1.5312249e+00
   2.1117600e+00   6.6179908e+04   2.2430388e+01   0.0000000e+00   1.5336723e+00
   2.1121700e+00   6.4909666e+04   2.2207591e+01  -1.5593946e+02   1.5244399e+00
   2.1125700e+00   6.3374281e+04   2.1766217e+01  -1.0931964e+03   1.5233811e+00
   2.1129800e+00   6.2710356e+04   2.1302104e+01  -1.1179447e+03   1.5116567e+00
   2.1133900e+00   6.2686901e+04   2.1263629e+01  -6.1486821e+02   1.5157719e+00
   2.1137900e+00   6.3185702e+04   2.1464858e+01   1.6960278e+02   1.5199541e+00
   2.1142000e+00   6.3602779e+04   2.1768824e+01   5.4934109e+02   1.5258356e+00
   2.1146100e+00   6.3041496e+04   2.1465055e+01  -3.9932715e+02   1.5271216e+00
   2.1150200e+00   6.5220766e+04   2.2033726e+01   1.0688531e+03   1.5273434e+00
   2.1154300e+00   6.6934681e+04   2.2612252e+01   1.8194243e+03   1.5271618e+00
   2.1158300e+00   6.6030931e+04   2.2276076e+01  -1.9374782e+02   1.5227442e+00
   2.1162400e+00   6.5790872e+04   2.2520064e+01  -1.5603210e+03   1.5134739e+00
   2.1166500e+00   6.5589588e+04   2.2402181e+01  -2.7683381e+03   1.5101867e+00
   2.1170600e+00   6.8000964e+04   2.3191326e+01  -1.1174803e+03   1.5103367e+00
   2.1174700e+00   7.2008406e+04   2.4364050e+01   2.4713500e+03   1.5181727e+00
   2.1178800e+00   7.3237016e+04   2.4719555e+01   3.6703191e+03   1.5212858e+00
   2.1182900e+00   7.0199344e+04   2.3870638e+01   9.8071715e+02   1.5262957e+00
   2.1186900e+00   6.5632610e+04   2.2754216e+01  -2.9284202e+03   1.5157108e+00
   2.1191000e+00   6.6601675e+04   2.2584979e+01  -1.1054388e+03   1.5094903e+00
   2.1195100e+00   6.6687014e+04   2.2755857e+01  -1.0708198e+02   1.5030526e+00
   2.1199200e+00   6.5147373e+04   2.2345994e+01  -8.1121737e+02   1.4991384e+00
   2.1203300e+00   6.5334274e+04   2.2191046e+01   1.7276743e+01   1.5029630e+00
   2.1207400e+00   6.6058035e+04   2.2292030e+01   1.1025282e+03   1.5080554e+00
   2.1211500e+00   6.5767773e+04   2.2187553e+01   8.4093680e+02   1.5143173e+00
   2.1215600e+00   6.5564903e+04   2.2260811e+01   3.1465680e+02   1.5162794e+00
   2.1219700e+00   6.6411247e+04   2.2670848e+01   4.9914591e+02   1.5135386e+00
   2.1223800e+00   6.6323541e+04   2.2505139e+01  -5.4103726e+02   1.5074131e+00
   2.1227900e+00   6.7080834e+04   2.2965611e+01  -9.4304756e+02   1.4970121e+00
   2.1232000e+00   6.9474309e+04   2.3649428e+01   2.0192246e+02   1.4904736e+00
   2.1236100e+00   7.0370024e+04   2.3687538e+01  -9.8275668e+01   1.4888508e+00
   2.1240200e+00   6.8022593e+04   2.2841091e+01  -3.4416867e+03   1.4948828e+00
   2.1244300e+00   7.1923662e+04   2.4491150e+01  -2.1199282e+02   1.5041962e+00
   2.1248400e+00   7.6147987e+04   2.5783822e+01   3.7372893e+03   1.5065593e+00
   2.1252500e+00   7.6601390e+04   2.5993506e+01   4.3107933e+03   1.5016317e+00
   2.1256700e+00   7.1586874e+04   2.4302554e+01  -2.6375089e+02   1.4966675e+00
   2.1260800e+00   6.8424456e+04   2.3389717e+01  -2.7985612e+03   1.4858413e+00
   2.1264900e+00   6.8297709e+04   2.3576515e+01  -2.2674209e+03   1.4731517e+00
   2.1269000e+00   6.8636584e+04   2.3279773e+01  -1.3846749e+03   1.4717358e+00
   2.1273100e+00   7.0046263e+04   2.3700923e+01   3.5577801e+02   1.4754947e+00
   2.1277200e+00   7.0216825e+04   2.3745647e+01   6.0543349e+02   1.4826777e+00
   2.1281300e+00   7.0662013e+04   2.3828747e+01   8.9546844e+02   1.4887444e+00
   2.1285500e+00   7.1416715e+04   2.4157356e+01   1.3150493e+03   1.4857499e+00
   2.1289600e+00   7.1070705e+04   2.4425229e+01   5.2073656e+02   1.4776527e+00
   2.1293700e+00   7.0998435e+04   2.4058101e+01  -5.4038752e+01   1.4698226e+00
   2.1297800e+00   7.1254585e+04   2.4079336e+01  -3.1485223e+02   1.4573834e+00
   2.1302000e+00   7.1284781e+04   2.3975293e+01  -7.9735116e+02   1.4511772e+00
   2.1306100e+00   7.1403943e+04   2.4101024e+01  -1.1842325e+03   1.4483671e+00
   2.1310200e+00   7.1908960e+04   2.4293779e+01  -1.1864883e+03   1.4545945e+00
   2.1314300e+00   7.3852475e+04   2.4775689e+01   2.3463407e+02   1.4632336e+00
   2.1318500e+00   7.5694700e+04   2.5740320e+01   1.5225801e+03   1.4634748e+00
   2.1322600e+00   7.6651923e+04   2.6017903e+01   1.8793843e+03   1.4597571e+00
   2.1326700e+00   7.7738728e+04   2.6156198e+01   2.3186358e+03   1.4465533e+00
   2.1330900e+00   7.5546429e+04   2.5464196e+01  -5.3908836e+02   1.4364361e+00
   2.1335000e+00   7.4816090e+04   2.5041960e+01  -1.8751463e+03   1.4257982e+00
   2.1339100e+00   7.3837776e+04   2.4763454e+01  -3.2638621e+03   1.4198711e+00
   2.1343300e+00   7.4345727e+04   2.5035188e+01  -2.7860242e+03   1.4247417e+00
   2.1347400e+00   7.4668803e+04   2.5321583e+01  -1.9097958e+03   1.4333775e+00
   2.1351500e+00   7.5218168e+04   2.5545113e+01  -5.2785470e+01   1.4393616e+00
   2.1355700e+00   9.0590353e+04   3.2225511e+01   1.7465673e+04   1.3854159e+00
   2.1359800e+00   6.5161072e+04   2.7411105e+01  -5.0125978e+03   1.4244169e+00
   2.1364000e+00   6.3236427e+04   2.6342253e+01  -3.3351347e+03   1.4251357e+00
   2.1368100e+00   5.9941381e+04   2.6497051e+01  -2.6225466e+03   1.4211634e+00
   2.1372200e+00   5.6465288e+04   2.6121812e+01  -1.9707353e+03   1.4211257e+00
   2.1376400e+00   5.3928370e+04   2.5467203e+01  -5.1991971e+02   1.4289058e+00
   2.1380500e+00   5.1047040e+04   2.4451897e+01   2.5600830e+02   1.4397310e+00
   2.1384700e+00   4.9209660e+04   2.3679747e+01   1.6441488e+03   1.4422737e+00
   2.1388800e+00   4.5915808e+04   2.2921710e+01   1.1240711e+03   1.4434353e+00
   2.1393000e+00   4.2817974e+04   2.2068051e+01   3.8322702e+02   1.4322962e+00
   2.1397100e+00   4.0542701e+04   2.1255234e+01   1.0542824e+02   1.4158684e+00
   2.1401300e+00   3.8755720e+04   1.9730563e+01   8.0503753e+00   1.3992892e+00
   2.1405400e+00   3.6555270e+04   1.8180298e+01  -7.8043722e+02   1.3938265e+00
   2.1409600e+00   3.6352632e+04   1.6779933e+01   1.5711901e+02   1.4075510e+00
   2.1413700e+00   3.5112640e+04   1.5427452e+01  -2.2527923e+02   1.4426197e+00
   2.1417900e+00   3.4208542e+04   1.4062573e+01  -5.6830789e+02   1.4563483e+00
   2.1422100e+00   3.4564712e+04   1.3051630e+01   4.9618908e+01   1.4691155e+00
   2.1426200e+00   3.4904514e+04   1.2593489e+01   3.7123691e+02   1.4848804e+00
   2.1430400e+00   3.5320995e+04   1.2618557e+01   5.3741833e+02   1.4827975e+00
   2.1434500e+00   3.5393810e+04   1.2556215e+01   2.0451808e+02   1.4712064e+00
   2.1438700e+00   3.5267925e+04   1.2575053e+01  -3.8263755e+02   1.4622934e+00
   2.1442900e+00   3.5617000e+04   1.2852654e+01  -4.3886198e+02   1.4631463e+00
   2.1447000e+00   3.6131637e+04   1.2957852e+01  -1.6703140e+02   1.4737629e+00
   2.1451200e+00   3.6432312e+04   1.2943178e+01   1.3444766e+02   1.4908916e+00
   2.1455400e+00   3.5356389e+04   1.3276240e+01  -6.6285565e+02   1.4945934e+00
   2.1459500e+00   3.4979485e+04   1.3043840e+01  -5.1504977e+02   1.4969642e+00
   2.1463700e+00   3.5171259e+04   1.2694470e+01   3.3906636e+02   1.4892910e+00
   2.1467900e+00   3.5232830e+04   1.2609870e+01   1.0196434e+03   1.4686031e+00
   2.1472000e+00   3.5616372e+04   1.2587710e+01   1.7496084e+03   1.4585153e+00
   2.1476200e+00   3.5348991e+04   1.2783997e+01   1.3232144e+03   1.4544382e+00
   2.1480400e+00   3.5877957e+04   1.2852046e+01   1.0104427e+03   1.4677979e+00
   2.1484600e+00   3.5855570e+04   1.2936083e+01  -5.9740432e+02   1.4784656e+00
   2.1488700e+00   3.5880568e+04   1.2694531e+01  -2.8028866e+03   1.4892644e+00
   2.1492900e+00   3.6237760e+04   1.2951373e+01  -5.0560377e+03   1.4958141e+00
   2.1497100e+00   3.7085299e+04   1.3185325e+01  -6.8089993e+03   1.4891295e+00
   2.1501300e+00   4.5887194e+04   1.6587049e+01  -1.7141873e+02   1.4742869e+00
   2.1505500e+00   5.9211856e+04   2.0713143e+01   1.1777306e+04   1.4578597e+00
   2.1509600e+00   5.9826687e+04   2.1104614e+01   1.1988798e+04   1.4515093e+00
   2.1513800e+00   4.8651383e+04   1.7598184e+01   1.3563701e+03   1.4562556e+00
   2.1518000e+00   3.7951124e+04   1.3498243e+01  -8.0710992e+03   1.4671607e+00
   2.1522200e+00   3.7233518e+04   1.3162475e+01  -7.1169981e+03   1.4801702e+00
   2.1526400e+00   3.7036799e+04   1.3093090e+01  -5.5836528e+03   1.4864657e+00
   2.1530600e+00   3.8540415e+04   1.3901605e+01  -2.5468960e+03   1.4808325e+00
   2.1534700e+00   4.4062879e+04   1.5695498e+01   4.1901185e+03   1.4725638e+00
   2.1538900e+00   4.5017505e+04   1.5814863e+01   6.0447393e+03   1.4555772e+00
   2.1543100e+00   4.2136675e+04   1.4859939e+01   3.8310742e+03   1.4433384e+00
   2.1547300e+00   3.7148002e+04   1.3300426e+01  -6.2548604e+02   1.4431189e+00
   2.1551500e+00   3.6329348e+04   1.2864707e+01  -9.8257454e+02   1.4513106e+00
   2.1555700e+00   3.5312019e+04   1.2539642e+01  -1.5963269e+03   1.4677321e+00
   2.1559900e+00   3.5037250e+04   1.2352088e+01  -1.5526302e+03   1.4778935e+00
   2.1564100e+00   3.5389516e+04   1.2691804e+01  -1.0039324e+03   1.4794918e+00
   2.1568300e+00   3.5657907e+04   1.2627232e+01  -6.7816171e+02   1.4692871e+00
   2.1572500e+00   3.6129264e+04   1.2920543e+01  -2.6869747e+02   1.4537141e+00
   2.1576700e+00   3.7485306e+04   1.3386163e+01   9.6096859e+02   1.4377766e+00
   2.1580900e+00   3.8674700e+04   1.3695766e+01   2.0321068e+03   1.4312644e+00
   2.1585100e+00   3.7838655e+04   1.3416458e+01   1.1528977e+03   1.4387948e+00
   2.1589300e+00   3.5817161e+04   1.2809466e+01  -7.9558677e+02   1.4490226e+00
   2.1593500e+00   3.5698120e+04   1.2748380e+01  -7.2118898e+02   1.4654502e+00
   2.1597700e+00   3.5729985e+04   1.2762436e+01  -4.0672955e+02   1.4676111e+00
   2.1601900e+00   3.5522492e+04   1.2644491e+01  -2.9730884e+02   1.4593162e+00
   2.1606100e+00   3.5536598e+04   1.2598065e+01   6.5545699e+00   1.4491108e+00
   2.1610300e+00   3.5418815e+04   1.2682001e+01   9.8968372e+01   1.4361583e+00
   2.1614500e+00   3.5027393e+04   1.2403973e+01  -1.9426651e+02   1.4252383e+00
   2.1618800e+00   3.5772776e+04   1.2671989e+01   5.2896286e+02   1.4291768e+00
   2.1623000e+00   3.5400559e+04   1.2592437e+01   2.8196164e+01   1.4395404e+00
   2.1627200e+00   3.5125321e+04   1.2449809e+01  -4.5184753e+02   1.4565352e+00
   2.1631400e+00   3.5810249e+04   1.2646695e+01  -1.0099406e+01   1.4645883e+00
   2.1635600e+00   3.6280031e+04   1.2815144e+01   2.1538854e+02   1.4636243e+00
   2.1639800e+00   3.7191167e+04   1.3089107e+01   9.1172991e+02   1.4566185e+00
   2.1644000e+00   3.6317976e+04   1.2902179e+01  -1.2547611e+02   1.4388011e+00
   2.1648300e+00   3.6094038e+04   1.2770328e+01  -4.5082288e+02   1.4277717e+00
   2.1652500e+00   3.6040878e+04   1.2750618e+01  -5.3918475e+02   1.4251888e+00
   2.1656700e+00   3.5999238e+04   1.2695876e+01  -5.5334276e+02   1.4338554e+00
   2.1660900e+00   3.6679536e+04   1.3119222e+01   2.0635663e+02   1.4469949e+00
   2.1665100e+00   3.6673154e+04   1.3047119e+01   3.1166226e+02   1.4596085e+00
   2.1669400e+00   3.6832915e+04   1.3194031e+01   5.8515539e+02   1.4670212e+00
   2.1673600e+00   3.6182473e+04   1.2948620e+01   1.0202950e+01   1.4584962e+00
   2.1677800e+00   3.6306033e+04   1.2852194e+01   1.2534230e+02   1.4440149e+00
   2.1682000e+00   3.6880875e+04   1.3033058e+01   5.6646725e+02   1.4313201e+00
   2.1686300e+00   3.6947836e+04   1.3331774e+01   3.5054162e+02   1.4226400e+00
   2.1690500e+00   3.6115173e+04   1.2900035e+01  -9.0747902e+02   1.4279140e+00
   2.1694700e+00   3.6626971e+04   1.2991693e+01  -9.1941205e+02   1.4441255e+00
   2.1699000e+00   3.6839421e+04   1.2967215e+01  -1.2511821e+03   1.4604257e+00
   2.1703200e+00   3.7508012e+04   1.3222661e+01  -1.0509733e+03   1.4684472e+00
   2.1707400e+00   4.0238042e+04   1.4287835e+01   1.3765901e+03   1.4634280e+00
   2.1711700e+00   4.1407146e+04   1.4559443e+01   2.4664946e+03   1.4507159e+00
   2.1715900e+00   4.0697889e+04   1.4347797e+01   1.9075561e+03   1.4382910e+00
   2.1720100e+00   3.7577055e+04   1.3306435e+01  -8.8136317e+02   1.4269274e+00
   2.1724400e+00   3.6974678e+04   1.3108490e+01  -1.0588259e+03   1.4266269e+00
   2.1728600e+00   3.6346961e+04   1.2786986e+01  -1.2706934e+03   1.4356476e+00
   2.1732900e+00   3.6841535e+04   1.2955353e+01  -4.5285337e+02   1.4541068e+00
   2.1737100e+00   3.6851958e+04   1.3080956e+01  -2.5107212e+02   1.4638743e+00
   2.1741300e+00   3.7648949e+04   1.3216821e+01   6.1949764e+02   1.4672785e+00
   2.1745600e+00   3.6444302e+04   1.2973400e+01  -5.7173332e+02   1.4538495e+00
   2.1749800e+00   3.6671745e+04   1.3084058e+01  -3.1709176e+02   1.4370544e+00
   2.1754100e+00   3.6955603e+04   1.3078996e+01   6.2079105e+01   1.4236525e+00
   2.1758300e+00   3.7311103e+04   1.3260876e+01   5.8263247e+02   1.4147367e+00
   2.1762600e+00   3.7725302e+04   1.3295405e+01   1.1624102e+03   1.4265280e+00
   2.1766800e+00   3.7824464e+04   1.3448905e+01   1.2927158e+03   1.4382608e+00
   2.1771100e+00   3.8010040e+04   1.3460509e+01   1.2056825e+03   1.4498993e+00
   2.1775300e+00   3.7980746e+04   1.3480545e+01   4.4885759e+02   1.4628924e+00
   2.1779600e+00   3.7655257e+04   1.3348014e+01  -1.1319994e+03   1.4515738e+00
   2.1783800e+00   3.8138559e+04   1.3400698e+01  -2.3783313e+03   1.4396237e+00
   2.1788100e+00   3.8442912e+04   1.3564133e+01  -4.0809086e+03   1.4266393e+00
   2.1792300e+00   4.0123670e+04   1.4039113e+01  -4.3708287e+03   1.4156821e+00
   2.1796600e+00   4.6600309e+04   1.6745341e+01   5.3181958e+02   1.4135359e+00
   2.1800800e+00   5.5675366e+04   1.9361683e+01   8.7426314e+03   1.4256767e+00
   2.1805100e+00   5.4426388e+04   1.9001087e+01   7.5184491e+03   1.4383609e+00
   2.1809400e+00   4.6023512e+04   1.6206918e+01   2.5114890e+01   1.4521340e+00
   2.1813600e+00   3.9666147e+04   1.3929187e+01  -4.7251097e+03   1.4516236e+00
   2.1817900e+00   3.8061991e+04   1.3374036e+01  -4.3440162e+03   1.4413723e+00
   2.1822100e+00   3.7811854e+04   1.3413450e+01  -2.5977149e+03   1.4256835e+00
   2.1826400e+00   3.8316170e+04   1.3605627e+01  -4.1046494e+02   1.4108585e+00
   2.1830700e+00   3.8379009e+04   1.3649549e+01   8.0472824e+02   1.4039289e+00
   2.1834900e+00   3.8445907e+04   1.3725699e+01   1.4098821e+03   1.4130734e+00
   2.1839200e+00   3.8765221e+04   1.3624134e+01   1.6915085e+03   1.4270629e+00
   2.1843500e+00   3.9279607e+04   1.3852002e+01   1.7155361e+03   1.4415419e+00
   2.1847700e+00   3.9053028e+04   1.3647219e+01   7.1059817e+02   1.4418230e+00
   2.1852000e+00   3.8646293e+04   1.3642310e+01  -5.9362247e+02   1.4375341e+00
   2.1856300e+00   3.8567526e+04   1.3672692e+01  -1.5403027e+03   1.4217956e+00
   2.1860600e+00   3.8867459e+04   1.3548873e+01  -1.9624495e+03   1.4056082e+00
   2.1864800e+00   3.9202975e+04   1.3991130e+01  -2.1241635e+03   1.3930337e+00
   2.1869100e+00   4.2540408e+04   1.5230176e+01   9.8008469e+02   1.3962292e+00
   2.1873400e+00   4.5364834e+04   1.5833898e+01   3.8338485e+03   1.4059004e+00
   2.1877600e+00   4.3901768e+04   1.5264680e+01   2.6247459e+03   1.4225065e+00
   2.1881900e+00   4.0130838e+04   1.4334140e+01  -7.2997914e+02   1.4233302e+00
   2.1886200e+00   3.7932134e+04   1.3471044e+01  -2.4193974e+03   1.4226906e+00
   2.1890500e+00   3.7756535e+04   1.3511096e+01  -2.0489416e+03   1.4042052e+00
   2.1894800e+00   3.8713211e+04   1.3705378e+01  -5.3824969e+02   1.3938075e+00
   2.1899000e+00   3.8955830e+04   1.3739490e+01   2.6681973e+02   1.3808289e+00
   2.1903300e+00   3.7977223e+04   1.3307381e+01  -1.2616491e+02   1.3761374e+00
   2.1907600e+00   3.7531150e+04   1.3351159e+01   3.7393605e+01   1.3806030e+00
   2.1911900e+00   3.8359862e+04   1.3478181e+01   1.4563959e+03   1.3912311e+00
   2.1916200e+00   3.8110144e+04   1.3296980e+01   1.6726270e+03   1.3972865e+00
   2.1920500e+00   3.7263443e+04   1.3171111e+01   1.0078933e+03   1.3969711e+00
   2.1924800e+00   3.7507738e+04   1.3246814e+01   9.7061043e+02   1.3861137e+00
   2.1929000e+00   3.7524802e+04   1.3215599e+01   9.9775865e+01   1.3712582e+00
   2.1933300e+00   3.7964901e+04   1.3279774e+01  -9.9691646e+02   1.3581380e+00
   2.1937600e+00   3.8440970e+04   1.3461686e+01  -2.6010778e+03   1.3509452e+00
   2.1941900e+00   3.8710390e+04   1.3703328e+01  -4.6913277e+03   1.3508822e+00
   2.1946200e+00   3.9947463e+04   1.4092131e+01  -5.7099443e+03   1.3544337e+00
   2.1950500e+00   4.9536547e+04   1.7687363e+01   2.1441147e+03   1.3628308e+00
   2.1954800e+00   5.8556464e+04   2.0554486e+01   1.0290843e+04   1.3655654e+00
   2.1959100e+00   5.6537933e+04   1.9770747e+01   8.4325735e+03   1.3614783e+00
   2.1963400e+00   4.5376811e+04   1.6220953e+01  -1.5805629e+03   1.3518220e+00
   2.1967700e+00   3.9515122e+04   1.3986611e+01  -5.5581080e+03   1.3361915e+00
   2.1972000e+00   3.9022832e+04   1.3713436e+01  -3.8187912e+03   1.3247355e+00
   2.1976300e+00   3.7945831e+04   1.3406512e+01  -2.7366006e+03   1.3182332e+00
   2.1980600e+00   3.8449957e+04   1.3507359e+01  -4.8990798e+02   1.3199748e+00
   2.1984900e+00   3.8569021e+04   1.3617630e+01   7.5929235e+02   1.3288676e+00
   2.1989200e+00   3.8970683e+04   1.3724467e+01   1.6531115e+03   1.3353511e+00
   2.1993500e+00   3.8559863e+04   1.3577433e+01   1.2147457e+03   1.3365393e+00
   2.1997800e+00   3.8821240e+04   1.3769800e+01   1.1314274e+03   1.3310322e+00
   2.2002100e+00   3.8596474e+04   1.3625203e+01   4.6149079e+02   1.3130667e+00
   2.2006400e+00   3.7889713e+04   1.3298907e+01  -6.2027179e+02   1.2965921e+00
   2.2010700e+00   3.8728243e+04   1.3689458e+01   1.3527908e+00   1.2927257e+00
   2.2015000e+00   3.8626834e+04   1.3781848e+01  -1.6157244e+02   1.2934732e+00
   2.2019300e+00   3.8638131e+04   1.3610336e+01  -1.3147233e+02   1.2995429e+00
   2.2023600e+00   3.8697949e+04   1.3703814e+01  -8.4261918e+01   1.3030611e+00
   2.2027900e+00   3.8944573e+04   1.3913156e+01   1.1608213e+01   1.3079073e+00
   2.2032300e+00   3.9126015e+04   1.3949492e+01  -1.6075097e+02   1.3039941e+00
   2.2036600e+00   3.8926208e+04   1.3715375e+01  -9.1772935e+02   1.2955653e+00
   2.2040900e+00   3.8947349e+04   1.3762404e+01  -1.5896289e+03   1.2792988e+00
   2.2045200e+00   4.0741765e+04   1.4423344e+01  -5.0547632e+02   1.2667474e+00
   2.2049500e+00   4.4246323e+04   1.5657891e+01   2.4103757e+03   1.2659295e+00
   2.2053800e+00   4.4850619e+04   1.5695129e+01   2.6716381e+03   1.2693015e+00
   2.2058100e+00   4.2861710e+04   1.5094603e+01   6.6630104e+02   1.2768188e+00
   2.2062500e+00   4.0201367e+04   1.4149424e+01  -1.6621729e+03   1.2823795e+00
   2.2066800e+00   3.9875908e+04   1.4583418e+01  -1.3470601e+03   1.2839265e+00
   2.2071100e+00   3.9085770e+04   1.3663923e+01  -1.2784879e+03   1.2759874e+00
   2.2075400e+00   3.8753412e+04   1.3720935e+01  -6.5912807e+02   1.2649351e+00
   2.2079800e+00   3.8736485e+04   1.3842216e+01   2.2491931e+02   1.2522257e+00
   2.2084100e+00   3.8742334e+04   1.3576115e+01   9.3161417e+02   1.2468176e+00
   2.2088400e+00   3.9138724e+04   1.3848758e+01   1.6862797e+03   1.2447856e+00
   2.2092700e+00   3.8956535e+04   1.3592804e+01   1.4005994e+03   1.2496709e+00
   2.2097100e+00   3.8601763e+04   1.3471566e+01   4.0714482e+02   1.2580613e+00
   2.2101400e+00   3.8986098e+04   1.3698508e+01  -3.8387690e+02   1.2657852e+00
   2.2105700e+00   4.0291544e+04   1.4013431e+01  -6.9825417e+02   1.2607063e+00
   2.2110000e+00   4.0006175e+04   1.4017683e+01  -2.8554968e+03   1.2499298e+00
   2.2114400e+00   3.9670383e+04   1.4001467e+01  -5.0418331e+03   1.2374053e+00
   2.2118700e+00   4.4710334e+04   1.6472200e+01  -1.5259967e+03   1.2278729e+00
   2.2123000e+00   5.3019459e+04   1.8780177e+01   5.8525457e+03   1.2239880e+00
   2.2127400e+00   5.5055098e+04   1.9281728e+01   7.7125422e+03   1.2319240e+00
   2.2131700e+00   4.8561504e+04   1.7063970e+01   1.8112042e+03   1.2392822e+00
   2.2136000e+00   4.1965766e+04   1.4720859e+01  -3.5646040e+03   1.2467677e+00
   2.2140400e+00   4.0046909e+04   1.4022041e+01  -3.8935911e+03   1.2463364e+00
   2.2144700e+00   4.0193648e+04   1.4034264e+01  -2.0950525e+03   1.2414953e+00
   2.2149000e+00   4.0154194e+04   1.4122569e+01  -7.0167795e+02   1.2327306e+00
   2.2153400e+00   3.9981317e+04   1.4049953e+01   1.4720509e+02   1.2201532e+00
   2.2157700e+00   4.0316939e+04   1.4361591e+01   1.0191783e+03   1.2108935e+00
   2.2162100e+00   4.0429662e+04   1.4154469e+01   1.2201382e+03   1.2155170e+00
   2.2166400e+00   4.0697889e+04   1.4328416e+01   1.2450382e+03   1.2200205e+00
   2.2170800e+00   3.9983433e+04   1.4077119e+01   1.0732946e+02   1.2312641e+00
   2.2175100e+00   4.0335256e+04   1.4132983e+01   6.3560569e-01   1.2344734e+00
   2.2179400e+00   4.0157561e+04   1.4091827e+01  -5.6272060e+02   1.2348567e+00
   2.2183800e+00   4.0804307e+04   1.4263163e+01  -1.7029243e+02   1.2262014e+00
   2.2188100e+00   4.0944956e+04   1.4291202e+01  -1.4161139e+02   1.2164701e+00
   2.2192500e+00   4.0829565e+04   1.4302185e+01  -2.5097606e+02   1.2065174e+00
   2.2196800e+00   4.0854358e+04   1.4246583e+01  -1.4592034e+02   1.2037422e+00
   2.2201200e+00   4.0460207e+04   1.4235928e+01   0.0000000e+00   1.2060427e+00
   2.2205500e+00   4.0873511e+04   1.4398882e+01   0.0000000e+00   1.2146215e+00
   2.2209900e+00   4.0913784e+04   1.4438383e+01   0.0000000e+00   1.2188146e+00
   2.2214200e+00   4.1359266e+04   1.4574339e+01   0.0000000e+00   1.2245088e+00
   2.2218600e+00   4.1573957e+04   1.4596853e+01   0.0000000e+00   1.2195202e+00
   2.2222900e+00   4.1664987e+04   1.4797822e+01   0.0000000e+00   1.2071468e+00
   2.2227300e+00   4.1288214e+04   1.4619711e+01   0.0000000e+00   1.1906089e+00
   2.2231700e+00   4.1050388e+04   1.4599668e+01   0.0000000e+00   1.1901792e+00
   2.2236000e+00   4.1228970e+04   1.4867257e+01   0.0000000e+00   1.1882693e+00
   2.2240400e+00   4.2126041e+04   1.4723108e+01   0.0000000e+00   1.1917589e+00
   2.2244700e+00   4.4057243e+04   1.5399263e+01   0.0000000e+00   1.2004191e+00
   2.2249100e+00   4.4620860e+04   1.5468689e+01   0.0000000e+00   1.2066455e+00
   2.2253400e+00   4.3559332e+04   1.5212824e+01   0.0000000e+00   1.2069775e+00
   2.2257800e+00   4.1470884e+04   1.4657007e+01   0.0000000e+00   1.1978072e+00
   2.2262200e+00   4.1225821e+04   1.4400730e+01   0.0000000e+00   1.1881189e+00
   2.2266500e+00   4.1475115e+04   1.4684121e+01   0.0000000e+00   1.1782975e+00
   2.2270900e+00   4.2311881e+04   1.4875637e+01   0.0000000e+00   1.1733280e+00
   2.2275300e+00   4.1181670e+04   1.4305947e+01   0.0000000e+00   1.1753334e+00
   2.2279600e+00   4.1033606e+04   1.4723531e+01   0.0000000e+00   1.1802228e+00
   2.2284000e+00   4.1277201e+04   1.4514435e+01   0.0000000e+00   1.1902579e+00
   2.2288400e+00   4.0991870e+04   1.4272281e+01   0.0000000e+00   1.1964463e+00
   2.2292700e+00   4.1650732e+04   1.4735770e+01   0.0000000e+00   1.1925045e+00
   2.2297100e+00   4.2073904e+04   1.4739357e+01   0.0000000e+00   1.1825550e+00
   2.2301500e+00   4.1268043e+04   1.4462048e+01   0.0000000e+00   1.1676641e+00
   2.2305800e+00   4.5151364e+04   1.5792593e+01   0.0000000e+00   1.1602363e+00
   2.2310200e+00   4.9204476e+04   1.7141169e+01   0.0000000e+00   1.1599358e+00
   2.2314600e+00   5.0478522e+04   1.7550228e+01   0.0000000e+00   1.1630552e+00
   2.2319000e+00   4.6844172e+04   1.6338358e+01   0.0000000e+00   1.1718484e+00
   2.2323300e+00   4.2915607e+04   1.4867855e+01   0.0000000e+00   1.1812823e+00
   2.2327700e+00   4.1993303e+04   1.4641968e+01   0.0000000e+00   1.1801295e+00
   2.2332100e+00   4.2627554e+04   1.4859470e+01   0.0000000e+00   1.1768379e+00
   2.2336500e+00   4.2026812e+04   1.4812578e+01   0.0000000e+00   1.1628326e+00
   2.2340900e+00   4.2879342e+04   1.4879950e+01   0.0000000e+00   1.1566618e+00
   2.2345200e+00   4.3006097e+04   1.4905617e+01   0.0000000e+00   1.1562370e+00
   2.2349600e+00   4.2693422e+04   1.4908812e+01   0.0000000e+00   1.1551870e+00
   2.2354000e+00   4.2226951e+04   1.4725577e+01   0.0000000e+00   1.1604828e+00
   2.2358400e+00   4.2190982e+04   1.4724648e+01   0.0000000e+00   1.1666429e+00
   2.2362800e+00   4.1559114e+04   1.4527733e+01   0.0000000e+00   1.1725289e+00
   2.2367200e+00   4.2682342e+04   1.5077522e+01   0.0000000e+00   1.1716762e+00
   2.2371500e+00   4.2348074e+04   1.4866409e+01   0.0000000e+00   1.1607966e+00
   2.2375900e+00   4.2103368e+04   1.4728324e+01   0.0000000e+00   1.1505399e+00
   2.2380300e+00   4.2455366e+04   1.4792350e+01   0.0000000e+00   1.1426114e+00
   2.2384700e+00   4.1949068e+04   1.4771428e+01   0.0000000e+00   1.1414516e+00
   2.2389100e+00   4.1712293e+04   1.4829887e+01   0.0000000e+00   1.1470389e+00
   2.2393500e+00   4.2277136e+04   1.4662517e+01   0.0000000e+00   1.1538258e+00
   2.2397900e+00   4.2412699e+04   1.4817646e+01   0.0000000e+00   1.1617390e+00
   2.2402300e+00   4.2027899e+04   1.4731396e+01   0.0000000e+00   1.1638875e+00
   2.2406700e+00   4.1498390e+04   1.4521127e+01   0.0000000e+00   1.1606600e+00
   2.2411000e+00   4.2565207e+04   1.5019181e+01   0.0000000e+00   1.1489167e+00
   2.2415400e+00   4.2276917e+04   1.5335224e+01   0.0000000e+00   1.1379168e+00
   2.2419800e+00   4.1676122e+04   1.4693578e+01   0.0000000e+00   1.1324063e+00
   2.2424200e+00   4.1697986e+04   1.4579615e+01   0.0000000e+00   1.1322371e+00
   2.2428600e+00   4.1839409e+04   1.4575228e+01   0.0000000e+00   1.1420891e+00
   2.2433000e+00   4.2252425e+04   1.4762066e+01   0.0000000e+00   1.1457591e+00
   2.2437400e+00   4.1963648e+04   1.4745944e+01   0.0000000e+00   1.1485585e+00
   2.2441800e+00   4.2189600e+04   1.4812981e+01   0.0000000e+00   1.1483443e+00
   2.2446200e+00   4.2045130e+04   1.4697772e+01   0.0000000e+00   1.1422924e+00
   2.2450600e+00   4.2417821e+04   1.4948906e+01   0.0000000e+00   1.1339009e+00
   2.2455000e+00   4.2824330e+04   1.4878078e+01   0.0000000e+00   1.1233317e+00
   2.2459400e+00   4.3603531e+04   1.5204016e+01   0.0000000e+00   1.1208036e+00
   2.2463800e+00   4.3780699e+04   1.5326414e+01   0.0000000e+00   1.1220181e+00
   2.2468200e+00   4.3238589e+04   1.5070641e+01   0.0000000e+00   1.1288847e+00
   2.2472600e+00   4.2346515e+04   1.4755465e+01   0.0000000e+00   1.1356115e+00
   2.2477000e+00   4.2479819e+04   1.4880619e+01   0.0000000e+00   1.1394041e+00
   2.2481500e+00   4.2196602e+04   1.4835658e+01   0.0000000e+00   1.1353180e+00
   2.2485900e+00   4.2016949e+04   1.4664820e+01   0.0000000e+00   1.1211632e+00
   2.2490300e+00   4.1876424e+04   1.4910273e+01   0.0000000e+00   1.1094697e+00
   2.2494700e+00   4.2923070e+04   1.5003230e+01   0.0000000e+00   1.1050566e+00
   2.2499100e+00   4.2444764e+04   1.4864035e+01   0.0000000e+00   1.1084639e+00
   2.2503500e+00   4.2936835e+04   1.4943131e+01   0.0000000e+00   1.1108783e+00
   2.2507900e+00   4.4556748e+04   1.5516061e+01   0.0000000e+00   1.1161114e+00
   2.2512300e+00   4.5801885e+04   1.6009126e+01   0.0000000e+00   1.1237801e+00
   2.2516700e+00   4.6760491e+04   1.6257618e+01   0.0000000e+00   1.1237148e+00
   2.2521200e+00   4.5730818e+04   1.6095217e+01   0.0000000e+00   1.1134287e+00
   2.2525600e+00   4.4589156e+04   1.5596368e+01   0.0000000e+00   1.1051586e+00
   2.2530000e+00   4.3478836e+04   1.5337907e+01   0.0000000e+00   1.0944026e+00
   2.2534400e+00   4.3559851e+04   1.5297474e+01   0.0000000e+00   1.0882502e+00
   2.2538800e+00   4.3741908e+04   1.5286261e+01   0.0000000e+00   1.0914768e+00
   2.2543200e+00   4.4186377e+04   1.5274755e+01   0.0000000e+00   1.0986667e+00
   2.2547700e+00   4.4655960e+04   1.5589992e+01   0.0000000e+00   1.1042879e+00
   2.2552100e+00   4.4433090e+04   1.5507832e+01   0.0000000e+00   1.1074781e+00
   2.2556500e+00   4.4777282e+04   1.5549082e+01   0.0000000e+00   1.1043692e+00
   2.2560900e+00   4.3594503e+04   1.5357898e+01   0.0000000e+00   1.0976333e+00
   2.2565400e+00   4.4476175e+04   1.5325187e+01   0.0000000e+00   1.0872380e+00
   2.2569800e+00   4.4397825e+04   1.5435582e+01   0.0000000e+00   1.0795031e+00
   2.2574200e+00   4.4894615e+04   1.5565882e+01   0.0000000e+00   1.0781986e+00
   2.2578600e+00   4.4120647e+04   1.5345498e+01   0.0000000e+00   1.0788265e+00
   2.2583100e+00   4.4841047e+04   1.5569777e+01   0.0000000e+00   1.0856372e+00
   2.2587500e+00   4.4603769e+04   1.5542334e+01   0.0000000e+00   1.0914800e+00
   2.2591900e+00   4.4774455e+04   1.5654125e+01   0.0000000e+00   1.0923304e+00
   2.2596300e+00   4.5078094e+04   1.5756681e+01   0.0000000e+00   1.0875000e+00
   2.2600800e+00   4.4703214e+04   1.5725619e+01   0.0000000e+00   1.0778500e+00
   2.2605200e+00   4.5281550e+04   1.5690882e+01   0.0000000e+00   1.0699468e+00
   2.2609600e+00   4.5021681e+04   1.5652220e+01   0.0000000e+00   1.0626881e+00
   2.2614100e+00   4.5041459e+04   1.6075972e+01   0.0000000e+00   1.0603917e+00
   2.2618500e+00   4.5836864e+04   1.6127736e+01   0.0000000e+00   1.0631388e+00
   2.2622900e+00   4.6047444e+04   1.5997454e+01   0.0000000e+00   1.0728248e+00
   2.2627400e+00   4.5887392e+04   1.5993840e+01   0.0000000e+00   1.0749752e+00
   2.2631800e+00   4.5937180e+04   1.5852481e+01   0.0000000e+00   1.0683841e+00
   2.2636200e+00   4.5014951e+04   1.5673341e+01   0.0000000e+00   1.0638752e+00
   2.2640700e+00   4.6411049e+04   1.6260390e+01   0.0000000e+00   1.0544070e+00
   2.2645100e+00   4.7271061e+04   1.6333083e+01   0.0000000e+00   1.0507136e+00
   2.2649600e+00   4.6575752e+04   1.6239047e+01   0.0000000e+00   1.0467784e+00
   2.2654000e+00   4.7021447e+04   1.6181978e+01   0.0000000e+00   1.0461772e+00
   2.2658400e+00   4.6244457e+04   1.6053104e+01   0.0000000e+00   1.0526025e+00
   2.2662900e+00   4.6150464e+04   1.5970834e+01   0.0000000e+00   1.0571753e+00
   2.2667300e+00   4.6512981e+04   1.6021716e+01   0.0000000e+00   1.0589401e+00
   2.2671800e+00   4.6307484e+04   1.6176942e+01   0.0000000e+00   1.0574480e+00
   2.2676200e+00   4.7497562e+04   1.6313168e+01   0.0000000e+00   1.0496157e+00
   2.2680700e+00   4.7979939e+04   1.6435575e+01   0.0000000e+00   1.0385162e+00
   2.2685100e+00   4.8609034e+04   1.6803472e+01   0.0000000e+00   1.0313071e+00
   2.2689600e+00   4.8703645e+04   1.6908467e+01   0.0000000e+00   1.0290860e+00
   2.2694000e+00   4.8143605e+04   1.6556573e+01   0.0000000e+00   1.0341065e+00
   2.2698400e+00   4.7196590e+04   1.6299500e+01   0.0000000e+00   1.0379621e+00
   2.2702900e+00   4.7384011e+04   1.6411954e+01   0.0000000e+00   1.0434515e+00
   2.2707300e+00   4.6783106e+04   1.6175566e+01   0.0000000e+00   1.0440694e+00
   2.2711800e+00   4.7069776e+04   1.6355845e+01   0.0000000e+00   1.0407540e+00
   2.2716300e+00   4.7151737e+04   1.6387160e+01   0.0000000e+00   1.0311864e+00
   2.2720700e+00   4.7413582e+04   1.6543532e+01   0.0000000e+00   1.0230389e+00
   2.2725200e+00   4.7169604e+04   1.6379400e+01   0.0000000e+00   1.0156182e+00
   2.2729600e+00   4.7389678e+04   1.6380955e+01   0.0000000e+00   1.0160657e+00
   2.2734100e+00   4.8445002e+04   1.6696583e+01   0.0000000e+00   1.0214704e+00
   2.2738500e+00   4.8934937e+04   1.6799404e+01   0.0000000e+00   1.0260232e+00
   2.2743000e+00   4.9403953e+04   1.6973247e+01   0.0000000e+00   1.0318671e+00
   2.2747400e+00   4.8598515e+04   1.6800909e+01   0.0000000e+00   1.0293649e+00
   2.2751900e+00   4.8809554e+04   1.6823329e+01   0.0000000e+00   1.0271004e+00
   2.2756300e+00   4.8969496e+04   1.7000811e+01   0.0000000e+00   1.0183223e+00
   2.2760800e+00   4.8837984e+04   1.6954765e+01   0.0000000e+00   1.0107334e+00
   2.2765300e+00   4.9075736e+04   1.6869248e+01   0.0000000e+00   1.0079931e+00
   2.2769700e+00   4.8322376e+04   1.6800642e+01   0.0000000e+00   1.0067001e+00
   2.2774200e+00   4.8596957e+04   1.6872196e+01   0.0000000e+00   1.0133591e+00
   2.2778700e+00   4.8695339e+04   1.6858577e+01   0.0000000e+00   1.0184849e+00
   2.2783100e+00   4.8738402e+04   1.7091512e+01   0.0000000e+00   1.0209194e+00
   2.2787600e+00   4.9017778e+04   1.7081171e+01   0.0000000e+00   1.0203788e+00
   2.2792000e+00   4.9325679e+04   1.7075067e+01   0.0000000e+00   1.0153710e+00
   2.2796500e+00   4.9310139e+04   1.6911730e+01   0.0000000e+00   1.0063623e+00
   2.2801000e+00   4.9461081e+04   1.7080882e+01   0.0000000e+00   1.0002064e+00
   2.2805400e+00   4.9477303e+04   1.7257138e+01   0.0000000e+00   9.9968985e-01
   2.2809900e+00   4.9853340e+04   1.7391792e+01   0.0000000e+00   1.0036559e+00
   2.2814400e+00   4.9749312e+04   1.7114215e+01   0.0000000e+00   1.0088396e+00
   2.2818900e+00   4.9796618e+04   1.7061456e+01   0.0000000e+00   1.0147406e+00
   2.2823300e+00   4.9964659e+04   1.7239005e+01   0.0000000e+00   1.0158282e+00
   2.2827800e+00   5.0160726e+04   1.7379249e+01   0.0000000e+00   1.0110455e+00
   2.2832300e+00   5.0246286e+04   1.7458269e+01   0.0000000e+00   1.0029962e+00
   2.2836700e+00   5.0243645e+04   1.7255827e+01   0.0000000e+00   9.9601956e-01
   2.2841200e+00   5.0523148e+04   1.7561052e+01   0.0000000e+00   9.9002858e-01
   2.2845700e+00   5.1304654e+04   1.7792838e+01   0.0000000e+00   9.8959118e-01
   2.2850200e+00   5.0826517e+04   1.7808426e+01   0.0000000e+00   9.9412936e-01
   2.2854600e+00   5.1469946e+04   1.7654028e+01   0.0000000e+00   1.0022036e+00
   2.2859100e+00   5.1384535e+04   1.7798632e+01   0.0000000e+00   1.0063267e+00
   2.2863600e+00   5.2068701e+04   1.7871056e+01   0.0000000e+00   1.0040123e+00
   2.2868100e+00   5.2043138e+04   1.7921768e+01   0.0000000e+00   9.9991792e-01
   2.2872500e+00   5.1882303e+04   1.7851644e+01   0.0000000e+00   9.9133125e-01
   2.2877000e+00   5.2216973e+04   1.7910847e+01   0.0000000e+00   9.8300606e-01
   2.2881500e+00   5.2476273e+04   1.8045941e+01   0.0000000e+00   9.7871244e-01
   2.2886000e+00   5.3123547e+04   1.8084485e+01   0.0000000e+00   9.8216610e-01
   2.2890500e+00   5.3413735e+04   1.8299247e+01   0.0000000e+00   9.8455004e-01
   2.2895000e+00   5.3151789e+04   1.8307075e+01   0.0000000e+00   9.9000222e-01
   2.2899400e+00   5.3029061e+04   1.8460258e+01   0.0000000e+00   9.9125561e-01
   2.2903900e+00   5.3544694e+04   1.8545507e+01   0.0000000e+00   9.9294413e-01
   2.2908400e+00   5.3807766e+04   1.8457096e+01   0.0000000e+00   9.8557255e-01
   2.2912900e+00   5.3700931e+04   1.8653081e+01   0.0000000e+00   9.7584034e-01
   2.2917400e+00   5.3719867e+04   1.8519182e+01   0.0000000e+00   9.7057331e-01
   2.2921900e+00   5.3697913e+04   1.8516684e+01   0.0000000e+00   9.6927883e-01
   2.2926400e+00   5.3945904e+04   1.8607801e+01   0.0000000e+00   9.7005619e-01
   2.2930800e+00   5.4363225e+04   1.8646151e+01   0.0000000e+00   9.7715935e-01
   2.2935300e+00   5.4206310e+04   1.8671944e+01   0.0000000e+00   9.8087243e-01
   2.2939800e+00   5.4752685e+04   1.8641245e+01   0.0000000e+00   9.8385342e-01
   2.2944300e+00   5.5116114e+04   1.8961166e+01   0.0000000e+00   9.8123564e-01
   2.2948800e+00   5.4989827e+04   1.9083339e+01   0.0000000e+00   9.7599206e-01
   2.2953300e+00   5.5396778e+04   1.8949155e+01   0.0000000e+00   9.6677986e-01
   2.2957800e+00   5.4727923e+04   1.8949007e+01   0.0000000e+00   9.6313487e-01
   2.2962300e+00   5.4623783e+04   1.8751981e+01   0.0000000e+00   9.5847303e-01
   2.2966800e+00   5.3353015e+04   1.8428424e+01   0.0000000e+00   9.6255031e-01
   2.2971300e+00   5.4302392e+04   1.8746459e+01   0.0000000e+00   9.7047739e-01
   2.2975800e+00   5.5068911e+04   1.8882946e+01   0.0000000e+00   9.7329695e-01
   2.2980300e+00   5.5866430e+04   1.9073448e+01   0.0000000e+00   9.7491617e-01
   2.2984800e+00   5.6337631e+04   1.9223660e+01   0.0000000e+00   9.7070581e-01
   2.2989300e+00   5.6210155e+04   1.9209715e+01   0.0000000e+00   9.6078381e-01
   2.2993800e+00   5.6148662e+04   1.9312973e+01   0.0000000e+00   9.5316287e-01
   2.2998300e+00   5.6188665e+04   1.9229527e+01   0.0000000e+00   9.4938004e-01
   2.3002800e+00   5.6608995e+04   1.9283715e+01   0.0000000e+00   9.4944344e-01
   2.3007300e+00   5.6333527e+04   1.9171807e+01   0.0000000e+00   9.5384020e-01
   2.3011800e+00   5.6688864e+04   1.9353453e+01   0.0000000e+00   9.6058548e-01
   2.3016300e+00   5.6829921e+04   1.9368289e+01   0.0000000e+00   9.6313724e-01
   2.3020800e+00   5.6718196e+04   1.9500308e+01   0.0000000e+00   9.6203535e-01
   2.3025300e+00   5.6408206e+04   1.9313371e+01   0.0000000e+00   9.5648265e-01
   2.3029800e+00   5.7469715e+04   1.9467136e+01   0.0000000e+00   9.4998538e-01
   2.3034300e+00   5.7500109e+04   1.9692517e+01   0.0000000e+00   9.4197768e-01
   2.3038800e+00   5.7377526e+04   1.9548761e+01   0.0000000e+00   9.3981948e-01
   2.3043300e+00   5.7524629e+04   1.9547083e+01   0.0000000e+00   9.4118325e-01
   2.3047800e+00   5.7984477e+04   1.9756203e+01   0.0000000e+00   9.4791033e-01
   2.3052300e+00   5.8034467e+04   1.9742695e+01   0.0000000e+00   9.5396219e-01
   2.3056800e+00   5.7787786e+04   1.9549936e+01   0.0000000e+00   9.5440279e-01
   2.3061300e+00   5.7212770e+04   1.9799003e+01   0.0000000e+00   9.5133518e-01
   2.3065800e+00   5.7577712e+04   1.9857578e+01   0.0000000e+00   9.4575765e-01
   2.3070300e+00   5.8541497e+04   1.9980364e+01   0.0000000e+00   9.3715492e-01
   2.3074900e+00   5.8855298e+04   2.0167895e+01   0.0000000e+00   9.3211183e-01
   2.3079400e+00   5.8360980e+04   1.9998840e+01   0.0000000e+00   9.3003270e-01
   2.3083900e+00   5.7734820e+04   1.9675523e+01   0.0000000e+00   9.3333524e-01
   2.3088400e+00   5.8624205e+04   2.0197345e+01   0.0000000e+00   9.3622044e-01
   2.3092900e+00   5.8439432e+04   2.0404292e+01   0.0000000e+00   9.4068897e-01
   2.3097400e+00   5.8334091e+04   1.9989221e+01   0.0000000e+00   9.4316901e-01
   2.3101900e+00   5.9052281e+04   2.0335742e+01   0.0000000e+00   9.4075268e-01
   2.3106500e+00   5.8826828e+04   2.0184096e+01   0.0000000e+00   9.3266471e-01
   2.3111000e+00   5.8710217e+04   2.0165804e+01   0.0000000e+00   9.2597851e-01
   2.3115500e+00   5.9011336e+04   2.0231129e+01   0.0000000e+00   9.1975557e-01
   2.3120000e+00   5.8693290e+04   1.9987976e+01   0.0000000e+00   9.1819212e-01
   2.3124500e+00   6.0052378e+04   2.0494230e+01   0.0000000e+00   9.2164740e-01
   2.3129100e+00   5.9043113e+04   2.0242177e+01   0.0000000e+00   9.2525037e-01
   2.3133600e+00   5.8877554e+04   2.0069477e+01   0.0000000e+00   9.2912506e-01
   2.3138100e+00   5.9158074e+04   2.0268817e+01   0.0000000e+00   9.3168223e-01
   2.3142600e+00   5.9440466e+04   2.0362229e+01   0.0000000e+00   9.2883785e-01
   2.3147100e+00   6.0008311e+04   2.0477065e+01   0.0000000e+00   9.1899305e-01
   2.3151700e+00   6.0828194e+04   2.0609176e+01   0.0000000e+00   9.1165622e-01
   2.3156200e+00   6.0531974e+04   2.0540237e+01   0.0000000e+00   9.0746079e-01
   2.3160700e+00   6.1166732e+04   2.0872436e+01   0.0000000e+00   9.0924157e-01
   2.3165200e+00   6.2619633e+04   2.1294705e+01   0.0000000e+00   9.1053106e-01
   2.3169800e+00   6.2570557e+04   2.1367627e+01   0.0000000e+00   9.1704452e-01
   2.3174300e+00   6.2349499e+04   2.1280333e+01   0.0000000e+00   9.2307903e-01
   2.3178800e+00   6.2566022e+04   2.1210627e+01   0.0000000e+00   9.2270077e-01
   2.3183300e+00   6.2156396e+04   2.1167794e+01   0.0000000e+00   9.1751851e-01
   2.3187900e+00   6.1384241e+04   2.1087164e+01   0.0000000e+00   9.1050054e-01
   2.3192400e+00   6.1793897e+04   2.1008469e+01   0.0000000e+00   9.0342824e-01
   2.3196900e+00   6.2248688e+04   2.1135943e+01   0.0000000e+00   9.0150474e-01
   2.3201500e+00   6.2231651e+04   2.1074104e+01   0.0000000e+00   9.0298296e-01
   2.3206000e+00   6.2199173e+04   2.1073310e+01   0.0000000e+00   9.0842190e-01
   2.3210500e+00   6.3002228e+04   2.1521446e+01   0.0000000e+00   9.1398839e-01
   2.3215100e+00   6.3621096e+04   2.1568389e+01   0.0000000e+00   9.1852615e-01
   2.3219600e+00   6.3258614e+04   2.1573135e+01   0.0000000e+00   9.1714290e-01
   2.3224100e+00   6.3815544e+04   2.1763712e+01   0.0000000e+00   9.1055443e-01
   2.3228700e+00   6.4138107e+04   2.1866328e+01   0.0000000e+00   9.0351817e-01
   2.3233200e+00   6.3035141e+04   2.1634715e+01   0.0000000e+00   8.9889540e-01
   2.3237700e+00   6.3779116e+04   2.1884577e+01   0.0000000e+00   8.9862417e-01
   2.3242300e+00   6.3808738e+04   2.1631746e+01   0.0000000e+00   8.9962743e-01
   2.3246800e+00   6.3950500e+04   2.1774327e+01   0.0000000e+00   9.0565905e-01
   2.3251400e+00   6.3789695e+04   2.1699692e+01   0.0000000e+00   9.1097352e-01
   2.3255900e+00   6.4140223e+04   2.1761901e+01   0.0000000e+00   9.1348598e-01
   2.3260400e+00   6.4582438e+04   2.2051279e+01   0.0000000e+00   9.0805233e-01
   2.3265000e+00   6.4365348e+04   2.1795080e+01   0.0000000e+00   9.0409381e-01
   2.3269500e+00   6.4496674e+04   2.1995409e+01   0.0000000e+00   9.0035035e-01
   2.3274100e+00   6.4535183e+04   2.2108600e+01   0.0000000e+00   8.9353520e-01
   2.3278600e+00   6.4794529e+04   2.1969675e+01   0.0000000e+00   8.9278508e-01
   2.3283100e+00   6.4964703e+04   2.2353894e+01   0.0000000e+00   8.9759953e-01
   2.3287700e+00   6.5440772e+04   2.2249554e+01   0.0000000e+00   9.0166624e-01
   2.3292200e+00   6.5330525e+04   2.2257215e+01   0.0000000e+00   9.0580171e-01
   2.3296800e+00   6.5377296e+04   2.2321869e+01   0.0000000e+00   9.0957310e-01
   2.3301300e+00   6.5633422e+04   2.2167983e+01   0.0000000e+00   9.0659617e-01
   2.3305900e+00   6.5463341e+04   2.2186416e+01   0.0000000e+00   8.9820523e-01
   2.3310400e+00   6.5640959e+04   2.2400902e+01   0.0000000e+00   8.9137902e-01
   2.3315000e+00   6.6478570e+04   2.2470052e+01   0.0000000e+00   8.8986311e-01
   2.3319500e+00   6.6453152e+04   2.2604003e+01   0.0000000e+00   8.8950345e-01
   2.3324100e+00   6.5766208e+04   2.2698219e+01   0.0000000e+00   8.9495108e-01
   2.3328600e+00   6.6654571e+04   2.2675381e+01   0.0000000e+00   8.9976670e-01
   2.3333200e+00   6.7383838e+04   2.2904043e+01   0.0000000e+00   9.0310224e-01
   2.3337700e+00   6.6815377e+04   2.3006581e+01   0.0000000e+00   9.0499259e-01
   2.3342300e+00   6.7275481e+04   2.2966913e+01   0.0000000e+00   8.9920142e-01
   2.3346800e+00   6.7765091e+04   2.3004171e+01   0.0000000e+00   8.9050231e-01
   2.3351400e+00   6.8467525e+04   2.3295399e+01   0.0000000e+00   8.8555524e-01
   2.3355900e+00   6.8734315e+04   2.3138016e+01   0.0000000e+00   8.8306948e-01
   2.3360500e+00   6.9105799e+04   2.3416141e+01   0.0000000e+00   8.8604583e-01
   2.3365000e+00   6.9183026e+04   2.3640568e+01   0.0000000e+00   8.9151958e-01
   2.3369600e+00   6.9204184e+04   2.3545323e+01   0.0000000e+00   8.9618004e-01
   2.3374100e+00   6.9381263e+04   2.3568467e+01   0.0000000e+00   8.9765391e-01
   2.3378700e+00   6.9721478e+04   2.3604857e+01   0.0000000e+00   8.9772206e-01
   2.3383200e+00   7.0240956e+04   2.3845615e+01   0.0000000e+00   8.9482882e-01
   2.3387800e+00   7.0349571e+04   2.3832505e+01   0.0000000e+00   8.8759776e-01
   2.3392400e+00   7.0461006e+04   2.3990663e+01   0.0000000e+00   8.8365653e-01
   2.3396900e+00   7.1413102e+04   2.4313227e+01   0.0000000e+00   8.8130276e-01
   2.3401500e+00   7.1043229e+04   2.4035345e+01   0.0000000e+00   8.8197443e-01
   2.3406000e+00   7.1646183e+04   2.4420896e+01   0.0000000e+00   8.8612250e-01
   2.3410600e+00   7.1752682e+04   2.4269751e+01   0.0000000e+00   8.9378082e-01
   2.3415200e+00   7.2099388e+04   2.4312985e+01   0.0000000e+00   8.9540740e-01
   2.3419700e+00   7.2223736e+04   2.4425203e+01   0.0000000e+00   8.9303018e-01
   2.3424300e+00   7.2120442e+04   2.4334633e+01   0.0000000e+00   8.8494945e-01
   2.3428900e+00   7.1628686e+04   2.4086176e+01   0.0000000e+00   8.7728413e-01
   2.3433400e+00   7.1290946e+04   2.4335238e+01   0.0000000e+00   8.7336527e-01
   2.3438000e+00   7.2168979e+04   2.4331717e+01   0.0000000e+00   8.6871404e-01
   2.3442500e+00   7.3034367e+04   2.4827933e+01   0.0000000e+00   8.6973273e-01
   2.3447100e+00   7.2722103e+04   2.4469382e+01   0.0000000e+00   8.7356129e-01
   2.3451700e+00   7.2854440e+04   2.4735077e+01   0.0000000e+00   8.7660094e-01
   2.3456200e+00   7.3365474e+04   2.4812282e+01   0.0000000e+00   8.7878263e-01
   2.3460800e+00   7.3331525e+04   2.5068325e+01   0.0000000e+00   8.7501462e-01
   2.3465400e+00   7.4121987e+04   2.5204211e+01   0.0000000e+00   8.6810513e-01
   2.3470000e+00   7.4041671e+04   2.5280034e+01   0.0000000e+00   8.5544521e-01
   2.3474500e+00   7.5230863e+04   2.5391375e+01   0.0000000e+00   8.5123920e-01
   2.3479100e+00   7.4369978e+04   2.5423312e+01   0.0000000e+00   8.4868987e-01
   2.3483700e+00   7.5409454e+04   2.5370041e+01   0.0000000e+00   8.4710679e-01
   2.3488200e+00   7.5972120e+04   2.5621665e+01   0.0000000e+00   8.4524459e-01
   2.3492800e+00   7.6985162e+04   2.6049714e+01   0.0000000e+00   8.4639816e-01
   2.3497400e+00   7.7892616e+04   2.6308045e+01   0.0000000e+00   8.4291344e-01
   2.3501900e+00   7.7594106e+04   2.6459071e+01   0.0000000e+00   8.3515446e-01
   2.3506500e+00   7.7828474e+04   2.6290887e+01   0.0000000e+00   8.2391294e-01
   2.3511100e+00   7.7723348e+04   2.6260237e+01   0.0000000e+00   8.1062563e-01
   2.3515700e+00   7.9118406e+04   2.6854589e+01   0.0000000e+00   7.9973407e-01
   2.3520200e+00   8.0569766e+04   2.7119599e+01   0.0000000e+00   7.9190487e-01
   2.3524800e+00   8.0031993e+04   2.6935276e+01   0.0000000e+00   7.8712071e-01
   2.3529400e+00   7.9190376e+04   2.6672430e+01   0.0000000e+00   7.8493671e-01
   2.3534000e+00   7.9171302e+04   2.6745813e+01   0.0000000e+00   7.8000778e-01
   2.3538600e+00   7.8268799e+04   2.6350345e+01   0.0000000e+00   7.7258858e-01
   2.3543100e+00   7.7735904e+04   2.6237539e+01   0.0000000e+00   7.6071978e-01
   2.3547700e+00   7.7940576e+04   2.6328681e+01   0.0000000e+00   7.4530090e-01
   2.3552300e+00   7.8254429e+04   2.6459169e+01   0.0000000e+00   7.3101652e-01
   2.3556900e+00   7.9537049e+04   2.7028959e+01   0.0000000e+00   7.1494488e-01
   2.3561400e+00   8.0481044e+04   2.7011842e+01   0.0000000e+00   7.0205201e-01
   2.3566000e+00   8.0006082e+04   2.6939700e+01   0.0000000e+00   6.9286559e-01
   2.3570600e+00   8.0091207e+04   2.7099302e+01   0.0000000e+00   6.8428501e-01
   2.3575200e+00   7.9516387e+04   2.7195960e+01   0.0000000e+00   6.7465112e-01
   2.3579800e+00   8.1061370e+04   2.7887104e+01   0.0000000e+00   6.6483580e-01
   2.3584400e+00   8.1950839e+04   2.7645790e+01   0.0000000e+00   6.5202569e-01
   2.3588900e+00   8.2491275e+04   2.8122086e+01   0.0000000e+00   6.3843828e-01
   2.3593500e+00   8.1329273e+04   2.7397042e+01   0.0000000e+00   6.2940693e-01
   2.3598100e+00   8.1166687e+04   2.7450480e+01   0.0000000e+00   6.2897939e-01
   2.3602700e+00   8.2476008e+04   3.1793739e+01   0.0000000e+00   6.5392549e-01
