   1.9420100e+00   0.0000000e+00   0.0000000e+00   0.0000000e+00   0.0000000e+00
   1.9423500e+00   0.0000000e+00   0.0000000e+00   0.0000000e+00   0.0000000e+00
   1.9426900e+00   0.0000000e+00   0.0000000e+00   0.0000000e+00   0.0000000e+00
   1.9430300e+00   0.0000000e+00   0.0000000e+00   0.0000000e+00   0.0000000e+00
   1.9433700e+00   0.0000000e+00   0.0000000e+00   0.0000000e+00   0.0000000e+00
   1.9437100e+00   0.0000000e+00   0.0000000e+00   0.0000000e+00   0.0000000e+00
   1.9440500e+00   0.0000000e+00   0.0000000e+00   0.0000000e+00   0.0000000e+00
   1.9443900e+00   0.0000000e+00   0.0000000e+00   0.0000000e+00   0.0000000e+00
   1.9447300e+00   0.0000000e+00   0.0000000e+00   0.0000000e+00   0.0000000e+00
   1.9450700e+00   0.0000000e+00   0.0000000e+00   0.0000000e+00   0.0000000e+00
   1.9454100e+00   0.0000000e+00   0.0000000e+00   0.0000000e+00   0.0000000e+00
   1.9457500e+00   0.0000000e+00   0.0000000e+00   0.0000000e+00   0.0000000e+00
   1.9460900e+00   0.0000000e+00   0.0000000e+00   0.0000000e+00   0.0000000e+00
   1.9464300e+00   0.0000000e+00   0.0000000e+00   0.0000000e+00   0.0000000e+00
   1.9467700e+00   0.0000000e+00   0.0000000e+00   0.0000000e+00   0.0000000e+00
   1.9471100e+00   0.0000000e+00   0.0000000e+00   0.0000000e+00   0.0000000e+00
   1.9474500e+00   0.0000000e+00   0.0000000e+00   0.0000000e+00   0.0000000e+00
   1.9477900e+00   0.0000000e+00   0.0000000e+00   0.0000000e+00   0.0000000e+00
   1.9481300e+00   0.0000000e+00   0.0000000e+00   0.0000000e+00   0.0000000e+00
   1.9484800e+00   0.0000000e+00   0.0000000e+00   0.0000000e+00   0.0000000e+00
   1.9488200e+00   0.0000000e+00   0.0000000e+00   0.0000000e+00   0.0000000e+00
   1.9491600e+00   0.0000000e+00   0.0000000e+00   0.0000000e+00   0.0000000e+00
   1.9495000e+00   0.0000000e+00   0.0000000e+00   0.0000000e+00   0.0000000e+00
   1.9498400e+00   0.0000000e+00   0.0000000e+00   0.0000000e+00   0.0000000e+00
   1.9501900e+00   2.1611545e+04   1.0017060e+01   0.0000000e+00   1.6305823e-01
   1.9505300e+00   2.0792039e+04   9.8283404e+00   0.0000000e+00   1.6411218e-01
   1.9508700e+00   2.1552618e+04   1.0361917e+01   0.0000000e+00   1.7034169e-01
   1.9512200e+00   2.2005811e+04   1.0488248e+01   0.0000000e+00   1.5888217e-01
   1.9515600e+00   2.1301341e+04   9.8661522e+00   0.0000000e+00   1.5623481e-01
   1.9519000e+00   2.0976991e+04   9.6229217e+00   0.0000000e+00   1.5370398e-01
   1.9522500e+00   2.1302125e+04   9.9148916e+00   0.0000000e+00   1.4749776e-01
   1.9525900e+00   2.2010346e+04   1.1863238e+01   0.0000000e+00   1.5382076e-01
   1.9529300e+00   2.1524284e+04   1.0348636e+01   0.0000000e+00   1.4585476e-01
   1.9532800e+00   2.1776048e+04   1.2147100e+01   0.0000000e+00   1.4956509e-01
   1.9536200e+00   2.2083713e+04   1.1813449e+01   0.0000000e+00   1.4686353e-01
   1.9539700e+00   2.1277622e+04   1.1698718e+01   0.0000000e+00   1.4519445e-01
   1.9543100e+00   2.2149833e+04   1.1904391e+01   0.0000000e+00   1.4367153e-01
   1.9546600e+00   2.2235064e+04   1.1553021e+01   0.0000000e+00   1.4090981e-01
   1.9550000e+00   2.1274227e+04   1.2777126e+01   0.0000000e+00   1.3660147e-01
   1.9553500e+00   2.2304548e+04   1.2588394e+01   0.0000000e+00   1.4203942e-01
   1.9556900e+00   2.2539429e+04   1.2368871e+01   0.0000000e+00   1.3490027e-01
   1.9560400e+00   2.1283090e+04   1.2564276e+01   0.0000000e+00   1.3404147e-01
   1.9563800e+00   2.2251256e+04   1.4959133e+01   0.0000000e+00   1.3492553e-01
   1.9567300e+00   2.0821355e+04   9.4277889e+00   0.0000000e+00   1.3591782e-01
   1.9570700e+00   2.1465135e+04   1.4955836e+01   0.0000000e+00   1.3065670e-01
   1.9574200e+00   2.1017969e+04   1.4315444e+01   0.0000000e+00   1.3178967e-01
   1.9577700e+00   2.2255908e+04   1.6027633e+01   0.0000000e+00   1.2813576e-01
   1.9581100e+00   2.1476895e+04   1.1842991e+01   0.0000000e+00   1.2907645e-01
   1.9584600e+00   2.1320484e+04   1.3871457e+01   0.0000000e+00   1.2051042e-01
   1.9588100e+00   2.2047161e+04   1.5736925e+01   0.0000000e+00   1.2244543e-01
   1.9591500e+00   2.2568949e+04   1.4817546e+01   0.0000000e+00   1.1781072e-01
   1.9595000e+00   2.1888675e+04   1.2743505e+01   0.0000000e+00   1.1993054e-01
   1.9598500e+00   2.1503881e+04   1.4295948e+01   0.0000000e+00   1.2158287e-01
   1.9602000e+00   2.2275485e+04   1.3174282e+01   0.0000000e+00   1.1220626e-01
   1.9605400e+00   2.1349453e+04   1.2287136e+01   0.0000000e+00   1.1131078e-01
   1.9608900e+00   2.0906162e+04   1.0546863e+01   0.0000000e+00   1.1129532e-01
   1.9612400e+00   2.1045141e+04   1.0939315e+01   0.0000000e+00   1.1777323e-01
   1.9615900e+00   2.1413203e+04   1.2671392e+01   0.0000000e+00   1.1012923e-01
   1.9619400e+00   2.1067317e+04   1.1927625e+01   0.0000000e+00   1.1124060e-01
   1.9622900e+00   2.0725023e+04   9.0742112e+00   0.0000000e+00   1.0951632e-01
   1.9626300e+00   2.2004351e+04   1.2244531e+01   0.0000000e+00   1.0619210e-01
   1.9629800e+00   2.1846925e+04   1.3960558e+01   0.0000000e+00   1.0452911e-01
   1.9633300e+00   2.0860955e+04   1.0174193e+01   0.0000000e+00   1.0481683e-01
   1.9636800e+00   2.1913825e+04   1.3118662e+01   0.0000000e+00   1.0078113e-01
   1.9640300e+00   2.1627521e+04   1.2243989e+01   0.0000000e+00   1.0368778e-01
   1.9643800e+00   2.0448063e+04   8.6613933e+00   0.0000000e+00   1.0286123e-01
   1.9647300e+00   2.1499964e+04   1.1575422e+01   0.0000000e+00   1.0494864e-01
   1.9650800e+00   2.1458413e+04   9.8809180e+00   0.0000000e+00   1.0686026e-01
   1.9654300e+00   2.1667845e+04   1.0187216e+01   0.0000000e+00   1.0262341e-01
   1.9657800e+00   2.1811179e+04   1.1298536e+01   0.0000000e+00   9.9120208e-02
   1.9661300e+00   2.2172998e+04   1.0018380e+01   0.0000000e+00   9.8793357e-02
   1.9664800e+00   2.1309797e+04   1.0639343e+01   0.0000000e+00   1.0699921e-01
   1.9668300e+00   2.1681216e+04   1.0499093e+01   0.0000000e+00   1.0098700e-01
   1.9671800e+00   2.2121719e+04   8.7870804e+00   0.0000000e+00   9.7496363e-02
   1.9675400e+00   2.2236408e+04   1.2339903e+01   0.0000000e+00   1.0395639e-01
   1.9678900e+00   2.1972245e+04   8.9926428e+00   0.0000000e+00   1.0220923e-01
   1.9682400e+00   2.1982458e+04   9.3660994e+00   0.0000000e+00   9.8168992e-02
   1.9685900e+00   2.2793988e+04   8.9914342e+00   0.0000000e+00   9.9144187e-02
   1.9689400e+00   2.2447144e+04   8.8874727e+00   0.0000000e+00   9.9447574e-02
   1.9692900e+00   2.2285173e+04   8.7213040e+00   0.0000000e+00   9.9527030e-02
   1.9696500e+00   2.3136436e+04   9.9880952e+00   0.0000000e+00   1.0160982e-01
   1.9700000e+00   2.2520586e+04   8.8826887e+00   0.0000000e+00   1.0002525e-01
   1.9703500e+00   2.1972409e+04   8.7587788e+00   0.0000000e+00   1.0191272e-01
   1.9707000e+00   2.2419885e+04   8.8389083e+00   0.0000000e+00   1.0208299e-01
   1.9710600e+00   2.2687134e+04   9.1940543e+00   0.0000000e+00   1.0292055e-01
   1.9714100e+00   2.2776605e+04   1.0148474e+01   0.0000000e+00   9.8756868e-02
   1.9717600e+00   2.2484927e+04   8.7737713e+00   0.0000000e+00   1.0267046e-01
   1.9721200e+00   2.2456841e+04   8.8166600e+00   0.0000000e+00   9.8269808e-02
   1.9724700e+00   2.2390872e+04   8.7405055e+00   0.0000000e+00   9.7449121e-02
   1.9728200e+00   2.2764449e+04   8.9104597e+00   0.0000000e+00   9.9447848e-02
   1.9731800e+00   2.2598415e+04   8.9858308e+00   0.0000000e+00   1.0058089e-01
   1.9735300e+00   2.2624489e+04   8.8146457e+00   0.0000000e+00   1.0086136e-01
   1.9738900e+00   2.3290717e+04   8.7864300e+00   0.0000000e+00   9.9387751e-02
   1.9742400e+00   2.3045658e+04   8.9446176e+00   0.0000000e+00   1.0114700e-01
   1.9746000e+00   2.2992859e+04   9.3509708e+00   0.0000000e+00   1.0068371e-01
   1.9749500e+00   2.3071685e+04   9.6436456e+00   0.0000000e+00   9.8724284e-02
   1.9753000e+00   2.2984070e+04   8.9150028e+00   0.0000000e+00   1.0112680e-01
   1.9756600e+00   2.2989993e+04   1.1215744e+01   0.0000000e+00   1.0289147e-01
   1.9760200e+00   2.2696466e+04   8.9579096e+00   0.0000000e+00   1.0148814e-01
   1.9763700e+00   2.2919238e+04   1.0321703e+01   0.0000000e+00   1.0230269e-01
   1.9767300e+00   2.3471887e+04   9.2305272e+00   0.0000000e+00   1.0273113e-01
   1.9770800e+00   2.3034832e+04   9.2670256e+00   0.0000000e+00   1.0478051e-01
   1.9774400e+00   2.2943084e+04   8.9968850e+00   0.0000000e+00   1.0246393e-01
   1.9777900e+00   2.3564229e+04   9.2146181e+00   0.0000000e+00   1.0069991e-01
   1.9781500e+00   2.2720953e+04   9.0091697e+00   0.0000000e+00   1.0334210e-01
   1.9785100e+00   2.2709375e+04   8.9412206e+00   0.0000000e+00   1.0142196e-01
   1.9788600e+00   2.3569093e+04   9.9302428e+00   0.0000000e+00   1.0249807e-01
   1.9792200e+00   2.3145394e+04   8.9373842e+00   0.0000000e+00   1.0179702e-01
   1.9795800e+00   2.3667783e+04   9.2398611e+00   0.0000000e+00   1.0310373e-01
   1.9799300e+00   2.3672977e+04   9.1927504e+00   0.0000000e+00   1.0494714e-01
   1.9802900e+00   2.3030211e+04   9.2315847e+00   0.0000000e+00   1.0963864e-01
   1.9806500e+00   2.3313093e+04   9.0171534e+00   0.0000000e+00   1.0364375e-01
   1.9810100e+00   2.3491589e+04   9.9681901e+00   0.0000000e+00   1.0555535e-01
   1.9813600e+00   2.3596396e+04   9.2770457e+00   0.0000000e+00   1.0344603e-01
   1.9817200e+00   2.3908201e+04   9.1328161e+00   0.0000000e+00   1.0371165e-01
   1.9820800e+00   2.3107720e+04   8.8998363e+00   0.0000000e+00   1.0409079e-01
   1.9824400e+00   2.3979558e+04   9.7167592e+00   0.0000000e+00   1.0500601e-01
   1.9828000e+00   2.4072412e+04   9.1306156e+00   0.0000000e+00   1.0477683e-01
   1.9831500e+00   2.4448398e+04   9.3000691e+00   0.0000000e+00   1.0584005e-01
   1.9835100e+00   2.4560457e+04   9.3633798e+00   0.0000000e+00   1.0778982e-01
   1.9838700e+00   2.3851082e+04   9.0683973e+00   0.0000000e+00   1.0554131e-01
   1.9842300e+00   2.4366232e+04   9.2008561e+00   0.0000000e+00   1.0758418e-01
   1.9845900e+00   2.4286350e+04   9.3908555e+00   0.0000000e+00   1.0789732e-01
   1.9849500e+00   2.3711732e+04   9.0896655e+00   0.0000000e+00   1.0835457e-01
   1.9853100e+00   2.3713956e+04   9.0938984e+00   0.0000000e+00   1.0784075e-01
   1.9856700e+00   2.3707111e+04   9.2589958e+00   0.0000000e+00   1.0991216e-01
   1.9860300e+00   2.4145953e+04   9.1232398e+00   0.0000000e+00   1.0770300e-01
   1.9863900e+00   2.3684307e+04   9.0168680e+00   0.0000000e+00   1.0907603e-01
   1.9867500e+00   2.3908988e+04   9.1693517e+00   0.0000000e+00   1.1013309e-01
   1.9871100e+00   2.4237322e+04   9.3987969e+00   0.0000000e+00   1.1015668e-01
   1.9874700e+00   2.4357988e+04   9.4070447e+00   0.0000000e+00   1.0972292e-01
   1.9878300e+00   2.4014732e+04   9.3042796e+00   0.0000000e+00   1.1021267e-01
   1.9881900e+00   2.3911121e+04   9.0361660e+00   0.0000000e+00   1.1154091e-01
   1.9885500e+00   2.3726096e+04   9.1424695e+00   0.0000000e+00   1.1207210e-01
   1.9889100e+00   2.3949101e+04   9.3062990e+00   0.0000000e+00   1.1350434e-01
   1.9892700e+00   2.4297492e+04   9.2244162e+00   0.0000000e+00   1.1199419e-01
   1.9896400e+00   2.3882262e+04   9.2517973e+00   0.0000000e+00   1.1502956e-01
   1.9900000e+00   2.3963958e+04   9.2653149e+00   0.0000000e+00   1.1393427e-01
   1.9903600e+00   2.3899967e+04   9.2205590e+00   0.0000000e+00   1.1326712e-01
   1.9907200e+00   2.4764463e+04   9.5105576e+00   0.0000000e+00   1.1370085e-01
   1.9910800e+00   2.4105097e+04   9.2888491e+00   0.0000000e+00   1.1685436e-01
   1.9914500e+00   2.3739760e+04   9.1128038e+00   0.0000000e+00   1.1557316e-01
   1.9918100e+00   2.4156893e+04   9.3635255e+00   0.0000000e+00   1.1519601e-01
   1.9921700e+00   2.3745828e+04   9.0424664e+00   0.0000000e+00   1.1599580e-01
   1.9925300e+00   2.3328364e+04   8.9724262e+00   0.0000000e+00   1.1569168e-01
   1.9929000e+00   2.4231726e+04   9.2973509e+00   0.0000000e+00   1.1619711e-01
   1.9932600e+00   2.3848858e+04   9.0484297e+00   0.0000000e+00   1.1768080e-01
   1.9936200e+00   2.3972015e+04   9.3105791e+00   0.0000000e+00   1.1911804e-01
   1.9939900e+00   2.4419600e+04   9.3080376e+00   0.0000000e+00   1.2003831e-01
   1.9943500e+00   2.4242931e+04   9.3005836e+00   0.0000000e+00   1.2135019e-01
   1.9947100e+00   2.4377532e+04   9.4467811e+00   0.0000000e+00   1.2297595e-01
   1.9950800e+00   2.4223563e+04   9.1686191e+00   0.0000000e+00   1.2040490e-01
   1.9954400e+00   2.4724794e+04   9.3786808e+00   0.0000000e+00   1.2216930e-01
   1.9958100e+00   2.4802347e+04   9.4318697e+00   0.0000000e+00   1.2266214e-01
   1.9961700e+00   2.4029152e+04   8.9606319e+00   0.0000000e+00   1.2271716e-01
   1.9965300e+00   2.4433069e+04   9.2813706e+00   0.0000000e+00   1.2341477e-01
   1.9969000e+00   2.4434175e+04   9.2665257e+00   0.0000000e+00   1.2594742e-01
   1.9972600e+00   2.4333891e+04   9.2434370e+00   0.0000000e+00   1.2601676e-01
   1.9976300e+00   2.4258330e+04   9.2445408e+00   0.0000000e+00   1.2775076e-01
   1.9979900e+00   2.5100043e+04   9.4624907e+00   0.0000000e+00   1.2791740e-01
   1.9983600e+00   2.5003931e+04   9.3299150e+00   0.0000000e+00   1.2963325e-01
   1.9987300e+00   2.4538172e+04   9.4935093e+00   0.0000000e+00   1.2984044e-01
   1.9990900e+00   2.4244262e+04   9.3282062e+00   0.0000000e+00   1.3083550e-01
   1.9994600e+00   2.3973384e+04   9.1041931e+00   0.0000000e+00   1.3180716e-01
   1.9998200e+00   2.3313835e+04   9.0202690e+00   0.0000000e+00   1.3505427e-01
   2.0001900e+00   2.4310082e+04   9.5103647e+00   0.0000000e+00   1.3728494e-01
   2.0005500e+00   2.5121419e+04   9.6605100e+00   0.0000000e+00   1.3485334e-01
   2.0009200e+00   2.3329261e+04   8.9598713e+00   0.0000000e+00   1.3633668e-01
   2.0012900e+00   2.3260986e+04   9.0562200e+00   0.0000000e+00   1.3938316e-01
   2.0016500e+00   2.3327037e+04   9.1795345e+00   0.0000000e+00   1.4062535e-01
   2.0020200e+00   2.3218819e+04   8.8972560e+00   0.0000000e+00   1.3947365e-01
   2.0023900e+00   2.3339064e+04   8.9910123e+00   0.0000000e+00   1.4304812e-01
   2.0027600e+00   2.3406589e+04   9.1432104e+00   0.0000000e+00   1.4292718e-01
   2.0031200e+00   2.4149054e+04   9.3707261e+00   0.0000000e+00   1.4337461e-01
   2.0034900e+00   2.3564229e+04   9.0898071e+00   0.0000000e+00   1.4744465e-01
   2.0038600e+00   2.4045830e+04   9.2673441e+00   0.0000000e+00   1.4798127e-01
   2.0042300e+00   2.3810872e+04   9.1160071e+00   0.0000000e+00   1.4880202e-01
   2.0045900e+00   2.3931204e+04   9.1672419e+00   0.0000000e+00   1.5101376e-01
   2.0049600e+00   2.4584893e+04   9.4567548e+00   0.0000000e+00   1.5258075e-01
   2.0053300e+00   2.4205760e+04   9.3405812e+00   0.0000000e+00   1.5521564e-01
   2.0057000e+00   2.4275505e+04   9.2536637e+00   0.0000000e+00   1.5537981e-01
   2.0060700e+00   2.3733969e+04   9.1080254e+00   0.0000000e+00   1.5918628e-01
   2.0064400e+00   2.4327689e+04   9.2233507e+00   0.0000000e+00   1.5908812e-01
   2.0068100e+00   2.4267343e+04   9.4158735e+00   0.0000000e+00   1.6193930e-01
   2.0071700e+00   2.3815503e+04   9.2864045e+00   0.0000000e+00   1.6519329e-01
   2.0075400e+00   2.4428232e+04   9.2557101e+00   0.0000000e+00   1.6690942e-01
   2.0079100e+00   2.4829933e+04   9.4425047e+00   0.0000000e+00   1.7095489e-01
   2.0082800e+00   2.5172492e+04   9.6048308e+00   0.0000000e+00   1.7258593e-01
   2.0086500e+00   2.4323983e+04   9.0907348e+00   0.0000000e+00   1.7333400e-01
   2.0090200e+00   2.4934009e+04   9.7215040e+00   0.0000000e+00   1.7794484e-01
   2.0093900e+00   2.5841188e+04   9.8744313e+00   0.0000000e+00   1.7815849e-01
   2.0097600e+00   2.4994760e+04   9.4361786e+00   0.0000000e+00   1.8139851e-01
   2.0101300e+00   2.5266819e+04   9.6739027e+00   0.0000000e+00   1.8456013e-01
   2.0105000e+00   2.5293435e+04   9.5543578e+00   0.0000000e+00   1.8758819e-01
   2.0108700e+00   2.4544872e+04   9.3545669e+00   0.0000000e+00   1.9034156e-01
   2.0112500e+00   2.5100043e+04   9.2361689e+00   0.0000000e+00   1.9354428e-01
   2.0116200e+00   2.5740827e+04   9.6354963e+00   0.0000000e+00   1.9770867e-01
   2.0119900e+00   2.5186670e+04   9.5106380e+00   0.0000000e+00   2.0171403e-01
   2.0123600e+00   2.5366884e+04   9.4538628e+00   0.0000000e+00   2.0360218e-01
   2.0127300e+00   2.4932202e+04   9.3780445e+00   0.0000000e+00   2.0827668e-01
   2.0131000e+00   2.5275067e+04   9.5301423e+00   0.0000000e+00   2.1138905e-01
   2.0134700e+00   2.5243841e+04   9.5321080e+00   0.0000000e+00   2.1610993e-01
   2.0138500e+00   2.4208722e+04   9.2481500e+00   0.0000000e+00   2.2019125e-01
   2.0142200e+00   2.5112515e+04   9.4061646e+00   0.0000000e+00   2.2396032e-01
   2.0145900e+00   2.4796410e+04   9.2269553e+00   0.0000000e+00   2.2988905e-01
   2.0149600e+00   2.4223917e+04   9.3358751e+00   0.0000000e+00   2.3511375e-01
   2.0153300e+00   2.5177930e+04   9.5065208e+00   0.0000000e+00   2.3938139e-01
   2.0157100e+00   2.4575286e+04   9.3990235e+00   0.0000000e+00   2.4392367e-01
   2.0160800e+00   2.4950141e+04   9.4077734e+00   0.0000000e+00   2.4917278e-01
   2.0164500e+00   2.4825050e+04   9.3338898e+00   0.0000000e+00   2.5220993e-01
   2.0168300e+00   2.5035873e+04   9.4653121e+00   0.0000000e+00   2.5914216e-01
   2.0172000e+00   2.5500147e+04   9.5454471e+00   0.0000000e+00   2.6539528e-01
   2.0175700e+00   2.5427676e+04   9.5214956e+00   0.0000000e+00   2.7161845e-01
   2.0179500e+00   2.5401721e+04   9.6757496e+00   0.0000000e+00   2.7924817e-01
   2.0183200e+00   2.5902766e+04   9.5825183e+00   0.0000000e+00   2.8382823e-01
   2.0186900e+00   2.5492434e+04   9.5467645e+00   0.0000000e+00   2.8994817e-01
   2.0190700e+00   2.5848008e+04   9.8766360e+00   0.0000000e+00   2.9561045e-01
   2.0194400e+00   2.5177872e+04   9.4774524e+00   0.0000000e+00   3.0159167e-01
   2.0198200e+00   2.5589251e+04   9.7677043e+00   0.0000000e+00   3.1244925e-01
   2.0201900e+00   2.5314998e+04   9.6505115e+00   0.0000000e+00   3.2046583e-01
   2.0205700e+00   2.5372968e+04   9.7431084e+00   0.0000000e+00   3.2900625e-01
   2.0209400e+00   2.6040329e+04   1.0098697e+01   0.0000000e+00   3.4029956e-01
   2.0213200e+00   2.6067100e+04   9.7422177e+00   0.0000000e+00   3.4479305e-01
   2.0216900e+00   2.5910944e+04   9.5856519e+00   0.0000000e+00   3.5316310e-01
   2.0220700e+00   2.5507416e+04   9.5599178e+00   0.0000000e+00   3.6026632e-01
   2.0224400e+00   2.5829877e+04   9.7537200e+00   0.0000000e+00   3.6844687e-01
   2.0228200e+00   2.5813841e+04   9.7122636e+00   0.0000000e+00   3.7960773e-01
   2.0231900e+00   2.6290038e+04   9.8471696e+00   0.0000000e+00   3.8842547e-01
   2.0235700e+00   2.6464037e+04   9.8765318e+00   0.0000000e+00   3.9904083e-01
   2.0239500e+00   2.5959121e+04   9.7757207e+00   0.0000000e+00   4.1109763e-01
   2.0243200e+00   2.5412642e+04   9.7575027e+00   0.0000000e+00   4.2504362e-01
   2.0247000e+00   2.6426650e+04   9.7562684e+00   0.0000000e+00   4.3241875e-01
   2.0250700e+00   2.6324544e+04   9.8483393e+00   0.0000000e+00   4.4111871e-01
   2.0254500e+00   2.5191257e+04   9.5724639e+00   0.0000000e+00   4.4957995e-01
   2.0258300e+00   2.5791472e+04   9.6588852e+00   0.0000000e+00   4.6121804e-01
   2.0262000e+00   2.5597459e+04   9.7272636e+00   0.0000000e+00   4.7389462e-01
   2.0265800e+00   2.5434335e+04   9.5864251e+00   0.0000000e+00   4.8850944e-01
   2.0269600e+00   2.7304591e+04   1.0406873e+01   0.0000000e+00   5.0516181e-01
   2.0273400e+00   3.0793728e+04   1.1227690e+01   0.0000000e+00   5.1793748e-01
   2.0277100e+00   3.3109449e+04   1.2133404e+01   0.0000000e+00   5.3156212e-01
   2.0280900e+00   3.0315224e+04   1.1205697e+01   0.0000000e+00   5.4215945e-01
   2.0284700e+00   2.7165091e+04   9.9136226e+00   0.0000000e+00   5.5099455e-01
   2.0288500e+00   2.5817651e+04   9.7484923e+00   0.0000000e+00   5.6317914e-01
   2.0292300e+00   2.5688085e+04   9.7621085e+00   0.0000000e+00   5.7739153e-01
   2.0296000e+00   2.6654583e+04   9.9273686e+00   0.0000000e+00   5.9442530e-01
   2.0299800e+00   2.6471172e+04   9.9002158e+00   0.0000000e+00   6.1299358e-01
   2.0303600e+00   2.6068653e+04   9.8467564e+00   0.0000000e+00   6.3083708e-01
   2.0307400e+00   2.5727859e+04   9.7046977e+00   0.0000000e+00   6.4395929e-01
   2.0311200e+00   2.6260799e+04   1.0006768e+01   0.0000000e+00   6.5589210e-01
   2.0315000e+00   2.5451383e+04   9.8836906e+00   0.0000000e+00   6.6671294e-01
   2.0318800e+00   2.5340941e+04   9.9003421e+00   0.0000000e+00   6.7923256e-01
   2.0322600e+00   2.6112338e+04   9.8083005e+00   0.0000000e+00   6.9617617e-01
   2.0326400e+00   2.6512074e+04   1.0093102e+01   0.0000000e+00   7.1166527e-01
   2.0330100e+00   2.6400890e+04   9.8303197e+00   0.0000000e+00   7.3025217e-01
   2.0333900e+00   2.8671964e+04   1.0612881e+01   0.0000000e+00   7.5042907e-01
   2.0337700e+00   3.2075008e+04   1.1781941e+01   0.0000000e+00   7.6798727e-01
   2.0341500e+00   3.1732509e+04   1.1719717e+01   0.0000000e+00   7.8302648e-01
   2.0345300e+00   3.0056547e+04   1.1184964e+01   0.0000000e+00   7.9481234e-01
   2.0349200e+00   2.6938282e+04   1.0164524e+01   0.0000000e+00   8.0752117e-01
   2.0353000e+00   2.5738237e+04   9.6770681e+00   0.0000000e+00   8.1987046e-01
   2.0356800e+00   2.5355630e+04   9.7790470e+00   0.0000000e+00   8.3635689e-01
   2.0360600e+00   2.5833200e+04   1.0181786e+01   0.0000000e+00   8.5784256e-01
   2.0364400e+00   2.6193653e+04   1.0061533e+01   0.0000000e+00   8.7920051e-01
   2.0368200e+00   2.6252646e+04   9.7956898e+00   0.0000000e+00   8.9547229e-01
   2.0372000e+00   2.6893804e+04   1.0155369e+01   0.0000000e+00   9.1081405e-01
   2.0375800e+00   2.6876014e+04   1.0219841e+01   0.0000000e+00   9.2143830e-01
   2.0379600e+00   2.6494175e+04   9.9156196e+00   0.0000000e+00   9.3115530e-01
   2.0383400e+00   2.6520888e+04   1.0085722e+01   0.0000000e+00   9.4464415e-01
   2.0387300e+00   2.7597878e+04   1.0449451e+01   0.0000000e+00   9.5849465e-01
   2.0391100e+00   2.7334090e+04   1.0229153e+01   0.0000000e+00   9.7443094e-01
   2.0394900e+00   2.6803889e+04   1.0144102e+01   0.0000000e+00   9.9642659e-01
   2.0398700e+00   2.8408612e+04   1.0629688e+01   0.0000000e+00   1.0188801e+00
   2.0402600e+00   2.9221986e+04   1.1208598e+01   0.0000000e+00   1.0361551e+00
   2.0406400e+00   3.5171358e+04   1.3491245e+01   0.0000000e+00   1.0444682e+00
   2.0410200e+00   4.7942256e+04   1.7406246e+01   0.0000000e+00   1.0496185e+00
   2.0414000e+00   5.1778841e+04   1.8175599e+01   0.0000000e+00   1.0584417e+00
   2.0417900e+00   4.5497766e+04   1.6560530e+01   0.0000000e+00   1.0686423e+00
   2.0421700e+00   3.2782877e+04   1.2067791e+01   0.0000000e+00   1.0835617e+00
   2.0425500e+00   3.0382000e+04   1.1212777e+01   0.0000000e+00   1.1019139e+00
   2.0429400e+00   3.0012122e+04   1.1024903e+01   0.0000000e+00   1.1223258e+00
   2.0433200e+00   2.9846148e+04   1.0991799e+01   0.0000000e+00   1.1363846e+00
   2.0437000e+00   3.0184289e+04   1.1040219e+01   0.0000000e+00   1.1485010e+00
   2.0440900e+00   3.0077595e+04   1.1082773e+01   0.0000000e+00   1.1537354e+00
   2.0444700e+00   3.0084375e+04   1.1132157e+01   0.0000000e+00   1.1569277e+00
   2.0448600e+00   3.0084029e+04   1.1102531e+01   0.0000000e+00   1.1601318e+00
   2.0452400e+00   3.0647358e+04   1.1181583e+01   0.0000000e+00   1.1759943e+00
   2.0456200e+00   2.9806811e+04   1.1004068e+01   0.0000000e+00   1.1946596e+00
   2.0460100e+00   2.9897865e+04   1.0767038e+01   0.0000000e+00   1.2141615e+00
   2.0463900e+00   2.9582962e+04   1.0834591e+01   0.0000000e+00   1.2302955e+00
   2.0467800e+00   2.9181960e+04   1.0716529e+01   0.0000000e+00   1.2401468e+00
   2.0471600e+00   2.9391059e+04   1.0739348e+01   0.0000000e+00   1.2405186e+00
   2.0475500e+00   2.9955056e+04   1.0966633e+01   0.0000000e+00   1.2411266e+00
   2.0479300e+00   3.0451190e+04   1.1131166e+01   0.0000000e+00   1.2464195e+00
   2.0483200e+00   3.0721556e+04   1.1136098e+01   0.0000000e+00   1.2568230e+00
   2.0487100e+00   2.9703040e+04   1.0987127e+01   0.0000000e+00   1.2695806e+00
   2.0490900e+00   3.1237372e+04   1.1431485e+01   0.0000000e+00   1.2888565e+00
   2.0494800e+00   3.2729458e+04   1.1957407e+01   0.0000000e+00   1.3033243e+00
   2.0498600e+00   3.4765608e+04   1.2494507e+01   0.0000000e+00   1.3134274e+00
   2.0502500e+00   3.4288988e+04   1.2232234e+01   0.0000000e+00   1.3155029e+00
   2.0506400e+00   3.2488081e+04   1.1869013e+01   0.0000000e+00   1.3141663e+00
   2.0510200e+00   3.0336044e+04   1.1118466e+01   0.0000000e+00   1.3177463e+00
   2.0514100e+00   3.0534117e+04   1.1174103e+01   0.0000000e+00   1.3190764e+00
   2.0518000e+00   3.0547884e+04   1.1031722e+01   0.0000000e+00   1.3275147e+00
   2.0521800e+00   3.0755802e+04   1.1171277e+01   0.0000000e+00   1.3430146e+00
   2.0525700e+00   3.0184639e+04   1.1090957e+01   0.0000000e+00   1.3588828e+00
   2.0529600e+00   3.0198177e+04   1.1031927e+01   0.0000000e+00   1.3713647e+00
   2.0533400e+00   3.0681449e+04   1.1190850e+01   0.0000000e+00   1.3729767e+00
   2.0537300e+00   3.0551740e+04   1.1165837e+01   0.0000000e+00   1.3711786e+00
   2.0541200e+00   3.0359764e+04   1.1116732e+01   0.0000000e+00   1.3673167e+00
   2.0545100e+00   3.0476364e+04   1.1054055e+01   0.0000000e+00   1.3673350e+00
   2.0548900e+00   3.0735724e+04   1.1210968e+01   0.0000000e+00   1.3700649e+00
   2.0552800e+00   3.1820964e+04   1.1610363e+01   0.0000000e+00   1.3821266e+00
   2.0556700e+00   3.5188092e+04   1.2896112e+01   0.0000000e+00   1.3946466e+00
   2.0560600e+00   4.6513242e+04   1.6598552e+01   0.0000000e+00   1.4068128e+00
   2.0564500e+00   4.9618968e+04   1.7307519e+01   0.0000000e+00   1.4169521e+00
   2.0568400e+00   4.5308427e+04   1.6132991e+01   0.0000000e+00   1.4174960e+00
   2.0572200e+00   3.4696661e+04   1.2571599e+01   0.0000000e+00   1.4099407e+00
   2.0576100e+00   3.1681644e+04   1.1441009e+01   0.0000000e+00   1.4077429e+00
   2.0580000e+00   3.1693543e+04   1.1541967e+01   0.0000000e+00   1.4131389e+00
   2.0583900e+00   3.1355241e+04   1.1460275e+01   0.0000000e+00   1.4203098e+00
   2.0587800e+00   3.0646573e+04   1.1190317e+01   0.0000000e+00   1.4328583e+00
   2.0591700e+00   3.1313539e+04   1.1415369e+01   0.0000000e+00   1.4459863e+00
   2.0595600e+00   3.0917905e+04   1.1226872e+01   0.0000000e+00   1.4545951e+00
   2.0599500e+00   3.0627345e+04   1.1176207e+01   0.0000000e+00   1.4509888e+00
   2.0603400e+00   3.1869832e+04   1.1671767e+01   0.0000000e+00   1.4491654e+00
   2.0607300e+00   3.1843242e+04   1.1532016e+01   0.0000000e+00   1.4416886e+00
   2.0611200e+00   3.2283238e+04   1.1860245e+01   0.0000000e+00   1.4409825e+00
   2.0615100e+00   3.1723229e+04   1.1494127e+01   0.0000000e+00   1.4450929e+00
   2.0619000e+00   3.1935604e+04   1.1564818e+01   0.0000000e+00   1.4538557e+00
   2.0622900e+00   3.2162540e+04   1.1740314e+01   0.0000000e+00   1.4680805e+00
   2.0626800e+00   3.1486065e+04   1.1460760e+01   0.0000000e+00   1.4713626e+00
   2.0630700e+00   3.2360325e+04   1.1980665e+01   0.0000000e+00   1.4727819e+00
   2.0634600e+00   3.2368083e+04   1.1750137e+01   0.0000000e+00   1.4666808e+00
   2.0638500e+00   3.2207747e+04   1.1567714e+01   0.0000000e+00   1.4640361e+00
   2.0642500e+00   3.3204066e+04   1.2146223e+01   0.0000000e+00   1.4594932e+00
   2.0646400e+00   3.2648387e+04   1.1870874e+01   0.0000000e+00   1.4589527e+00
   2.0650300e+00   3.2973317e+04   1.2036065e+01   0.0000000e+00   1.4661192e+00
   2.0654200e+00   3.3307609e+04   1.2052645e+01   0.0000000e+00   1.4769974e+00
   2.0658100e+00   3.3276627e+04   1.1948547e+01   0.0000000e+00   1.4886767e+00
   2.0662000e+00   3.3312907e+04   1.2045559e+01   0.0000000e+00   1.4930616e+00
   2.0666000e+00   3.3753452e+04   1.2222757e+01   0.0000000e+00   1.4884528e+00
   2.0669900e+00   3.4210418e+04   1.2453300e+01   0.0000000e+00   1.4853458e+00
   2.0673800e+00   3.3873404e+04   1.2229640e+01   0.0000000e+00   1.4770275e+00
   2.0677700e+00   3.3304022e+04   1.1984626e+01   0.0000000e+00   1.4732000e+00
   2.0681700e+00   3.4050364e+04   1.2259446e+01   0.0000000e+00   1.4734326e+00
   2.0685600e+00   3.4450960e+04   1.2250673e+01   0.0000000e+00   1.4891159e+00
   2.0689500e+00   3.4188482e+04   1.2160411e+01   0.0000000e+00   1.5043866e+00
   2.0693400e+00   3.4400502e+04   1.2454080e+01   0.0000000e+00   1.5050378e+00
   2.0697400e+00   3.4154086e+04   1.2187136e+01   0.0000000e+00   1.5009311e+00
   2.0701300e+00   3.4185217e+04   1.2417424e+01   0.0000000e+00   1.4982621e+00
   2.0705200e+00   3.4559297e+04   1.2417795e+01   0.0000000e+00   1.4902562e+00
   2.0709200e+00   3.4196335e+04   1.2359469e+01   0.0000000e+00   1.4846615e+00
   2.0713100e+00   3.4235469e+04   1.2376006e+01   0.0000000e+00   1.4879038e+00
   2.0717100e+00   3.3571826e+04   1.2183390e+01   0.0000000e+00   1.4961723e+00
   2.0721000e+00   3.6999833e+04   1.3580503e+01   0.0000000e+00   1.5000601e+00
   2.0724900e+00   4.4977460e+04   1.6044048e+01   0.0000000e+00   1.5029229e+00
   2.0728900e+00   4.9218577e+04   1.7566862e+01   0.0000000e+00   1.5041529e+00
   2.0732800e+00   4.7704421e+04   1.6825053e+01   0.0000000e+00   1.4995582e+00
   2.0736800e+00   4.0240270e+04   1.4402734e+01   0.0000000e+00   1.4936319e+00
   2.0740700e+00   3.4659471e+04   1.2523039e+01   0.0000000e+00   1.4934937e+00
   2.0744700e+00   3.4849276e+04   1.2539801e+01   0.0000000e+00   1.4950405e+00
   2.0748600e+00   3.4601043e+04   1.2429739e+01   0.0000000e+00   1.5010193e+00
   2.0752600e+00   3.4044441e+04   1.2140809e+01   0.0000000e+00   1.5091459e+00
   2.0756500e+00   3.4395724e+04   1.2357565e+01   0.0000000e+00   1.5151125e+00
   2.0760500e+00   3.4257681e+04   1.2368716e+01   0.0000000e+00   1.5171392e+00
   2.0764400e+00   3.3561107e+04   1.2023908e+01   0.0000000e+00   1.5135471e+00
   2.0768400e+00   3.3856114e+04   1.2235109e+01   0.0000000e+00   1.5036907e+00
   2.0772300e+00   3.4679613e+04   1.2511337e+01   0.0000000e+00   1.5004725e+00
   2.0776300e+00   3.4496531e+04   1.2362298e+01   0.0000000e+00   1.4936696e+00
   2.0780300e+00   3.3570002e+04   1.2138422e+01   0.0000000e+00   1.4986235e+00
   2.0784200e+00   3.3681636e+04   1.2148088e+01   0.0000000e+00   1.5067812e+00
   2.0788200e+00   3.4510774e+04   1.2484066e+01   0.0000000e+00   1.5173425e+00
   2.0792100e+00   3.3299580e+04   1.2134581e+01   0.0000000e+00   1.5182534e+00
   2.0796100e+00   3.3656988e+04   1.2148354e+01   0.0000000e+00   1.5151333e+00
   2.0800100e+00   3.4583254e+04   1.2427326e+01   0.0000000e+00   1.5105076e+00
   2.0804000e+00   3.5430440e+04   1.2911347e+01   0.0000000e+00   1.5033613e+00
   2.0808000e+00   3.5144070e+04   1.2670212e+01   0.0000000e+00   1.5005898e+00
   2.0812000e+00   3.5167654e+04   1.2727588e+01   0.0000000e+00   1.5017299e+00
   2.0816000e+00   3.5660034e+04   1.2946384e+01   0.0000000e+00   1.5088869e+00
   2.0819900e+00   3.5729478e+04   1.2768658e+01   0.0000000e+00   1.5141983e+00
   2.0823900e+00   3.5175181e+04   1.2693433e+01   0.0000000e+00   1.5189760e+00
   2.0827900e+00   3.5999146e+04   1.2929073e+01   0.0000000e+00   1.5173648e+00
   2.0831900e+00   3.5605559e+04   1.2666760e+01   0.0000000e+00   1.5128237e+00
   2.0835800e+00   3.5403665e+04   1.2594690e+01   0.0000000e+00   1.5050696e+00
   2.0839800e+00   3.5633379e+04   1.2861340e+01   0.0000000e+00   1.5027141e+00
   2.0843800e+00   3.5954720e+04   1.3303708e+01   0.0000000e+00   1.5023593e+00
   2.0847800e+00   3.5193732e+04   1.2739144e+01   0.0000000e+00   1.5021276e+00
   2.0851800e+00   3.5988039e+04   1.2991509e+01   0.0000000e+00   1.5101533e+00
   2.0855700e+00   3.8516926e+04   1.3773480e+01   0.0000000e+00   1.5113554e+00
   2.0859700e+00   3.9812126e+04   1.4004187e+01   0.0000000e+00   1.5129024e+00
   2.0863700e+00   3.9582097e+04   1.4085971e+01   0.0000000e+00   1.5060929e+00
   2.0867700e+00   3.8216793e+04   1.3657981e+01   0.0000000e+00   1.5029291e+00
   2.0871700e+00   3.6515623e+04   1.3236641e+01   0.0000000e+00   1.4980017e+00
   2.0875700e+00   3.6741606e+04   1.3218854e+01   0.0000000e+00   1.5073863e+00
   2.0879700e+00   3.6975181e+04   1.3005215e+01   0.0000000e+00   1.5109347e+00
   2.0883700e+00   3.7385819e+04   1.3238985e+01   0.0000000e+00   1.5139105e+00
   2.0887700e+00   3.6415411e+04   1.2958577e+01   0.0000000e+00   1.5188259e+00
   2.0891700e+00   3.6488965e+04   1.2987147e+01   0.0000000e+00   1.5225493e+00
   2.0895700e+00   3.6641829e+04   1.3060846e+01   0.0000000e+00   1.5176437e+00
   2.0899700e+00   3.6775740e+04   1.3167617e+01   0.0000000e+00   1.5133631e+00
   2.0903700e+00   4.0056639e+04   1.4272332e+01   0.0000000e+00   1.5116422e+00
   2.0907700e+00   4.4571978e+04   1.5759176e+01   0.0000000e+00   1.5117510e+00
   2.0911700e+00   4.5507552e+04   1.5993694e+01   0.0000000e+00   1.5109094e+00
   2.0915700e+00   4.2270441e+04   1.5196695e+01   0.0000000e+00   1.5136851e+00
   2.0919700e+00   3.8224182e+04   1.3630274e+01   0.0000000e+00   1.5178370e+00
   2.0923700e+00   3.7542257e+04   1.3336865e+01   0.0000000e+00   1.5203982e+00
   2.0927700e+00   3.6586264e+04   1.3156955e+01   0.0000000e+00   1.5190882e+00
   2.0931700e+00   3.6646078e+04   1.3021010e+01   0.0000000e+00   1.5171452e+00
   2.0935700e+00   3.8366493e+04   1.3695230e+01   0.0000000e+00   1.5159347e+00
   2.0939700e+00   3.6929111e+04   1.3315439e+01   0.0000000e+00   1.5167987e+00
   2.0943800e+00   3.6246673e+04   1.3228188e+01   0.0000000e+00   1.5149478e+00
   2.0947800e+00   3.6835102e+04   1.3212739e+01   0.0000000e+00   1.5176210e+00
   2.0951800e+00   3.7183465e+04   1.3338027e+01   0.0000000e+00   1.5206102e+00
   2.0955800e+00   3.7010019e+04   1.3268250e+01   0.0000000e+00   1.5209834e+00
   2.0959800e+00   3.6728888e+04   1.3382640e+01   0.0000000e+00   1.5226445e+00
   2.0963900e+00   3.7343393e+04   1.3371513e+01   0.0000000e+00   1.5229922e+00
   2.0967900e+00   3.7505897e+04   1.3542097e+01   0.0000000e+00   1.5215382e+00
   2.0971900e+00   3.6647176e+04   1.3135742e+01   0.0000000e+00   1.5205652e+00
   2.0975900e+00   3.6953545e+04   1.3225068e+01   0.0000000e+00   1.5234601e+00
   2.0979900e+00   3.7072752e+04   1.3380280e+01   0.0000000e+00   1.5238911e+00
   2.0984000e+00   3.6627120e+04   1.3060411e+01   0.0000000e+00   1.5255965e+00
   2.0988000e+00   3.7246825e+04   1.3433095e+01   0.0000000e+00   1.5267104e+00
   2.0992000e+00   3.6700322e+04   1.3496184e+01   0.0000000e+00   1.5230275e+00
   2.0996100e+00   3.7002801e+04   1.3476463e+01   0.0000000e+00   1.5256885e+00
   2.1000100e+00   3.7278836e+04   1.3292222e+01   0.0000000e+00   1.5240288e+00
   2.1004100e+00   3.7374843e+04   1.3579093e+01   0.0000000e+00   1.5227439e+00
   2.1008200e+00   3.8131428e+04   1.3663472e+01   0.0000000e+00   1.5260876e+00
   2.1012200e+00   3.7837605e+04   1.3520141e+01   0.0000000e+00   1.5293533e+00
   2.1016200e+00   3.8981673e+04   1.3971873e+01   0.0000000e+00   1.5318611e+00
   2.1020300e+00   3.9353336e+04   1.3905407e+01   0.0000000e+00   1.5371546e+00
   2.1024300e+00   3.8908292e+04   1.3986733e+01   0.0000000e+00   1.5250414e+00
   2.1028400e+00   3.9515393e+04   1.4129644e+01   0.0000000e+00   1.5240809e+00
   2.1032400e+00   3.9958903e+04   1.4070445e+01   0.0000000e+00   1.5249912e+00
   2.1036400e+00   3.9613936e+04   1.4127063e+01   0.0000000e+00   1.5267084e+00
   2.1040500e+00   3.9562062e+04   1.3955761e+01   0.0000000e+00   1.5318396e+00
   2.1044500e+00   3.8444007e+04   1.3608368e+01   0.0000000e+00   1.5355024e+00
   2.1048600e+00   3.9861168e+04   1.4176289e+01   0.0000000e+00   1.5359558e+00
   2.1052600e+00   4.0612693e+04   1.4287033e+01   0.0000000e+00   1.5367066e+00
   2.1056700e+00   4.0847406e+04   1.4363390e+01   0.0000000e+00   1.5350427e+00
   2.1060700e+00   4.1910246e+04   1.4601805e+01   0.0000000e+00   1.5289681e+00
   2.1064800e+00   4.3791955e+04   1.5291260e+01   0.0000000e+00   1.5235928e+00
   2.1068800e+00   4.3866564e+04   1.5350146e+01   0.0000000e+00   1.5293141e+00
   2.1072900e+00   4.1876891e+04   1.4690757e+01   0.0000000e+00   1.5293920e+00
   2.1077000e+00   4.1091935e+04   1.4430993e+01   0.0000000e+00   1.5335735e+00
   2.1081000e+00   4.0400176e+04   1.4170319e+01   0.0000000e+00   1.5321381e+00
   2.1085100e+00   3.9573192e+04   1.3958103e+01   0.0000000e+00   1.5314298e+00
   2.1089100e+00   4.0345645e+04   1.4264571e+01   0.0000000e+00   1.5275259e+00
   2.1093200e+00   4.1978613e+04   1.5082849e+01   0.0000000e+00   1.5198357e+00
   2.1097300e+00   4.2021429e+04   1.4975799e+01   0.0000000e+00   1.5197213e+00
   2.1101300e+00   4.3811107e+04   1.5489065e+01   0.0000000e+00   1.5233862e+00
   2.1105400e+00   4.4061276e+04   1.5604849e+01   0.0000000e+00   1.5269055e+00
   2.1109400e+00   4.4925453e+04   1.5821184e+01   0.0000000e+00   1.5275431e+00
   2.1113500e+00   4.6425718e+04   1.6426615e+01   0.0000000e+00   1.5312249e+00
   2.1117600e+00   4.5545790e+04   1.5957768e+01   0.0000000e+00   1.5336723e+00
   2.1121700e+00   4.4035648e+04   1.5682580e+01   4.5922335e+01   1.5244399e+00
   2.1125700e+00   4.1471442e+04   1.4754651e+01  -1.7448295e+03   1.5233811e+00
   2.1129800e+00   4.0976371e+04   1.4365150e+01  -1.4008775e+03   1.5116567e+00
   2.1133900e+00   4.1417528e+04   1.4588523e+01  -2.1292084e+02   1.5157719e+00
   2.1137900e+00   4.1835124e+04   1.4712301e+01   7.2669695e+02   1.5199541e+00
   2.1142000e+00   4.0170663e+04   1.4219513e+01  -7.2773268e+02   1.5258356e+00
   2.1146100e+00   4.1567768e+04   1.4622730e+01   5.3274128e+02   1.5271216e+00
   2.1150200e+00   4.3001501e+04   1.5005015e+01   1.4983892e+03   1.5273434e+00
   2.1154300e+00   4.3353092e+04   1.5159086e+01   1.1085288e+03   1.5271618e+00
   2.1158300e+00   4.3477753e+04   1.5134869e+01   3.1143586e+02   1.5227442e+00
   2.1162400e+00   4.2900454e+04   1.5186608e+01  -1.2488436e+03   1.5134739e+00
   2.1166500e+00   4.1141597e+04   1.4502492e+01  -3.9178503e+03   1.5101867e+00
   2.1170600e+00   4.4219897e+04   1.5776278e+01  -1.5442357e+03   1.5103367e+00
   2.1174700e+00   4.9705609e+04   1.7408856e+01   3.5519219e+03   1.5181727e+00
   2.1178800e+00   4.9678266e+04   1.7248332e+01   3.5163085e+03   1.5212858e+00
   2.1182900e+00   4.6721526e+04   1.6339296e+01   9.4136371e+02   1.5262957e+00
   2.1186900e+00   4.2558075e+04   1.5320617e+01  -2.5026073e+03   1.5157108e+00
   2.1191000e+00   4.2813056e+04   1.5004229e+01  -1.2957651e+03   1.5094903e+00
   2.1195100e+00   4.2062197e+04   1.4772044e+01  -1.0004470e+03   1.5030526e+00
   2.1199200e+00   4.2014017e+04   1.4767481e+01  -5.3571132e+01   1.4991384e+00
   2.1203300e+00   4.2237125e+04   1.4819696e+01   9.8324681e+02   1.5029630e+00
   2.1207400e+00   4.0987345e+04   1.4368571e+01   2.6576097e+02   1.5080554e+00
   2.1211500e+00   4.0343181e+04   1.4116923e+01  -1.8994623e+02   1.5143173e+00
   2.1215600e+00   4.1564836e+04   1.4642215e+01   8.5329226e+02   1.5162794e+00
   2.1219700e+00   4.2138543e+04   1.4823965e+01   8.9794200e+02   1.5135386e+00
   2.1223800e+00   4.1084332e+04   1.4530956e+01  -9.8016945e+02   1.5074131e+00
   2.1227900e+00   4.2729045e+04   1.5179889e+01  -3.6042036e+02   1.4970121e+00
   2.1232000e+00   4.4601627e+04   1.5732836e+01   4.1196243e+02   1.4904736e+00
   2.1236100e+00   4.4540847e+04   1.5498371e+01  -6.7826004e+02   1.4888508e+00
   2.1240200e+00   4.2439085e+04   1.4886255e+01  -3.5920126e+03   1.4948828e+00
   2.1244300e+00   4.6721907e+04   1.6586493e+01   2.1588832e+02   1.5041962e+00
   2.1248400e+00   5.0447639e+04   1.7565152e+01   3.8683238e+03   1.5065593e+00
   2.1252500e+00   5.0125984e+04   1.7533333e+01   3.8674761e+03   1.5016317e+00
   2.1256700e+00   4.5882672e+04   1.6232763e+01   2.6029293e+02   1.4966675e+00
   2.1260800e+00   4.1346643e+04   1.4586726e+01  -3.4559436e+03   1.4858413e+00
   2.1264900e+00   4.1473800e+04   1.4929610e+01  -2.4782404e+03   1.4731517e+00
   2.1269000e+00   4.2345272e+04   1.4963858e+01  -8.6344301e+02   1.4717358e+00
   2.1273100e+00   4.2997660e+04   1.5043545e+01   3.3132781e+02   1.4754947e+00
   2.1277200e+00   4.2917616e+04   1.5088986e+01   5.5609308e+02   1.4826777e+00
   2.1281300e+00   4.3469038e+04   1.5335283e+01   1.1888717e+03   1.4887444e+00
   2.1285500e+00   4.3902194e+04   1.5442058e+01   1.5258502e+03   1.4857499e+00
   2.1289600e+00   4.2896884e+04   1.5241763e+01   3.0287966e+02   1.4776527e+00
   2.1293700e+00   4.2205253e+04   1.4867342e+01  -6.7813271e+02   1.4698226e+00
   2.1297800e+00   4.2728809e+04   1.5089593e+01  -4.7982062e+02   1.4573834e+00
   2.1302000e+00   4.3583928e+04   1.5316836e+01   3.7100259e+01   1.4511772e+00
   2.1306100e+00   4.2711039e+04   1.5039299e+01  -1.1710100e+03   1.4483671e+00
   2.1310200e+00   4.3077672e+04   1.5264609e+01  -1.1228858e+03   1.4545945e+00
   2.1314300e+00   4.4667600e+04   1.5594293e+01   1.7670792e+02   1.4632336e+00
   2.1318500e+00   4.5633350e+04   1.6209169e+01   8.8581580e+02   1.4634748e+00
   2.1322600e+00   4.6213959e+04   1.6384350e+01   1.2397466e+03   1.4597571e+00
   2.1326700e+00   4.7483230e+04   1.6620201e+01   2.3002412e+03   1.4465533e+00
   2.1330900e+00   4.5900480e+04   1.6273238e+01   5.1497626e+02   1.4364361e+00
   2.1335000e+00   4.3449134e+04   1.5028546e+01  -2.1285657e+03   1.4257982e+00
   2.1339100e+00   4.3416411e+04   1.5162070e+01  -2.3089691e+03   1.4198711e+00
   2.1343300e+00   4.4039039e+04   1.5525028e+01  -1.7197513e+03   1.4247417e+00
   2.1347400e+00   4.3878449e+04   1.5408879e+01  -1.7028332e+03   1.4333775e+00
   2.1351500e+00   4.5107142e+04   1.5807324e+01   1.3880888e+01   1.4393616e+00
   2.1355700e+00   5.5011078e+04   1.9764244e+01   1.0785171e+04   1.3854159e+00
   2.1359800e+00   4.0051603e+04   1.6390939e+01  -2.9138265e+03   1.4244169e+00
   2.1364000e+00   3.9838956e+04   1.5322243e+01  -1.5240639e+03   1.4251357e+00
   2.1368100e+00   3.7911912e+04   1.5477826e+01  -1.6155390e+03   1.4211634e+00
   2.1372200e+00   3.6444052e+04   1.5212366e+01  -1.1565582e+03   1.4211257e+00
   2.1376400e+00   3.5191664e+04   1.4637067e+01  -5.3008892e+02   1.4289058e+00
   2.1380500e+00   3.4172949e+04   1.4056306e+01   1.7352995e+02   1.4397310e+00
   2.1384700e+00   3.3348232e+04   1.4203978e+01   8.5208213e+02   1.4422737e+00
   2.1388800e+00   3.1866270e+04   1.3692863e+01   6.3807304e+02   1.4434353e+00
   2.1393000e+00   3.0377285e+04   1.3791110e+01   2.0033548e+02   1.4322962e+00
   2.1397100e+00   2.9328004e+04   1.3590935e+01   2.1884737e+01   1.4158684e+00
   2.1401300e+00   2.8521660e+04   1.3158297e+01  -5.6725380e+01   1.3992892e+00
   2.1405400e+00   2.7768982e+04   1.2578911e+01  -1.9798995e+02   1.3938265e+00
   2.1409600e+00   2.7697747e+04   1.2271355e+01   2.3707998e+02   1.4075510e+00
   2.1413700e+00   2.6809812e+04   1.1505982e+01  -2.5280668e+02   1.4426197e+00
   2.1417900e+00   2.6006559e+04   1.0949068e+01  -7.7823080e+02   1.4563483e+00
   2.1422100e+00   2.6632893e+04   1.0763346e+01  -7.7288327e+00   1.4691155e+00
   2.1426200e+00   2.7290344e+04   1.0486698e+01   6.5300197e+02   1.4848804e+00
   2.1430400e+00   2.7528564e+04   1.0390205e+01   7.6008317e+02   1.4827975e+00
   2.1434500e+00   2.7417107e+04   1.0204988e+01   4.0925970e+02   1.4712064e+00
   2.1438700e+00   2.6713686e+04   9.9402848e+00  -5.9279418e+02   1.4622934e+00
   2.1442900e+00   2.7208824e+04   1.0423305e+01  -3.8574659e+02   1.4631463e+00
   2.1447000e+00   2.6968332e+04   1.0263278e+01  -8.2177512e+02   1.4737629e+00
   2.1451200e+00   2.6992386e+04   1.0032338e+01  -8.2314196e+02   1.4908916e+00
   2.1455400e+00   2.7746721e+04   1.0542188e+01   1.2523177e+02   1.4945934e+00
   2.1459500e+00   2.7054891e+04   1.0323073e+01  -1.5794159e+02   1.4969642e+00
   2.1463700e+00   2.7457133e+04   1.0736626e+01   7.8838494e+02   1.4892910e+00
   2.1467900e+00   2.7397967e+04   1.0443900e+01   1.2502081e+03   1.4686031e+00
   2.1472000e+00   2.7263689e+04   1.0280799e+01   1.3941189e+03   1.4585153e+00
   2.1476200e+00   2.7617979e+04   1.0444549e+01   1.5465935e+03   1.4544382e+00
   2.1480400e+00   2.7210233e+04   1.0112632e+01   2.6533132e+02   1.4677979e+00
   2.1484600e+00   2.8155794e+04   1.0834719e+01  -4.1322717e+02   1.4784656e+00
   2.1488700e+00   2.8419482e+04   1.0516621e+01  -2.4399994e+03   1.4892644e+00
   2.1492900e+00   2.8193654e+04   1.0502906e+01  -5.3632505e+03   1.4958141e+00
   2.1497100e+00   2.9141193e+04   1.0943951e+01  -7.1256410e+03   1.4891295e+00
   2.1501300e+00   3.8215278e+04   1.4516239e+01  -3.3472284e+02   1.4742869e+00
   2.1505500e+00   5.2072684e+04   1.8573731e+01   1.2034565e+04   1.4578597e+00
   2.1509600e+00   5.2860337e+04   1.8937674e+01   1.2326902e+04   1.4515093e+00
   2.1513800e+00   4.1856700e+04   1.5584040e+01   1.8006675e+03   1.4562556e+00
   2.1518000e+00   3.1068135e+04   1.1404875e+01  -7.7567847e+03   1.4671607e+00
   2.1522200e+00   2.9562949e+04   1.0976048e+01  -7.6179931e+03   1.4801702e+00
   2.1526400e+00   2.9247847e+04   1.0834822e+01  -6.2292841e+03   1.4864657e+00
   2.1530600e+00   3.1618361e+04   1.2046975e+01  -2.3604387e+03   1.4808325e+00
   2.1534700e+00   3.6718092e+04   1.3378462e+01   3.9069293e+03   1.4725638e+00
   2.1538900e+00   3.7870923e+04   1.3786117e+01   5.9048625e+03   1.4555772e+00
   2.1543100e+00   3.5771435e+04   1.3082258e+01   4.4190680e+03   1.4433384e+00
   2.1547300e+00   3.0366042e+04   1.1432566e+01  -4.9590824e+02   1.4431189e+00
   2.1551500e+00   2.9404979e+04   1.0837741e+01  -1.0181390e+03   1.4513106e+00
   2.1555700e+00   2.8768219e+04   1.0721616e+01  -1.2537648e+03   1.4677321e+00
   2.1559900e+00   2.7984198e+04   1.0308217e+01  -1.7058055e+03   1.4778935e+00
   2.1564100e+00   2.8315083e+04   1.0425080e+01  -1.1560517e+03   1.4794918e+00
   2.1568300e+00   2.8467421e+04   1.0553824e+01  -9.2067060e+02   1.4692871e+00
   2.1572500e+00   2.9148794e+04   1.0833681e+01  -2.7338975e+02   1.4537141e+00
   2.1576700e+00   3.0078099e+04   1.1190429e+01   5.6427738e+02   1.4377766e+00
   2.1580900e+00   3.1281940e+04   1.1456223e+01   1.7004142e+03   1.4312644e+00
   2.1585100e+00   3.1690259e+04   1.1542075e+01   2.1404382e+03   1.4387948e+00
   2.1589300e+00   2.8767478e+04   1.0698765e+01  -6.0667825e+02   1.4490226e+00
   2.1593500e+00   2.8321794e+04   1.0528151e+01  -7.3307299e+02   1.4654502e+00
   2.1597700e+00   2.8418516e+04   1.0704415e+01  -2.1778708e+02   1.4676111e+00
   2.1601900e+00   2.7478629e+04   1.0245011e+01  -7.1325443e+02   1.4593162e+00
   2.1606100e+00   2.7644663e+04   1.0308581e+01  -1.5682414e+02   1.4491108e+00
   2.1610300e+00   2.7259968e+04   1.0352598e+01  -2.6981621e+02   1.4361583e+00
   2.1614500e+00   2.7813079e+04   1.0312233e+01   4.0175437e+02   1.4252383e+00
   2.1618800e+00   2.7502103e+04   1.0449706e+01   5.6958511e+01   1.4291768e+00
   2.1623000e+00   2.7397356e+04   1.0306939e+01  -2.0190829e+02   1.4395404e+00
   2.1627200e+00   2.7825666e+04   1.0379099e+01   3.2381145e+00   1.4565352e+00
   2.1631400e+00   2.8080502e+04   1.0435146e+01   2.1548537e+01   1.4645883e+00
   2.1635600e+00   2.8876320e+04   1.0856216e+01   6.1433684e+02   1.4636243e+00
   2.1639800e+00   2.9561503e+04   1.0925963e+01   1.1597183e+03   1.4566185e+00
   2.1644000e+00   2.8188235e+04   1.0478788e+01  -2.7890117e+02   1.4388011e+00
   2.1648300e+00   2.7315518e+04   1.0045363e+01  -1.1455947e+03   1.4277717e+00
   2.1652500e+00   2.7746210e+04   1.0364132e+01  -6.4856140e+02   1.4251888e+00
   2.1656700e+00   2.8093395e+04   1.0521002e+01  -1.8837453e+02   1.4338554e+00
   2.1660900e+00   2.7881028e+04   1.0511879e+01  -2.5519943e+02   1.4469949e+00
   2.1665100e+00   2.8495745e+04   1.0747584e+01   5.2035991e+02   1.4596085e+00
   2.1669400e+00   2.8344797e+04   1.0770506e+01   5.2000497e+02   1.4670212e+00
   2.1673600e+00   2.8372252e+04   1.0568720e+01   6.5050142e+02   1.4584962e+00
   2.1677800e+00   2.8105863e+04   1.0536659e+01   3.9283156e+02   1.4440149e+00
   2.1682000e+00   2.8113116e+04   1.0540064e+01   2.6786813e+02   1.4313201e+00
   2.1686300e+00   2.8168936e+04   1.0708911e+01   1.9778107e+01   1.4226400e+00
   2.1690500e+00   2.7755326e+04   1.0412817e+01  -8.6759297e+02   1.4279140e+00
   2.1694700e+00   2.8252466e+04   1.0673930e+01  -9.6899016e+02   1.4441255e+00
   2.1699000e+00   2.8341738e+04   1.0652144e+01  -1.5164289e+03   1.4604257e+00
   2.1703200e+00   2.9072531e+04   1.0911161e+01  -1.3490993e+03   1.4684472e+00
   2.1707400e+00   3.2453719e+04   1.2209488e+01   1.6489884e+03   1.4634280e+00
   2.1711700e+00   3.3989301e+04   1.2326832e+01   3.0524440e+03   1.4507159e+00
   2.1715900e+00   3.2668674e+04   1.1991097e+01   1.8616215e+03   1.4382910e+00
   2.1720100e+00   2.9635249e+04   1.1033206e+01  -8.3418499e+02   1.4269274e+00
   2.1724400e+00   2.8838773e+04   1.0726593e+01  -1.1896031e+03   1.4266269e+00
   2.1728600e+00   2.8606067e+04   1.0555182e+01  -1.0001902e+03   1.4356476e+00
   2.1732900e+00   2.8991085e+04   1.0610835e+01  -3.1283549e+02   1.4541068e+00
   2.1737100e+00   2.8308058e+04   1.0556317e+01  -8.5968661e+02   1.4638743e+00
   2.1741300e+00   2.9079407e+04   1.0657323e+01  -9.6794758e+01   1.4672785e+00
   2.1745600e+00   2.8875835e+04   1.0658034e+01  -3.7500594e+02   1.4538495e+00
   2.1749800e+00   2.8986277e+04   1.0730074e+01  -3.0288368e+02   1.4370544e+00
   2.1754100e+00   2.9987651e+04   1.1258010e+01   7.7792684e+02   1.4236525e+00
   2.1758300e+00   2.9423075e+04   1.0964928e+01   4.2813176e+02   1.4147367e+00
   2.1762600e+00   3.0176127e+04   1.0994513e+01   1.4597974e+03   1.4265280e+00
   2.1766800e+00   3.0497013e+04   1.1366095e+01   1.9661364e+03   1.4382608e+00
   2.1771100e+00   2.9465848e+04   1.0925355e+01   8.2143463e+02   1.4498993e+00
   2.1775300e+00   2.9188777e+04   1.0917530e+01  -5.9924745e+01   1.4628924e+00
   2.1779600e+00   2.9008114e+04   1.0783064e+01  -1.4414766e+03   1.4515738e+00
   2.1783800e+00   2.9449404e+04   1.0823301e+01  -2.7595229e+03   1.4396237e+00
   2.1788100e+00   3.0509683e+04   1.1301019e+01  -3.8130945e+03   1.4266393e+00
   2.1792300e+00   3.2017103e+04   1.1589862e+01  -4.4329311e+03   1.4156821e+00
   2.1796600e+00   3.8945435e+04   1.4692204e+01   7.5562887e+02   1.4135359e+00
   2.1800800e+00   4.8078706e+04   1.7080674e+01   8.8920691e+03   1.4256767e+00
   2.1805100e+00   4.7214264e+04   1.6783347e+01   7.9865326e+03   1.4383609e+00
   2.1809400e+00   3.8664429e+04   1.4212525e+01   3.6431446e+02   1.4521340e+00
   2.1813600e+00   3.1286945e+04   1.1374460e+01  -5.3051487e+03   1.4516236e+00
   2.1817900e+00   2.9759848e+04   1.0895585e+01  -4.6803534e+03   1.4413723e+00
   2.1822100e+00   2.9989893e+04   1.1152023e+01  -2.2486662e+03   1.4256835e+00
   2.1826400e+00   2.9338375e+04   1.0983470e+01  -1.0035051e+03   1.4108585e+00
   2.1830700e+00   2.9785819e+04   1.1133896e+01   7.9186500e+02   1.4039289e+00
   2.1834900e+00   2.9806811e+04   1.1140476e+01   1.5083996e+03   1.4130734e+00
   2.1839200e+00   3.0335663e+04   1.1236373e+01   2.1058632e+03   1.4270629e+00
   2.1843500e+00   3.0612359e+04   1.1185580e+01   1.9416753e+03   1.4415419e+00
   2.1847700e+00   3.0038777e+04   1.0964116e+01   5.8215031e+02   1.4418230e+00
   2.1852000e+00   2.9854664e+04   1.1009049e+01  -5.5961436e+02   1.4375341e+00
   2.1856300e+00   2.9793981e+04   1.1009156e+01  -1.5920089e+03   1.4217956e+00
   2.1860600e+00   2.9919198e+04   1.1005305e+01  -2.3227557e+03   1.4056082e+00
   2.1864800e+00   3.0522655e+04   1.1406051e+01  -2.3630209e+03   1.3930337e+00
   2.1869100e+00   3.4543483e+04   1.2787788e+01   1.2847045e+03   1.3962292e+00
   2.1873400e+00   3.6704764e+04   1.3161496e+01   3.3596939e+03   1.4059004e+00
   2.1877600e+00   3.6695601e+04   1.3192431e+01   3.5254978e+03   1.4225065e+00
   2.1881900e+00   3.2044564e+04   1.1758637e+01  -7.4749449e+02   1.4233302e+00
   2.1886200e+00   2.9747792e+04   1.0985028e+01  -2.5367873e+03   1.4226906e+00
   2.1890500e+00   3.0350514e+04   1.1287412e+01  -1.3646738e+03   1.4042052e+00
   2.1894800e+00   2.9513494e+04   1.0811198e+01  -1.6128880e+03   1.3938075e+00
   2.1899000e+00   3.0508750e+04   1.1116497e+01  -2.0225429e+01   1.3808289e+00
   2.1903300e+00   2.9998054e+04   1.1007683e+01   8.4159239e+01   1.3761374e+00
   2.1907600e+00   2.9708228e+04   1.0992198e+01   4.2872439e+02   1.3806030e+00
   2.1911900e+00   2.9754925e+04   1.0912667e+01   1.0915830e+03   1.3912311e+00
   2.1916200e+00   2.9566975e+04   1.0880314e+01   1.4031901e+03   1.3972865e+00
   2.1920500e+00   2.9499395e+04   1.0879523e+01   1.5616101e+03   1.3969711e+00
   2.1924800e+00   2.9695291e+04   1.1023988e+01   1.5263664e+03   1.3861137e+00
   2.1929000e+00   2.9277578e+04   1.0837634e+01   2.6746032e+02   1.3712582e+00
   2.1933300e+00   2.9212350e+04   1.0979532e+01  -1.3043942e+03   1.3581380e+00
   2.1937600e+00   2.9594080e+04   1.0834461e+01  -2.9997248e+03   1.3509452e+00
   2.1941900e+00   2.9786798e+04   1.0969087e+01  -5.1938101e+03   1.3508822e+00
   2.1946200e+00   3.1055772e+04   1.1559823e+01  -6.2319112e+03   1.3544337e+00
   2.1950500e+00   4.1447722e+04   1.5513110e+01   2.3629400e+03   1.3628308e+00
   2.1954800e+00   5.1105120e+04   1.8359398e+01   1.1090180e+04   1.3655654e+00
   2.1959100e+00   4.9047485e+04   1.7376659e+01   9.1526924e+03   1.3614783e+00
   2.1963400e+00   3.7115697e+04   1.3688043e+01  -1.6512357e+03   1.3518220e+00
   2.1967700e+00   3.1055031e+04   1.1508460e+01  -5.8345879e+03   1.3361915e+00
   2.1972000e+00   3.0098853e+04   1.1068904e+01  -4.5662285e+03   1.3247355e+00
   2.1976300e+00   3.0176313e+04   1.1175948e+01  -2.3514712e+03   1.3182332e+00
   2.1980600e+00   3.0493394e+04   1.1131969e+01  -3.3758098e+02   1.3199748e+00
   2.1984900e+00   3.0192044e+04   1.1123229e+01   4.2268930e+02   1.3288676e+00
   2.1989200e+00   3.0455130e+04   1.1216104e+01   1.0984347e+03   1.3353511e+00
   2.1993500e+00   3.0641478e+04   1.1300051e+01   1.1851704e+03   1.3365393e+00
   2.1997800e+00   3.1487776e+04   1.1480503e+01   1.6407340e+03   1.3310322e+00
   2.2002100e+00   3.1364858e+04   1.1432535e+01   1.0649251e+03   1.3130667e+00
   2.2006400e+00   3.0883281e+04   1.1300361e+01   2.4070157e+02   1.2965921e+00
   2.2010700e+00   3.0088385e+04   1.1177713e+01  -7.0747846e+02   1.2927257e+00
   2.2015000e+00   2.9764300e+04   1.0994564e+01  -1.0137662e+03   1.2934732e+00
   2.2019300e+00   3.0601310e+04   1.1109914e+01  -7.9339150e+01   1.2995429e+00
   2.2023600e+00   3.0229805e+04   1.1126399e+01  -3.9648598e+02   1.3030611e+00
   2.2027900e+00   3.1221487e+04   1.1409765e+01   4.9830661e+02   1.3079073e+00
   2.2032300e+00   3.0927061e+04   1.1401484e+01  -1.0096436e+02   1.3039941e+00
   2.2036600e+00   3.0533951e+04   1.1165711e+01  -9.9275298e+02   1.2955653e+00
   2.2040900e+00   3.0770310e+04   1.1313324e+01  -1.3660578e+03   1.2792988e+00
   2.2045200e+00   3.2096400e+04   1.1737095e+01  -6.3116258e+02   1.2667474e+00
   2.2049500e+00   3.5707217e+04   1.3025936e+01   2.5483072e+03   1.2659295e+00
   2.2053800e+00   3.6002696e+04   1.2957005e+01   2.6896203e+03   1.2693015e+00
   2.2058100e+00   3.3683702e+04   1.2305483e+01   5.5994785e+02   1.2768188e+00
   2.2062500e+00   3.0959413e+04   1.1294026e+01  -1.6286523e+03   1.2823795e+00
   2.2066800e+00   3.0431662e+04   1.1050436e+01  -1.3323425e+03   1.2839265e+00
   2.2071100e+00   2.9326502e+04   1.0818218e+01  -1.4291660e+03   1.2759874e+00
   2.2075400e+00   2.8987018e+04   1.0697635e+01  -7.0693876e+02   1.2649351e+00
   2.2079800e+00   2.8832844e+04   1.0711384e+01   1.1284790e+02   1.2522257e+00
   2.2084100e+00   2.9022182e+04   1.0713141e+01   1.0482855e+03   1.2468176e+00
   2.2088400e+00   2.8910224e+04   1.0730829e+01   1.3246295e+03   1.2447856e+00
   2.2092700e+00   2.9722312e+04   1.0868999e+01   2.0594002e+03   1.2496709e+00
   2.2097100e+00   2.8873375e+04   1.0655556e+01   6.0088737e+02   1.2580613e+00
   2.2101400e+00   2.9100667e+04   1.0715286e+01  -3.1450899e+02   1.2657852e+00
   2.2105700e+00   2.9908155e+04   1.1050664e+01  -1.0954955e+03   1.2607063e+00
   2.2110000e+00   2.9436447e+04   1.0891349e+01  -3.4172900e+03   1.2499298e+00
   2.2114400e+00   2.9986890e+04   1.1095005e+01  -4.7137004e+03   1.2374053e+00
   2.2118700e+00   3.4668614e+04   1.3234252e+01  -1.5762158e+03   1.2278729e+00
   2.2123000e+00   4.3698817e+04   1.6060101e+01   6.4787773e+03   1.2239880e+00
   2.2127400e+00   4.5230171e+04   1.6195527e+01   7.7706917e+03   1.2319240e+00
   2.2131700e+00   3.8262931e+04   1.3856362e+01   1.3237341e+03   1.2392822e+00
   2.2136000e+00   3.1772975e+04   1.1717997e+01  -4.0114972e+03   1.2467677e+00
   2.2140400e+00   3.0740752e+04   1.1404180e+01  -3.4966453e+03   1.2463364e+00
   2.2144700e+00   2.9996573e+04   1.1073340e+01  -2.5966361e+03   1.2414953e+00
   2.2149000e+00   3.0842131e+04   1.1332247e+01  -2.8467743e+02   1.2327306e+00
   2.2153400e+00   3.0875861e+04   1.1361056e+01   8.4180379e+02   1.2201532e+00
   2.2157700e+00   3.0203150e+04   1.1195100e+01   8.0010872e+02   1.2108935e+00
   2.2162100e+00   3.0560032e+04   1.1177337e+01   1.3428259e+03   1.2155170e+00
   2.2166400e+00   3.0266370e+04   1.1047184e+01   8.8408079e+02   1.2200205e+00
   2.2170800e+00   2.9877969e+04   1.0985676e+01   1.1430613e+02   1.2312641e+00
   2.2175100e+00   2.9705589e+04   1.0976198e+01  -5.1662079e+02   1.2344734e+00
   2.2179400e+00   2.9995813e+04   1.0894742e+01  -6.4523335e+02   1.2348567e+00
   2.2183800e+00   3.1500650e+04   1.1546114e+01   5.6063814e+02   1.2262014e+00
   2.2188100e+00   3.0700029e+04   1.1240675e+01  -3.7864196e+02   1.2164701e+00
   2.2192500e+00   3.0312516e+04   1.1149549e+01  -7.3950117e+02   1.2065174e+00
   2.2196800e+00   3.1125875e+04   1.1412852e+01   2.4235802e+02   1.2037422e+00
   2.2201200e+00   3.0636981e+04   1.1184615e+01   0.0000000e+00   1.2060427e+00
   2.2205500e+00   3.0287558e+04   1.1254281e+01   0.0000000e+00   1.2146215e+00
   2.2209900e+00   3.0151800e+04   1.1163532e+01   0.0000000e+00   1.2188146e+00
   2.2214200e+00   3.0475165e+04   1.1221203e+01   0.0000000e+00   1.2245088e+00
   2.2218600e+00   3.0484591e+04   1.1115739e+01   0.0000000e+00   1.2195202e+00
   2.2222900e+00   3.0080405e+04   1.1148101e+01   0.0000000e+00   1.2071468e+00
   2.2227300e+00   2.9624470e+04   1.0923088e+01   0.0000000e+00   1.1906089e+00
   2.2231700e+00   3.0110316e+04   1.1180605e+01   0.0000000e+00   1.1901792e+00
   2.2236000e+00   3.0272299e+04   1.1358686e+01   0.0000000e+00   1.1882693e+00
   2.2240400e+00   3.1534783e+04   1.1554294e+01   0.0000000e+00   1.1917589e+00
   2.2244700e+00   3.4033335e+04   1.2348135e+01   0.0000000e+00   1.2004191e+00
   2.2249100e+00   3.4877412e+04   1.2630520e+01   0.0000000e+00   1.2066455e+00
   2.2253400e+00   3.3333463e+04   1.2217555e+01   0.0000000e+00   1.2069775e+00
   2.2257800e+00   3.0571012e+04   1.1417462e+01   0.0000000e+00   1.1978072e+00
   2.2262200e+00   3.1627537e+04   1.1615407e+01   0.0000000e+00   1.1881189e+00
   2.2266500e+00   3.1590935e+04   1.1659860e+01   0.0000000e+00   1.1782975e+00
   2.2270900e+00   3.1408682e+04   1.1570740e+01   0.0000000e+00   1.1733280e+00
   2.2275300e+00   3.1471823e+04   1.1444057e+01   0.0000000e+00   1.1753334e+00
   2.2279600e+00   3.0876931e+04   1.1533759e+01   0.0000000e+00   1.1802228e+00
   2.2284000e+00   3.1032419e+04   1.1381748e+01   0.0000000e+00   1.1902579e+00
   2.2288400e+00   3.1387819e+04   1.1474618e+01   0.0000000e+00   1.1964463e+00
   2.2292700e+00   3.1373757e+04   1.1483204e+01   0.0000000e+00   1.1925045e+00
   2.2297100e+00   3.1794772e+04   1.1602902e+01   0.0000000e+00   1.1825550e+00
   2.2301500e+00   3.2545834e+04   1.1992798e+01   0.0000000e+00   1.1676641e+00
   2.2305800e+00   3.5375713e+04   1.2777650e+01   0.0000000e+00   1.1602363e+00
   2.2310200e+00   4.0186212e+04   1.4420305e+01   0.0000000e+00   1.1599358e+00
   2.2314600e+00   3.9997376e+04   1.4330017e+01   0.0000000e+00   1.1630552e+00
   2.2319000e+00   3.6947417e+04   1.3520427e+01   0.0000000e+00   1.1718484e+00
   2.2323300e+00   3.3002070e+04   1.2066749e+01   0.0000000e+00   1.1812823e+00
   2.2327700e+00   3.1867213e+04   1.1588429e+01   0.0000000e+00   1.1801295e+00
   2.2332100e+00   3.2261001e+04   1.1762821e+01   0.0000000e+00   1.1768379e+00
   2.2336500e+00   3.2463647e+04   1.1855345e+01   0.0000000e+00   1.1628326e+00
   2.2340900e+00   3.2487074e+04   1.1736639e+01   0.0000000e+00   1.1566618e+00
   2.2345200e+00   3.2143787e+04   1.1728881e+01   0.0000000e+00   1.1562370e+00
   2.2349600e+00   3.1608023e+04   1.1516713e+01   0.0000000e+00   1.1551870e+00
   2.2354000e+00   3.0868984e+04   1.1184446e+01   0.0000000e+00   1.1604828e+00
   2.2358400e+00   3.0631051e+04   1.1166106e+01   0.0000000e+00   1.1666429e+00
   2.2362800e+00   3.0859724e+04   1.1334653e+01   0.0000000e+00   1.1725289e+00
   2.2367200e+00   3.1182792e+04   1.1566971e+01   0.0000000e+00   1.1716762e+00
   2.2371500e+00   3.1098316e+04   1.1393507e+01   0.0000000e+00   1.1607966e+00
   2.2375900e+00   3.0784591e+04   1.1249439e+01   0.0000000e+00   1.1505399e+00
   2.2380300e+00   3.1191030e+04   1.1452109e+01   0.0000000e+00   1.1426114e+00
   2.2384700e+00   3.0588802e+04   1.1338405e+01   0.0000000e+00   1.1414516e+00
   2.2389100e+00   3.1211258e+04   1.1556621e+01   0.0000000e+00   1.1470389e+00
   2.2393500e+00   3.1540719e+04   1.1492483e+01   0.0000000e+00   1.1538258e+00
   2.2397900e+00   3.2088337e+04   1.1749834e+01   0.0000000e+00   1.1617390e+00
   2.2402300e+00   3.1961450e+04   1.1652122e+01   0.0000000e+00   1.1638875e+00
   2.2406700e+00   3.1868894e+04   1.1587766e+01   0.0000000e+00   1.1606600e+00
   2.2411000e+00   3.1987421e+04   1.1799842e+01   0.0000000e+00   1.1489167e+00
   2.2415400e+00   3.2014213e+04   1.3210850e+01   0.0000000e+00   1.1379168e+00
   2.2419800e+00   3.2338830e+04   1.1895857e+01   0.0000000e+00   1.1324063e+00
   2.2424200e+00   3.2400351e+04   1.1881045e+01   0.0000000e+00   1.1322371e+00
   2.2428600e+00   3.2568609e+04   1.1671744e+01   0.0000000e+00   1.1420891e+00
   2.2433000e+00   3.2301300e+04   1.1714736e+01   0.0000000e+00   1.1457591e+00
   2.2437400e+00   3.2073497e+04   1.1691039e+01   0.0000000e+00   1.1485585e+00
   2.2441800e+00   3.1832842e+04   1.1619535e+01   0.0000000e+00   1.1483443e+00
   2.2446200e+00   3.2411818e+04   1.1713342e+01   0.0000000e+00   1.1422924e+00
   2.2450600e+00   3.1993482e+04   1.1886264e+01   0.0000000e+00   1.1339009e+00
   2.2455000e+00   3.3031132e+04   1.1917834e+01   0.0000000e+00   1.1233317e+00
   2.2459400e+00   3.3330677e+04   1.2071128e+01   0.0000000e+00   1.1208036e+00
   2.2463800e+00   3.3556814e+04   1.2106188e+01   0.0000000e+00   1.1220181e+00
   2.2468200e+00   3.2096500e+04   1.1566284e+01   0.0000000e+00   1.1288847e+00
   2.2472600e+00   3.1858099e+04   1.1601784e+01   0.0000000e+00   1.1356115e+00
   2.2477000e+00   3.2254109e+04   1.1744901e+01   0.0000000e+00   1.1394041e+00
   2.2481500e+00   3.1710642e+04   1.1659923e+01   0.0000000e+00   1.1353180e+00
   2.2485900e+00   3.1461861e+04   1.1533039e+01   0.0000000e+00   1.1211632e+00
   2.2490300e+00   3.2276567e+04   1.2095828e+01   0.0000000e+00   1.1094697e+00
   2.2494700e+00   3.1765123e+04   1.1725024e+01   0.0000000e+00   1.1050566e+00
   2.2499100e+00   3.1613705e+04   1.1630847e+01   0.0000000e+00   1.1084639e+00
   2.2503500e+00   3.2637232e+04   1.1922127e+01   0.0000000e+00   1.1108783e+00
   2.2507900e+00   3.3163343e+04   1.2149317e+01   0.0000000e+00   1.1161114e+00
   2.2512300e+00   3.5588772e+04   1.2857316e+01   0.0000000e+00   1.1237801e+00
   2.2516700e+00   3.6615174e+04   1.3122576e+01   0.0000000e+00   1.1237148e+00
   2.2521200e+00   3.6613464e+04   1.3365868e+01   0.0000000e+00   1.1134287e+00
   2.2525600e+00   3.4515347e+04   1.2355003e+01   0.0000000e+00   1.1051586e+00
   2.2530000e+00   3.4163721e+04   1.2417153e+01   0.0000000e+00   1.0944026e+00
   2.2534400e+00   3.3300320e+04   1.2372204e+01   0.0000000e+00   1.0882502e+00
   2.2538800e+00   3.3715281e+04   1.2243022e+01   0.0000000e+00   1.0914768e+00
   2.2543200e+00   3.4149754e+04   1.2411805e+01   0.0000000e+00   1.0986667e+00
   2.2547700e+00   3.4179287e+04   1.2382054e+01   0.0000000e+00   1.1042879e+00
   2.2552100e+00   3.4007323e+04   1.2291392e+01   0.0000000e+00   1.1074781e+00
   2.2556500e+00   3.4534545e+04   1.2527352e+01   0.0000000e+00   1.1043692e+00
   2.2560900e+00   3.4185958e+04   1.2556896e+01   0.0000000e+00   1.0976333e+00
   2.2565400e+00   3.4093299e+04   1.2265689e+01   0.0000000e+00   1.0872380e+00
   2.2569800e+00   3.4987220e+04   1.2631612e+01   0.0000000e+00   1.0795031e+00
   2.2574200e+00   3.4561287e+04   1.2429800e+01   0.0000000e+00   1.0781986e+00
   2.2578600e+00   3.4381641e+04   1.2349506e+01   0.0000000e+00   1.0788265e+00
   2.2583100e+00   3.4895820e+04   1.2613783e+01   0.0000000e+00   1.0856372e+00
   2.2587500e+00   3.4727792e+04   1.2533928e+01   0.0000000e+00   1.0914800e+00
   2.2591900e+00   3.4901507e+04   1.2518319e+01   0.0000000e+00   1.0923304e+00
   2.2596300e+00   3.3834162e+04   1.2157719e+01   0.0000000e+00   1.0875000e+00
   2.2600800e+00   3.4334203e+04   1.2412009e+01   0.0000000e+00   1.0778500e+00
   2.2605200e+00   3.4638104e+04   1.2281304e+01   0.0000000e+00   1.0699468e+00
   2.2609600e+00   3.4735761e+04   1.2353252e+01   0.0000000e+00   1.0626881e+00
   2.2614100e+00   3.5291306e+04   1.2913374e+01   0.0000000e+00   1.0603917e+00
   2.2618500e+00   3.5432725e+04   1.2907438e+01   0.0000000e+00   1.0631388e+00
   2.2622900e+00   3.4838365e+04   1.2569674e+01   0.0000000e+00   1.0728248e+00
   2.2627400e+00   3.4936817e+04   1.2566175e+01   0.0000000e+00   1.0749752e+00
   2.2631800e+00   3.4934934e+04   1.2497273e+01   0.0000000e+00   1.0683841e+00
   2.2636200e+00   3.4973137e+04   1.2609908e+01   0.0000000e+00   1.0638752e+00
   2.2640700e+00   3.5181724e+04   1.2600439e+01   0.0000000e+00   1.0544070e+00
   2.2645100e+00   3.5811101e+04   1.2738836e+01   0.0000000e+00   1.0507136e+00
   2.2649600e+00   3.5632085e+04   1.2844154e+01   0.0000000e+00   1.0467784e+00
   2.2654000e+00   3.5563375e+04   1.2629756e+01   0.0000000e+00   1.0461772e+00
   2.2658400e+00   3.4782648e+04   1.2549099e+01   0.0000000e+00   1.0526025e+00
   2.2662900e+00   3.4864919e+04   1.2560542e+01   0.0000000e+00   1.0571753e+00
   2.2667300e+00   3.4890120e+04   1.2525693e+01   0.0000000e+00   1.0589401e+00
   2.2671800e+00   3.5130277e+04   1.2679699e+01   0.0000000e+00   1.0574480e+00
   2.2676200e+00   3.5201434e+04   1.2643894e+01   0.0000000e+00   1.0496157e+00
   2.2680700e+00   3.5693860e+04   1.2714594e+01   0.0000000e+00   1.0385162e+00
   2.2685100e+00   3.6073038e+04   1.2934801e+01   0.0000000e+00   1.0313071e+00
   2.2689600e+00   3.5925138e+04   1.2946847e+01   0.0000000e+00   1.0290860e+00
   2.2694000e+00   3.6420005e+04   1.3044555e+01   0.0000000e+00   1.0341065e+00
   2.2698400e+00   3.5238736e+04   1.2669390e+01   0.0000000e+00   1.0379621e+00
   2.2702900e+00   3.5316324e+04   1.2576934e+01   0.0000000e+00   1.0434515e+00
   2.2707300e+00   3.4889379e+04   1.2522524e+01   0.0000000e+00   1.0440694e+00
   2.2711800e+00   3.5156549e+04   1.2704056e+01   0.0000000e+00   1.0407540e+00
   2.2716300e+00   3.5008225e+04   1.2614318e+01   0.0000000e+00   1.0311864e+00
   2.2720700e+00   3.5161732e+04   1.2567092e+01   0.0000000e+00   1.0230389e+00
   2.2725200e+00   3.5322253e+04   1.2698016e+01   0.0000000e+00   1.0156182e+00
   2.2729600e+00   3.4788584e+04   1.2437811e+01   0.0000000e+00   1.0160657e+00
   2.2734100e+00   3.5937691e+04   1.2784252e+01   0.0000000e+00   1.0214704e+00
   2.2738500e+00   3.6858809e+04   1.3154284e+01   0.0000000e+00   1.0260232e+00
   2.2743000e+00   3.8087016e+04   1.3606839e+01   0.0000000e+00   1.0318671e+00
   2.2747400e+00   3.6005661e+04   1.2959288e+01   0.0000000e+00   1.0293649e+00
   2.2751900e+00   3.6800227e+04   1.3310931e+01   0.0000000e+00   1.0271004e+00
   2.2756300e+00   3.6454843e+04   1.3055923e+01   0.0000000e+00   1.0183223e+00
   2.2760800e+00   3.7331330e+04   1.3439308e+01   0.0000000e+00   1.0107334e+00
   2.2765300e+00   3.7148239e+04   1.3154917e+01   0.0000000e+00   1.0079931e+00
   2.2769700e+00   3.6349073e+04   1.3150015e+01   0.0000000e+00   1.0067001e+00
   2.2774200e+00   3.6667976e+04   1.3187212e+01   0.0000000e+00   1.0133591e+00
   2.2778700e+00   3.6773984e+04   1.3265151e+01   0.0000000e+00   1.0184849e+00
   2.2783100e+00   3.7563902e+04   1.3540811e+01   0.0000000e+00   1.0209194e+00
   2.2787600e+00   3.6781027e+04   1.3284209e+01   0.0000000e+00   1.0203788e+00
   2.2792000e+00   3.7354523e+04   1.3249843e+01   0.0000000e+00   1.0153710e+00
   2.2796500e+00   3.7556465e+04   1.3287843e+01   0.0000000e+00   1.0063623e+00
   2.2801000e+00   3.7438446e+04   1.3259823e+01   0.0000000e+00   1.0002064e+00
   2.2805400e+00   3.7872061e+04   1.3627406e+01   0.0000000e+00   9.9968985e-01
   2.2809900e+00   3.7297840e+04   1.3312568e+01   0.0000000e+00   1.0036559e+00
   2.2814400e+00   3.7358975e+04   1.3272400e+01   0.0000000e+00   1.0088396e+00
   2.2818900e+00   3.8583012e+04   1.3553629e+01   0.0000000e+00   1.0147406e+00
   2.2823300e+00   3.7997863e+04   1.3494885e+01   0.0000000e+00   1.0158282e+00
   2.2827800e+00   3.7948407e+04   1.3533813e+01   0.0000000e+00   1.0110455e+00
   2.2832300e+00   3.8854131e+04   1.3944293e+01   0.0000000e+00   1.0029962e+00
   2.2836700e+00   3.8143397e+04   1.3537520e+01   0.0000000e+00   9.9601956e-01
   2.2841200e+00   3.8239023e+04   1.3655779e+01   0.0000000e+00   9.9002858e-01
   2.2845700e+00   3.8774234e+04   1.3764945e+01   0.0000000e+00   9.8959118e-01
   2.2850200e+00   3.8981673e+04   1.3904630e+01   0.0000000e+00   9.9412936e-01
   2.2854600e+00   3.9207733e+04   1.3776490e+01   0.0000000e+00   1.0022036e+00
   2.2859100e+00   3.8859360e+04   1.3793837e+01   0.0000000e+00   1.0063267e+00
   2.2863600e+00   3.8407463e+04   1.3652494e+01   0.0000000e+00   1.0040123e+00
   2.2868100e+00   3.9040229e+04   1.3776529e+01   0.0000000e+00   9.9991792e-01
   2.2872500e+00   3.8928368e+04   1.3778086e+01   0.0000000e+00   9.9133125e-01
   2.2877000e+00   3.9099035e+04   1.3909908e+01   0.0000000e+00   9.8300606e-01
   2.2881500e+00   3.8994138e+04   1.3789446e+01   0.0000000e+00   9.7871244e-01
   2.2886000e+00   3.9545737e+04   1.3955985e+01   0.0000000e+00   9.8216610e-01
   2.2890500e+00   3.9527186e+04   1.4123965e+01   0.0000000e+00   9.8455004e-01
   2.2895000e+00   3.9449273e+04   1.3943324e+01   0.0000000e+00   9.9000222e-01
   2.2899400e+00   3.9586663e+04   1.4170132e+01   0.0000000e+00   9.9125561e-01
   2.2903900e+00   3.9381933e+04   1.4163520e+01   0.0000000e+00   9.9294413e-01
   2.2908400e+00   4.0174301e+04   1.4233946e+01   0.0000000e+00   9.8557255e-01
   2.2912900e+00   3.9724755e+04   1.4230577e+01   0.0000000e+00   9.7584034e-01
   2.2917400e+00   3.9845414e+04   1.4101420e+01   0.0000000e+00   9.7057331e-01
   2.2921900e+00   3.9617571e+04   1.4019141e+01   0.0000000e+00   9.6927883e-01
   2.2926400e+00   3.9992222e+04   1.4189327e+01   0.0000000e+00   9.7005619e-01
   2.2930800e+00   4.0098402e+04   1.4250166e+01   0.0000000e+00   9.7715935e-01
   2.2935300e+00   3.9826523e+04   1.4240557e+01   0.0000000e+00   9.8087243e-01
   2.2939800e+00   3.9848066e+04   1.4156218e+01   0.0000000e+00   9.8385342e-01
   2.2944300e+00   4.0407597e+04   1.4365547e+01   0.0000000e+00   9.8123564e-01
   2.2948800e+00   4.0541948e+04   1.4561827e+01   0.0000000e+00   9.7599206e-01
   2.2953300e+00   4.0714653e+04   1.4506245e+01   0.0000000e+00   9.6677986e-01
   2.2957800e+00   3.9913738e+04   1.4302761e+01   0.0000000e+00   9.6313487e-01
   2.2962300e+00   3.9776264e+04   1.3976361e+01   0.0000000e+00   9.5847303e-01
   2.2966800e+00   4.0373100e+04   1.4316512e+01   0.0000000e+00   9.6255031e-01
   2.2971300e+00   4.0329853e+04   1.4441575e+01   0.0000000e+00   9.7047739e-01
   2.2975800e+00   4.0540132e+04   1.4329563e+01   0.0000000e+00   9.7329695e-01
   2.2980300e+00   4.0994749e+04   1.4436246e+01   0.0000000e+00   9.7491617e-01
   2.2984800e+00   4.1842794e+04   1.4813413e+01   0.0000000e+00   9.7070581e-01
   2.2989300e+00   4.1109405e+04   1.4491288e+01   0.0000000e+00   9.6078381e-01
   2.2993800e+00   4.0921467e+04   1.4484836e+01   0.0000000e+00   9.5316287e-01
   2.2998300e+00   4.1455413e+04   1.4759732e+01   0.0000000e+00   9.4938004e-01
   2.3002800e+00   4.0982902e+04   1.4410878e+01   0.0000000e+00   9.4944344e-01
   2.3007300e+00   4.0536430e+04   1.4277428e+01   0.0000000e+00   9.5384020e-01
   2.3011800e+00   4.0358865e+04   1.4183718e+01   0.0000000e+00   9.6058548e-01
   2.3016300e+00   4.0164665e+04   1.4186095e+01   0.0000000e+00   9.6313724e-01
   2.3020800e+00   4.0149931e+04   1.4332147e+01   0.0000000e+00   9.6203535e-01
   2.3025300e+00   4.0594183e+04   1.4337112e+01   0.0000000e+00   9.5648265e-01
   2.3029800e+00   4.1165588e+04   1.4514514e+01   0.0000000e+00   9.4998538e-01
   2.3034300e+00   4.1233113e+04   1.4579966e+01   0.0000000e+00   9.4197768e-01
   2.3038800e+00   4.1186365e+04   1.4428229e+01   0.0000000e+00   9.3981948e-01
   2.3043300e+00   4.1542599e+04   1.4628690e+01   0.0000000e+00   9.4118325e-01
   2.3047800e+00   4.1131961e+04   1.4496694e+01   0.0000000e+00   9.4791033e-01
   2.3052300e+00   4.1187403e+04   1.4567119e+01   0.0000000e+00   9.5396219e-01
   2.3056800e+00   4.1109405e+04   1.4378579e+01   0.0000000e+00   9.5440279e-01
   2.3061300e+00   4.1276848e+04   1.4737132e+01   0.0000000e+00   9.5133518e-01
   2.3065800e+00   4.1547841e+04   1.4989972e+01   0.0000000e+00   9.4575765e-01
   2.3070300e+00   4.1764784e+04   1.5092821e+01   0.0000000e+00   9.3715492e-01
   2.3074900e+00   4.1562574e+04   1.4637292e+01   0.0000000e+00   9.3211183e-01
   2.3079400e+00   4.1815338e+04   1.4778251e+01   0.0000000e+00   9.3003270e-01
   2.3083900e+00   4.1483425e+04   1.4584684e+01   0.0000000e+00   9.3333524e-01
   2.3088400e+00   4.0853058e+04   1.4581923e+01   0.0000000e+00   9.3622044e-01
   2.3092900e+00   4.1492081e+04   1.4918628e+01   0.0000000e+00   9.4068897e-01
   2.3097400e+00   4.1633888e+04   1.4706958e+01   0.0000000e+00   9.4316901e-01
   2.3101900e+00   4.1858360e+04   1.4756636e+01   0.0000000e+00   9.4075268e-01
   2.3106500e+00   4.2419314e+04   1.4820990e+01   0.0000000e+00   9.3266471e-01
   2.3111000e+00   4.1589296e+04   1.4673530e+01   0.0000000e+00   9.2597851e-01
   2.3115500e+00   4.1793345e+04   1.4750517e+01   0.0000000e+00   9.1975557e-01
   2.3120000e+00   4.2188204e+04   1.4906165e+01   0.0000000e+00   9.1819212e-01
   2.3124500e+00   4.2003640e+04   1.4756317e+01   0.0000000e+00   9.2164740e-01
   2.3129100e+00   4.2211924e+04   1.4965719e+01   0.0000000e+00   9.2525037e-01
   2.3133600e+00   4.1905464e+04   1.4713220e+01   0.0000000e+00   9.2912506e-01
   2.3138100e+00   4.1515915e+04   1.4609912e+01   0.0000000e+00   9.3168223e-01
   2.3142600e+00   4.1804026e+04   1.4782809e+01   0.0000000e+00   9.2883785e-01
   2.3147100e+00   4.1728504e+04   1.4638317e+01   0.0000000e+00   9.1899305e-01
   2.3151700e+00   4.2999844e+04   1.5009158e+01   0.0000000e+00   9.1165622e-01
   2.3156200e+00   4.3214799e+04   1.5148071e+01   0.0000000e+00   9.0746079e-01
   2.3160700e+00   4.4108714e+04   1.5636313e+01   0.0000000e+00   9.0924157e-01
   2.3165200e+00   4.5096960e+04   1.5744595e+01   0.0000000e+00   9.1053106e-01
   2.3169800e+00   4.4558891e+04   1.5627332e+01   0.0000000e+00   9.1704452e-01
   2.3174300e+00   4.4493409e+04   1.5623032e+01   0.0000000e+00   9.2307903e-01
   2.3178800e+00   4.3899689e+04   1.5476051e+01   0.0000000e+00   9.2270077e-01
   2.3183300e+00   4.3661756e+04   1.5323028e+01   0.0000000e+00   9.1751851e-01
   2.3187900e+00   4.3489959e+04   1.5552794e+01   0.0000000e+00   9.1050054e-01
   2.3192400e+00   4.2996176e+04   1.5258999e+01   0.0000000e+00   9.0342824e-01
   2.3196900e+00   4.2886518e+04   1.5004991e+01   0.0000000e+00   9.0150474e-01
   2.3201500e+00   4.4121093e+04   1.5457390e+01   0.0000000e+00   9.0298296e-01
   2.3206000e+00   4.3315249e+04   1.5080269e+01   0.0000000e+00   9.0842190e-01
   2.3210500e+00   4.3727534e+04   1.5579004e+01   0.0000000e+00   9.1398839e-01
   2.3215100e+00   4.4530247e+04   1.5563754e+01   0.0000000e+00   9.1852615e-01
   2.3219600e+00   4.4313292e+04   1.5665329e+01   0.0000000e+00   9.1714290e-01
   2.3224100e+00   4.5023366e+04   1.5904917e+01   0.0000000e+00   9.1055443e-01
   2.3228700e+00   4.4923318e+04   1.7219377e+01   0.0000000e+00   9.0351817e-01
   2.3233200e+00   4.4422357e+04   1.5644237e+01   0.0000000e+00   8.9889540e-01
   2.3237700e+00   4.4016802e+04   1.5485360e+01   0.0000000e+00   8.9862417e-01
   2.3242300e+00   4.3764786e+04   1.5284707e+01   0.0000000e+00   8.9962743e-01
   2.3246800e+00   4.4668338e+04   1.5642401e+01   0.0000000e+00   9.0565905e-01
   2.3251400e+00   4.4457830e+04   1.5557065e+01   0.0000000e+00   9.1097352e-01
   2.3255900e+00   4.4384449e+04   1.5586532e+01   0.0000000e+00   9.1348598e-01
   2.3260400e+00   4.4967792e+04   1.5851344e+01   0.0000000e+00   9.0805233e-01
   2.3265000e+00   4.4365963e+04   1.5475662e+01   0.0000000e+00   9.0409381e-01
   2.3269500e+00   4.5085732e+04   1.5851466e+01   0.0000000e+00   9.0035035e-01
   2.3274100e+00   4.4811394e+04   1.5792833e+01   0.0000000e+00   8.9353520e-01
   2.3278600e+00   4.5342839e+04   1.5868895e+01   0.0000000e+00   8.9278508e-01
   2.3283100e+00   4.6125582e+04   1.6413525e+01   0.0000000e+00   8.9759953e-01
   2.3287700e+00   4.5402890e+04   1.5875047e+01   0.0000000e+00   9.0166624e-01
   2.3292200e+00   4.5764689e+04   1.6100089e+01   0.0000000e+00   9.0580171e-01
   2.3296800e+00   4.5306531e+04   1.5879065e+01   0.0000000e+00   9.0957310e-01
   2.3301300e+00   4.5246010e+04   1.5778955e+01   0.0000000e+00   9.0659617e-01
   2.3305900e+00   4.6253814e+04   1.6126229e+01   0.0000000e+00   8.9820523e-01
   2.3310400e+00   4.6618968e+04   1.6327604e+01   0.0000000e+00   8.9137902e-01
   2.3315000e+00   4.6454777e+04   1.6119848e+01   0.0000000e+00   8.8986311e-01
   2.3319500e+00   4.6702615e+04   1.6396237e+01   0.0000000e+00   8.8950345e-01
   2.3324100e+00   4.5653268e+04   1.6283937e+01   0.0000000e+00   8.9495108e-01
   2.3328600e+00   4.6644439e+04   1.6354982e+01   0.0000000e+00   8.9976670e-01
   2.3333200e+00   4.6804543e+04   1.6261736e+01   0.0000000e+00   9.0310224e-01
   2.3337700e+00   4.6820850e+04   1.6551544e+01   0.0000000e+00   9.0499259e-01
   2.3342300e+00   4.7081081e+04   1.6476285e+01   0.0000000e+00   8.9920142e-01
   2.3346800e+00   4.7238698e+04   1.6513478e+01   0.0000000e+00   8.9050231e-01
   2.3351400e+00   4.7969260e+04   1.6716723e+01   0.0000000e+00   8.8555524e-01
   2.3355900e+00   4.7382289e+04   1.6549120e+01   0.0000000e+00   8.8306948e-01
   2.3360500e+00   4.7771880e+04   1.6607821e+01   0.0000000e+00   8.8604583e-01
   2.3365000e+00   4.7341930e+04   1.6653627e+01   0.0000000e+00   8.9151958e-01
   2.3369600e+00   4.7671033e+04   1.6781910e+01   0.0000000e+00   8.9618004e-01
   2.3374100e+00   4.8210127e+04   1.6821576e+01   0.0000000e+00   8.9765391e-01
   2.3378700e+00   4.8252715e+04   1.6828579e+01   0.0000000e+00   8.9772206e-01
   2.3383200e+00   4.7663621e+04   1.6910705e+01   0.0000000e+00   8.9482882e-01
   2.3387800e+00   4.8312932e+04   1.6933051e+01   0.0000000e+00   8.8759776e-01
   2.3392400e+00   4.8295143e+04   1.6939383e+01   0.0000000e+00   8.8365653e-01
   2.3396900e+00   4.9052723e+04   1.7142353e+01   0.0000000e+00   8.8130276e-01
   2.3401500e+00   4.9243011e+04   1.7233279e+01   0.0000000e+00   8.8197443e-01
   2.3406000e+00   4.9284338e+04   1.7352418e+01   0.0000000e+00   8.8612250e-01
   2.3410600e+00   4.9366660e+04   1.7140825e+01   0.0000000e+00   8.9378082e-01
   2.3415200e+00   4.9729410e+04   1.7311553e+01   0.0000000e+00   8.9540740e-01
   2.3419700e+00   4.9255939e+04   1.7191623e+01   0.0000000e+00   8.9303018e-01
   2.3424300e+00   4.7998367e+04   1.6828112e+01   0.0000000e+00   8.8494945e-01
   2.3428900e+00   4.7540789e+04   1.6512859e+01   0.0000000e+00   8.7728413e-01
   2.3433400e+00   4.7427986e+04   1.6718754e+01   0.0000000e+00   8.7336527e-01
   2.3438000e+00   4.8174274e+04   1.6875582e+01   0.0000000e+00   8.6871404e-01
   2.3442500e+00   4.8186173e+04   1.6870204e+01   0.0000000e+00   8.6973273e-01
   2.3447100e+00   4.8476677e+04   1.6813245e+01   0.0000000e+00   8.7356129e-01
   2.3451700e+00   4.9210798e+04   1.7220509e+01   0.0000000e+00   8.7660094e-01
   2.3456200e+00   4.7813519e+04   1.6580890e+01   0.0000000e+00   8.7878263e-01
   2.3460800e+00   4.7378991e+04   1.6769042e+01   0.0000000e+00   8.7501462e-01
   2.3465400e+00   4.8668446e+04   1.6996801e+01   0.0000000e+00   8.6810513e-01
   2.3470000e+00   4.8810606e+04   1.7164145e+01   0.0000000e+00   8.5544521e-01
   2.3474500e+00   4.8847354e+04   1.7031059e+01   0.0000000e+00   8.5123920e-01
   2.3479100e+00   4.8721346e+04   1.7206362e+01   0.0000000e+00   8.4868987e-01
   2.3483700e+00   4.9036298e+04   1.6975349e+01   0.0000000e+00   8.4710679e-01
   2.3488200e+00   4.9405495e+04   1.7108650e+01   0.0000000e+00   8.4524459e-01
   2.3492800e+00   4.9799805e+04   1.7294318e+01   0.0000000e+00   8.4639816e-01
   2.3497400e+00   5.0738956e+04   1.7654554e+01   0.0000000e+00   8.4291344e-01
   2.3501900e+00   5.0695242e+04   1.7847157e+01   0.0000000e+00   8.3515446e-01
   2.3506500e+00   5.1079989e+04   1.7712574e+01   0.0000000e+00   8.2391294e-01
   2.3511100e+00   5.1293391e+04   1.7835191e+01   0.0000000e+00   8.1062563e-01
   2.3515700e+00   5.1779633e+04   1.8027655e+01   0.0000000e+00   7.9973407e-01
   2.3520200e+00   5.1987001e+04   1.8092319e+01   0.0000000e+00   7.9190487e-01
   2.3524800e+00   5.1788487e+04   1.8004750e+01   0.0000000e+00   7.8712071e-01
   2.3529400e+00   5.1315072e+04   1.7763260e+01   0.0000000e+00   7.8493671e-01
   2.3534000e+00   5.0493611e+04   1.7488267e+01   0.0000000e+00   7.8000778e-01
   2.3538600e+00   4.9096408e+04   1.7021238e+01   0.0000000e+00   7.7258858e-01
   2.3543100e+00   4.8799591e+04   1.7017422e+01   0.0000000e+00   7.6071978e-01
   2.3547700e+00   4.8973362e+04   1.7105738e+01   0.0000000e+00   7.4530090e-01
   2.3552300e+00   4.7734778e+04   1.6729649e+01   0.0000000e+00   7.3101652e-01
   2.3556900e+00   4.9953447e+04   1.7565618e+01   0.0000000e+00   7.1494488e-01
   2.3561400e+00   5.0193123e+04   1.7467808e+01   0.0000000e+00   7.0205201e-01
   2.3566000e+00   4.8805208e+04   1.6967784e+01   0.0000000e+00   6.9286559e-01
   2.3570600e+00   4.9797658e+04   1.7495024e+01   0.0000000e+00   6.8428501e-01
   2.3575200e+00   4.9644766e+04   1.7489510e+01   0.0000000e+00   6.7465112e-01
   2.3579800e+00   4.9734498e+04   1.7700760e+01   0.0000000e+00   6.6483580e-01
   2.3584400e+00   5.0129671e+04   1.7508229e+01   0.0000000e+00   6.5202569e-01
   2.3588900e+00   4.9458905e+04   1.7423415e+01   0.0000000e+00   6.3843828e-01
   2.3593500e+00   4.9849120e+04   1.7350461e+01   0.0000000e+00   6.2940693e-01
   2.3598100e+00   4.9403603e+04   1.7320753e+01   0.0000000e+00   6.2897939e-01
   2.3602700e+00   5.1239093e+04   1.9629392e+01   0.0000000e+00   6.5392549e-01
