   1.9420100e+00   0.0000000e+00   0.0000000e+00   0.0000000e+00   0.0000000e+00
   1.9423500e+00   0.0000000e+00   0.0000000e+00   0.0000000e+00   0.0000000e+00
   1.9426900e+00   0.0000000e+00   0.0000000e+00   0.0000000e+00   0.0000000e+00
   1.9430300e+00   0.0000000e+00   0.0000000e+00   0.0000000e+00   0.0000000e+00
   1.9433700e+00   0.0000000e+00   0.0000000e+00   0.0000000e+00   0.0000000e+00
   1.9437100e+00   0.0000000e+00   0.0000000e+00   0.0000000e+00   0.0000000e+00
   1.9440500e+00   0.0000000e+00   0.0000000e+00   0.0000000e+00   0.0000000e+00
   1.9443900e+00   0.0000000e+00   0.0000000e+00   0.0000000e+00   0.0000000e+00
   1.9447300e+00   0.0000000e+00   0.0000000e+00   0.0000000e+00   0.0000000e+00
   1.9450700e+00   0.0000000e+00   0.0000000e+00   0.0000000e+00   0.0000000e+00
   1.9454100e+00   0.0000000e+00   0.0000000e+00   0.0000000e+00   0.0000000e+00
   1.9457500e+00   0.0000000e+00   0.0000000e+00   0.0000000e+00   0.0000000e+00
   1.9460900e+00   0.0000000e+00   0.0000000e+00   0.0000000e+00   0.0000000e+00
   1.9464300e+00   0.0000000e+00   0.0000000e+00   0.0000000e+00   0.0000000e+00
   1.9467700e+00   0.0000000e+00   0.0000000e+00   0.0000000e+00   0.0000000e+00
   1.9471100e+00   0.0000000e+00   0.0000000e+00   0.0000000e+00   0.0000000e+00
   1.9474500e+00   0.0000000e+00   0.0000000e+00   0.0000000e+00   0.0000000e+00
   1.9477900e+00   0.0000000e+00   0.0000000e+00   0.0000000e+00   0.0000000e+00
   1.9481300e+00   0.0000000e+00   0.0000000e+00   0.0000000e+00   0.0000000e+00
   1.9484800e+00   0.0000000e+00   0.0000000e+00   0.0000000e+00   0.0000000e+00
   1.9488200e+00   0.0000000e+00   0.0000000e+00   0.0000000e+00   0.0000000e+00
   1.9491600e+00   0.0000000e+00   0.0000000e+00   0.0000000e+00   0.0000000e+00
   1.9495000e+00   0.0000000e+00   0.0000000e+00   0.0000000e+00   0.0000000e+00
   1.9498400e+00   0.0000000e+00   0.0000000e+00   0.0000000e+00   0.0000000e+00
   1.9501900e+00   4.0712007e+04   1.7540524e+01   0.0000000e+00   1.6305823e-01
   1.9505300e+00   3.9948056e+04   1.7289809e+01   0.0000000e+00   1.6411218e-01
   1.9508700e+00   3.9945646e+04   1.7687257e+01   0.0000000e+00   1.7034169e-01
   1.9512200e+00   4.0648151e+04   1.8327085e+01   0.0000000e+00   1.5888217e-01
   1.9515600e+00   4.0801745e+04   1.7284157e+01   0.0000000e+00   1.5623481e-01
   1.9519000e+00   4.0571548e+04   1.7084669e+01   0.0000000e+00   1.5370398e-01
   1.9522500e+00   4.1285937e+04   1.6895725e+01   0.0000000e+00   1.4749776e-01
   1.9525900e+00   4.0874750e+04   1.7385152e+01   0.0000000e+00   1.5382076e-01
   1.9529300e+00   4.1068576e+04   1.7011436e+01   0.0000000e+00   1.4585476e-01
   1.9532800e+00   4.1096517e+04   1.7352481e+01   0.0000000e+00   1.4956509e-01
   1.9536200e+00   4.1690371e+04   1.8053960e+01   0.0000000e+00   1.4686353e-01
   1.9539700e+00   4.1658350e+04   1.7210805e+01   0.0000000e+00   1.4519445e-01
   1.9543100e+00   4.2541798e+04   1.7465285e+01   0.0000000e+00   1.4367153e-01
   1.9546600e+00   4.1629951e+04   1.7062555e+01   0.0000000e+00   1.4090981e-01
   1.9550000e+00   4.1854778e+04   1.7229753e+01   0.0000000e+00   1.3660147e-01
   1.9553500e+00   4.2006064e+04   1.7369396e+01   0.0000000e+00   1.4203942e-01
   1.9556900e+00   4.1975085e+04   1.7054439e+01   0.0000000e+00   1.3490027e-01
   1.9560400e+00   4.2220917e+04   1.7843781e+01   0.0000000e+00   1.3404147e-01
   1.9563800e+00   4.1710038e+04   1.6959496e+01   0.0000000e+00   1.3492553e-01
   1.9567300e+00   4.1361971e+04   1.7067925e+01   0.0000000e+00   1.3591782e-01
   1.9570700e+00   4.2210508e+04   1.8064641e+01   0.0000000e+00   1.3065670e-01
   1.9574200e+00   4.1780327e+04   1.7281265e+01   0.0000000e+00   1.3178967e-01
   1.9577700e+00   4.1889361e+04   1.8163447e+01   0.0000000e+00   1.2813576e-01
   1.9581100e+00   4.2770581e+04   1.7908370e+01   0.0000000e+00   1.2907645e-01
   1.9584600e+00   4.2818912e+04   1.7908176e+01   0.0000000e+00   1.2051042e-01
   1.9588100e+00   4.2744797e+04   1.9140653e+01   0.0000000e+00   1.2244543e-01
   1.9591500e+00   4.3286734e+04   1.8105824e+01   0.0000000e+00   1.1781072e-01
   1.9595000e+00   4.2634367e+04   1.6754598e+01   0.0000000e+00   1.1993054e-01
   1.9598500e+00   4.2228193e+04   1.7366120e+01   0.0000000e+00   1.2158287e-01
   1.9602000e+00   4.2435517e+04   1.6996199e+01   0.0000000e+00   1.1220626e-01
   1.9605400e+00   4.3114841e+04   1.6030523e+01   0.0000000e+00   1.1131078e-01
   1.9608900e+00   4.2438033e+04   1.6342657e+01   0.0000000e+00   1.1129532e-01
   1.9612400e+00   4.1760234e+04   1.7414899e+01   0.0000000e+00   1.1777323e-01
   1.9615900e+00   4.2685982e+04   1.6658695e+01   0.0000000e+00   1.1012923e-01
   1.9619400e+00   4.2403454e+04   1.6408179e+01   0.0000000e+00   1.1124060e-01
   1.9622900e+00   4.1485988e+04   1.5571132e+01   0.0000000e+00   1.0951632e-01
   1.9626300e+00   4.2023384e+04   1.5636580e+01   0.0000000e+00   1.0619210e-01
   1.9629800e+00   4.2159562e+04   1.5903876e+01   0.0000000e+00   1.0452911e-01
   1.9633300e+00   4.2433807e+04   1.6424782e+01   0.0000000e+00   1.0481683e-01
   1.9636800e+00   4.2617753e+04   1.5919700e+01   0.0000000e+00   1.0078113e-01
   1.9640300e+00   4.1973610e+04   1.5479064e+01   0.0000000e+00   1.0368778e-01
   1.9643800e+00   4.1907923e+04   1.5232433e+01   0.0000000e+00   1.0286123e-01
   1.9647300e+00   4.1640553e+04   1.5311928e+01   0.0000000e+00   1.0494864e-01
   1.9650800e+00   4.2124273e+04   1.5555023e+01   0.0000000e+00   1.0686026e-01
   1.9654300e+00   4.2780174e+04   1.6511539e+01   0.0000000e+00   1.0262341e-01
   1.9657800e+00   4.3227482e+04   1.5557056e+01   0.0000000e+00   9.9120208e-02
   1.9661300e+00   4.2917416e+04   1.5146297e+01   0.0000000e+00   9.8793357e-02
   1.9664800e+00   4.2199863e+04   1.5469677e+01   0.0000000e+00   1.0699921e-01
   1.9668300e+00   4.2827319e+04   1.5329330e+01   0.0000000e+00   1.0098700e-01
   1.9671800e+00   4.3551417e+04   1.5124341e+01   0.0000000e+00   9.7496363e-02
   1.9675400e+00   4.3639886e+04   1.6348113e+01   0.0000000e+00   1.0395639e-01
   1.9678900e+00   4.2607305e+04   1.5186415e+01   0.0000000e+00   1.0220923e-01
   1.9682400e+00   4.2840706e+04   1.5094975e+01   0.0000000e+00   9.8168992e-02
   1.9685900e+00   4.3316946e+04   1.5051322e+01   0.0000000e+00   9.9144187e-02
   1.9689400e+00   4.3299794e+04   1.5455733e+01   0.0000000e+00   9.9447574e-02
   1.9692900e+00   4.3186655e+04   1.4964915e+01   0.0000000e+00   9.9527030e-02
   1.9696500e+00   4.3213066e+04   1.5209077e+01   0.0000000e+00   1.0160982e-01
   1.9700000e+00   4.3702039e+04   1.5319621e+01   0.0000000e+00   1.0002525e-01
   1.9703500e+00   4.3332982e+04   1.5301093e+01   0.0000000e+00   1.0191272e-01
   1.9707000e+00   4.3205708e+04   1.5072946e+01   0.0000000e+00   1.0208299e-01
   1.9710600e+00   4.3648485e+04   1.5282549e+01   0.0000000e+00   1.0292055e-01
   1.9714100e+00   4.3648036e+04   1.5226919e+01   0.0000000e+00   9.8756868e-02
   1.9717600e+00   4.3760888e+04   1.5374938e+01   0.0000000e+00   1.0267046e-01
   1.9721200e+00   4.3588511e+04   1.5087916e+01   0.0000000e+00   9.8269808e-02
   1.9724700e+00   4.4372467e+04   1.5359361e+01   0.0000000e+00   9.7449121e-02
   1.9728200e+00   4.4648850e+04   1.5596643e+01   0.0000000e+00   9.9447848e-02
   1.9731800e+00   4.4346999e+04   1.5404208e+01   0.0000000e+00   1.0058089e-01
   1.9735300e+00   4.4295410e+04   1.5366447e+01   0.0000000e+00   1.0086136e-01
   1.9738900e+00   4.4407098e+04   1.5239505e+01   0.0000000e+00   9.9387751e-02
   1.9742400e+00   4.4162171e+04   1.5383713e+01   0.0000000e+00   1.0114700e-01
   1.9746000e+00   4.4171464e+04   1.5322771e+01   0.0000000e+00   1.0068371e-01
   1.9749500e+00   4.4265736e+04   1.5397769e+01   0.0000000e+00   9.8724284e-02
   1.9753000e+00   4.3519324e+04   1.5135859e+01   0.0000000e+00   1.0112680e-01
   1.9756600e+00   4.4259758e+04   1.5669309e+01   0.0000000e+00   1.0289147e-01
   1.9760200e+00   4.3869383e+04   1.5161765e+01   0.0000000e+00   1.0148814e-01
   1.9763700e+00   4.3040163e+04   1.5077505e+01   0.0000000e+00   1.0230269e-01
   1.9767300e+00   4.4073351e+04   1.5307954e+01   0.0000000e+00   1.0273113e-01
   1.9770800e+00   4.4216627e+04   1.5504740e+01   0.0000000e+00   1.0478051e-01
   1.9774400e+00   4.3769752e+04   1.5827964e+01   0.0000000e+00   1.0246393e-01
   1.9777900e+00   4.3663195e+04   1.5010554e+01   0.0000000e+00   1.0069991e-01
   1.9781500e+00   4.3788045e+04   1.5266501e+01   0.0000000e+00   1.0334210e-01
   1.9785100e+00   4.3538656e+04   1.4941950e+01   0.0000000e+00   1.0142196e-01
   1.9788600e+00   4.3274013e+04   1.5002314e+01   0.0000000e+00   1.0249807e-01
   1.9792200e+00   4.3251345e+04   1.4900647e+01   0.0000000e+00   1.0179702e-01
   1.9795800e+00   4.3875123e+04   1.5149938e+01   0.0000000e+00   1.0310373e-01
   1.9799300e+00   4.3456691e+04   1.5096394e+01   0.0000000e+00   1.0494714e-01
   1.9802900e+00   4.2570636e+04   1.5096216e+01   0.0000000e+00   1.0963864e-01
   1.9806500e+00   4.3096218e+04   1.4934109e+01   0.0000000e+00   1.0364375e-01
   1.9810100e+00   4.3376822e+04   1.5126555e+01   0.0000000e+00   1.0555535e-01
   1.9813600e+00   4.2955848e+04   1.4793314e+01   0.0000000e+00   1.0344603e-01
   1.9817200e+00   4.2879333e+04   1.4793036e+01   0.0000000e+00   1.0371165e-01
   1.9820800e+00   4.3403569e+04   1.5025769e+01   0.0000000e+00   1.0409079e-01
   1.9824400e+00   4.2989438e+04   1.4983187e+01   0.0000000e+00   1.0500601e-01
   1.9828000e+00   4.3064190e+04   1.4813021e+01   0.0000000e+00   1.0477683e-01
   1.9831500e+00   4.3082211e+04   1.4937030e+01   0.0000000e+00   1.0584005e-01
   1.9835100e+00   4.3110669e+04   1.4978938e+01   0.0000000e+00   1.0778982e-01
   1.9838700e+00   4.2595971e+04   1.4630909e+01   0.0000000e+00   1.0554131e-01
   1.9842300e+00   4.3388020e+04   1.5051274e+01   0.0000000e+00   1.0758418e-01
   1.9845900e+00   4.3358529e+04   1.5062050e+01   0.0000000e+00   1.0789732e-01
   1.9849500e+00   4.3186028e+04   1.5663249e+01   0.0000000e+00   1.0835457e-01
   1.9853100e+00   4.3725797e+04   1.5168457e+01   0.0000000e+00   1.0784075e-01
   1.9856700e+00   4.3977390e+04   1.6087413e+01   0.0000000e+00   1.0991216e-01
   1.9860300e+00   4.3710934e+04   1.5223949e+01   0.0000000e+00   1.0770300e-01
   1.9863900e+00   4.3926720e+04   1.5168532e+01   0.0000000e+00   1.0907603e-01
   1.9867500e+00   4.3395238e+04   1.4925056e+01   0.0000000e+00   1.1013309e-01
   1.9871100e+00   4.4130099e+04   1.5347866e+01   0.0000000e+00   1.1015668e-01
   1.9874700e+00   4.3921422e+04   1.5287770e+01   0.0000000e+00   1.0972292e-01
   1.9878300e+00   4.4078808e+04   1.5309201e+01   0.0000000e+00   1.1021267e-01
   1.9881900e+00   4.4156023e+04   1.5379745e+01   0.0000000e+00   1.1154091e-01
   1.9885500e+00   4.3377353e+04   1.5234974e+01   0.0000000e+00   1.1207210e-01
   1.9889100e+00   4.4229405e+04   1.5349129e+01   0.0000000e+00   1.1350434e-01
   1.9892700e+00   4.4776159e+04   1.6011432e+01   0.0000000e+00   1.1199419e-01
   1.9896400e+00   4.3619624e+04   1.5274432e+01   0.0000000e+00   1.1502956e-01
   1.9900000e+00   4.3103569e+04   1.4895134e+01   0.0000000e+00   1.1393427e-01
   1.9903600e+00   4.3977023e+04   1.5173174e+01   0.0000000e+00   1.1326712e-01
   1.9907200e+00   4.3837811e+04   1.5064880e+01   0.0000000e+00   1.1370085e-01
   1.9910800e+00   4.3444565e+04   1.5158118e+01   0.0000000e+00   1.1685436e-01
   1.9914500e+00   4.3070667e+04   1.4967112e+01   0.0000000e+00   1.1557316e-01
   1.9918100e+00   4.3490718e+04   1.5170123e+01   0.0000000e+00   1.1519601e-01
   1.9921700e+00   4.2792755e+04   1.4942943e+01   0.0000000e+00   1.1599580e-01
   1.9925300e+00   4.2641846e+04   1.4692879e+01   0.0000000e+00   1.1569168e-01
   1.9929000e+00   4.2937273e+04   1.4834488e+01   0.0000000e+00   1.1619711e-01
   1.9932600e+00   4.2560327e+04   1.4679400e+01   0.0000000e+00   1.1768080e-01
   1.9936200e+00   4.2830716e+04   1.4853543e+01   0.0000000e+00   1.1911804e-01
   1.9939900e+00   4.2707311e+04   1.4800647e+01   0.0000000e+00   1.2003831e-01
   1.9943500e+00   4.2817161e+04   1.4826240e+01   0.0000000e+00   1.2135019e-01
   1.9947100e+00   4.2393546e+04   1.4956754e+01   0.0000000e+00   1.2297595e-01
   1.9950800e+00   4.3142005e+04   1.4823403e+01   0.0000000e+00   1.2040490e-01
   1.9954400e+00   4.2548044e+04   1.4716959e+01   0.0000000e+00   1.2216930e-01
   1.9958100e+00   4.2506632e+04   1.4763703e+01   0.0000000e+00   1.2266214e-01
   1.9961700e+00   4.2498206e+04   1.4621674e+01   0.0000000e+00   1.2271716e-01
   1.9965300e+00   4.2784211e+04   1.4877909e+01   0.0000000e+00   1.2341477e-01
   1.9969000e+00   4.2492867e+04   1.4724743e+01   0.0000000e+00   1.2594742e-01
   1.9972600e+00   4.2439649e+04   1.4627273e+01   0.0000000e+00   1.2601676e-01
   1.9976300e+00   4.2543387e+04   1.4806235e+01   0.0000000e+00   1.2775076e-01
   1.9979900e+00   4.2927949e+04   1.4931658e+01   0.0000000e+00   1.2791740e-01
   1.9983600e+00   4.2781198e+04   1.4741199e+01   0.0000000e+00   1.2963325e-01
   1.9987300e+00   4.2785203e+04   1.4715190e+01   0.0000000e+00   1.2984044e-01
   1.9990900e+00   4.2475747e+04   1.4722785e+01   0.0000000e+00   1.3083550e-01
   1.9994600e+00   4.2475081e+04   1.4705822e+01   0.0000000e+00   1.3180716e-01
   1.9998200e+00   4.2293286e+04   1.4769622e+01   0.0000000e+00   1.3505427e-01
   2.0001900e+00   4.2284653e+04   1.4798455e+01   0.0000000e+00   1.3728494e-01
   2.0005500e+00   4.2885985e+04   1.4881173e+01   0.0000000e+00   1.3485334e-01
   2.0009200e+00   4.2578308e+04   1.4783267e+01   0.0000000e+00   1.3633668e-01
   2.0012900e+00   4.2784763e+04   1.4854078e+01   0.0000000e+00   1.3938316e-01
   2.0016500e+00   4.2839374e+04   1.4929849e+01   0.0000000e+00   1.4062535e-01
   2.0020200e+00   4.2817396e+04   1.4752853e+01   0.0000000e+00   1.3947365e-01
   2.0023900e+00   4.2595971e+04   1.4856479e+01   0.0000000e+00   1.4304812e-01
   2.0027600e+00   4.3130266e+04   1.4821967e+01   0.0000000e+00   1.4292718e-01
   2.0031200e+00   4.3164374e+04   1.4831539e+01   0.0000000e+00   1.4337461e-01
   2.0034900e+00   4.2624927e+04   1.4855935e+01   0.0000000e+00   1.4744465e-01
   2.0038600e+00   4.2875337e+04   1.4812476e+01   0.0000000e+00   1.4798127e-01
   2.0042300e+00   4.2992775e+04   1.4739195e+01   0.0000000e+00   1.4880202e-01
   2.0045900e+00   4.2721979e+04   1.4661276e+01   0.0000000e+00   1.5101376e-01
   2.0049600e+00   4.2532634e+04   1.4718632e+01   0.0000000e+00   1.5258075e-01
   2.0053300e+00   4.2472204e+04   1.4814770e+01   0.0000000e+00   1.5521564e-01
   2.0057000e+00   4.2215281e+04   1.4427286e+01   0.0000000e+00   1.5537981e-01
   2.0060700e+00   4.2028206e+04   1.4499201e+01   0.0000000e+00   1.5918628e-01
   2.0064400e+00   4.2286597e+04   1.4512219e+01   0.0000000e+00   1.5908812e-01
   2.0068100e+00   4.2524364e+04   1.4659852e+01   0.0000000e+00   1.6193930e-01
   2.0071700e+00   4.1967932e+04   1.4624295e+01   0.0000000e+00   1.6519329e-01
   2.0075400e+00   4.2240537e+04   1.4494411e+01   0.0000000e+00   1.6690942e-01
   2.0079100e+00   4.1982573e+04   1.4664944e+01   0.0000000e+00   1.7095489e-01
   2.0082800e+00   4.1755451e+04   1.4374029e+01   0.0000000e+00   1.7258593e-01
   2.0086500e+00   4.1831741e+04   1.4335919e+01   0.0000000e+00   1.7333400e-01
   2.0090200e+00   4.1272315e+04   1.4495150e+01   0.0000000e+00   1.7794484e-01
   2.0093900e+00   4.1370562e+04   1.4340123e+01   0.0000000e+00   1.7815849e-01
   2.0097600e+00   4.1206222e+04   1.4238614e+01   0.0000000e+00   1.8139851e-01
   2.0101300e+00   4.1725184e+04   1.4621665e+01   0.0000000e+00   1.8456013e-01
   2.0105000e+00   4.2001200e+04   1.4529631e+01   0.0000000e+00   1.8758819e-01
   2.0108700e+00   4.1346584e+04   1.4202985e+01   0.0000000e+00   1.9034156e-01
   2.0112500e+00   4.1472776e+04   1.4254072e+01   0.0000000e+00   1.9354428e-01
   2.0116200e+00   4.2167159e+04   1.4520630e+01   0.0000000e+00   1.9770867e-01
   2.0119900e+00   4.1527608e+04   1.4496639e+01   0.0000000e+00   2.0171403e-01
   2.0123600e+00   4.1165216e+04   1.4263599e+01   0.0000000e+00   2.0360218e-01
   2.0127300e+00   4.1362550e+04   1.4327246e+01   0.0000000e+00   2.0827668e-01
   2.0131000e+00   4.2072383e+04   1.4467587e+01   0.0000000e+00   2.1138905e-01
   2.0134700e+00   4.1307612e+04   1.4323501e+01   0.0000000e+00   2.1610993e-01
   2.0138500e+00   4.1041885e+04   1.4291475e+01   0.0000000e+00   2.2019125e-01
   2.0142200e+00   4.1822417e+04   1.4465731e+01   0.0000000e+00   2.2396032e-01
   2.0145900e+00   4.2063938e+04   1.4517288e+01   0.0000000e+00   2.2988905e-01
   2.0149600e+00   4.1757151e+04   1.4501643e+01   0.0000000e+00   2.3511375e-01
   2.0153300e+00   4.1963946e+04   1.4729859e+01   0.0000000e+00   2.3938139e-01
   2.0157100e+00   4.2072605e+04   1.4649860e+01   0.0000000e+00   2.4392367e-01
   2.0160800e+00   4.1851462e+04   1.4549741e+01   0.0000000e+00   2.4917278e-01
   2.0164500e+00   4.1809098e+04   1.4388430e+01   0.0000000e+00   2.5220993e-01
   2.0168300e+00   4.2153143e+04   1.4590091e+01   0.0000000e+00   2.5914216e-01
   2.0172000e+00   4.2786538e+04   1.4693431e+01   0.0000000e+00   2.6539528e-01
   2.0175700e+00   4.2454932e+04   1.4506911e+01   0.0000000e+00   2.7161845e-01
   2.0179500e+00   4.2157277e+04   1.4595775e+01   0.0000000e+00   2.7924817e-01
   2.0183200e+00   4.2575954e+04   1.4611807e+01   0.0000000e+00   2.8382823e-01
   2.0186900e+00   4.2438313e+04   1.4625432e+01   0.0000000e+00   2.8994817e-01
   2.0190700e+00   4.2693071e+04   1.4690014e+01   0.0000000e+00   2.9561045e-01
   2.0194400e+00   4.2631587e+04   1.4716740e+01   0.0000000e+00   3.0159167e-01
   2.0198200e+00   4.2356623e+04   1.4764216e+01   0.0000000e+00   3.1244925e-01
   2.0201900e+00   4.2545968e+04   1.4833640e+01   0.0000000e+00   3.2046583e-01
   2.0205700e+00   4.2433294e+04   1.4757393e+01   0.0000000e+00   3.2900625e-01
   2.0209400e+00   4.2384192e+04   1.4865698e+01   0.0000000e+00   3.4029956e-01
   2.0213200e+00   4.2127618e+04   1.4485840e+01   0.0000000e+00   3.4479305e-01
   2.0216900e+00   4.2127600e+04   1.4662340e+01   0.0000000e+00   3.5316310e-01
   2.0220700e+00   4.1639299e+04   1.4434879e+01   0.0000000e+00   3.6026632e-01
   2.0224400e+00   4.1956917e+04   1.4490102e+01   0.0000000e+00   3.6844687e-01
   2.0228200e+00   4.1281639e+04   1.4499269e+01   0.0000000e+00   3.7960773e-01
   2.0231900e+00   4.1983903e+04   1.4781386e+01   0.0000000e+00   3.8842547e-01
   2.0235700e+00   4.1914716e+04   1.4542919e+01   0.0000000e+00   3.9904083e-01
   2.0239500e+00   4.1756485e+04   1.4604489e+01   0.0000000e+00   4.1109763e-01
   2.0243200e+00   4.1556024e+04   1.4684887e+01   0.0000000e+00   4.2504362e-01
   2.0247000e+00   4.1951618e+04   1.4605048e+01   0.0000000e+00   4.3241875e-01
   2.0250700e+00   4.2092140e+04   1.4715930e+01   0.0000000e+00   4.4111871e-01
   2.0254500e+00   4.1838211e+04   1.4473346e+01   0.0000000e+00   4.4957995e-01
   2.0258300e+00   4.2089940e+04   1.4783183e+01   0.0000000e+00   4.6121804e-01
   2.0262000e+00   4.2565617e+04   1.4810595e+01   0.0000000e+00   4.7389462e-01
   2.0265800e+00   4.2357202e+04   1.4656939e+01   0.0000000e+00   4.8850944e-01
   2.0269600e+00   4.3602470e+04   1.5580128e+01   0.0000000e+00   5.0516181e-01
   2.0273400e+00   4.7225026e+04   1.6237638e+01   0.0000000e+00   5.1793748e-01
   2.0277100e+00   4.8000762e+04   1.6710146e+01   0.0000000e+00   5.3156212e-01
   2.0280900e+00   4.7278370e+04   1.6515002e+01   0.0000000e+00   5.4215945e-01
   2.0284700e+00   4.3999517e+04   1.5309621e+01   0.0000000e+00   5.5099455e-01
   2.0288500e+00   4.2732986e+04   1.4983867e+01   0.0000000e+00   5.6317914e-01
   2.0292300e+00   4.2863988e+04   1.4754513e+01   0.0000000e+00   5.7739153e-01
   2.0296000e+00   4.2891992e+04   1.4911426e+01   0.0000000e+00   5.9442530e-01
   2.0299800e+00   4.3386020e+04   1.5011488e+01   0.0000000e+00   6.1299358e-01
   2.0303600e+00   4.2806741e+04   1.4873471e+01   0.0000000e+00   6.3083708e-01
   2.0307400e+00   4.3129742e+04   1.5052033e+01   0.0000000e+00   6.4395929e-01
   2.0311200e+00   4.3710480e+04   1.5207812e+01   0.0000000e+00   6.5589210e-01
   2.0315000e+00   4.3267601e+04   1.5044248e+01   0.0000000e+00   6.6671294e-01
   2.0318800e+00   4.4112068e+04   1.5236408e+01   0.0000000e+00   6.7923256e-01
   2.0322600e+00   4.4195228e+04   1.5288960e+01   0.0000000e+00   6.9617617e-01
   2.0326400e+00   4.4132028e+04   1.5207168e+01   0.0000000e+00   7.1166527e-01
   2.0330100e+00   4.4303871e+04   1.5328275e+01   0.0000000e+00   7.3025217e-01
   2.0333900e+00   4.6294789e+04   1.5967453e+01   0.0000000e+00   7.5042907e-01
   2.0337700e+00   4.9725851e+04   1.7140310e+01   0.0000000e+00   7.6798727e-01
   2.0341500e+00   4.9247465e+04   1.7094469e+01   0.0000000e+00   7.8302648e-01
   2.0345300e+00   4.8662450e+04   1.6721520e+01   0.0000000e+00   7.9481234e-01
   2.0349200e+00   4.5567069e+04   1.5846411e+01   0.0000000e+00   8.0752117e-01
   2.0353000e+00   4.4570435e+04   1.5433756e+01   0.0000000e+00   8.1987046e-01
   2.0356800e+00   4.4389484e+04   1.5364758e+01   0.0000000e+00   8.3635689e-01
   2.0360600e+00   4.4535176e+04   1.5421115e+01   0.0000000e+00   8.5784256e-01
   2.0364400e+00   4.4358080e+04   1.5344084e+01   0.0000000e+00   8.7920051e-01
   2.0368200e+00   4.4056728e+04   1.5336015e+01   0.0000000e+00   8.9547229e-01
   2.0372000e+00   4.5075746e+04   1.5654185e+01   0.0000000e+00   9.1081405e-01
   2.0375800e+00   4.4874112e+04   1.5525428e+01   0.0000000e+00   9.2143830e-01
   2.0379600e+00   4.4571427e+04   1.5617340e+01   0.0000000e+00   9.3115530e-01
   2.0383400e+00   4.4538091e+04   1.5477399e+01   0.0000000e+00   9.4464415e-01
   2.0387300e+00   4.5192477e+04   1.5598091e+01   0.0000000e+00   9.5849465e-01
   2.0391100e+00   4.5009147e+04   1.5540376e+01   0.0000000e+00   9.7443094e-01
   2.0394900e+00   4.4754047e+04   1.5492645e+01   0.0000000e+00   9.9642659e-01
   2.0398700e+00   4.5487989e+04   1.5699715e+01   0.0000000e+00   1.0188801e+00
   2.0402600e+00   4.6619495e+04   1.6578998e+01   0.0000000e+00   1.0361551e+00
   2.0406400e+00   5.1264283e+04   1.8179274e+01   0.0000000e+00   1.0444682e+00
   2.0410200e+00   6.3389203e+04   2.2162114e+01   0.0000000e+00   1.0496185e+00
   2.0414000e+00   6.6854806e+04   2.2771109e+01   0.0000000e+00   1.0584417e+00
   2.0417900e+00   6.2086065e+04   2.1588729e+01   0.0000000e+00   1.0686423e+00
   2.0421700e+00   4.9675076e+04   1.7281139e+01   0.0000000e+00   1.0835617e+00
   2.0425500e+00   4.5597210e+04   1.5767088e+01   0.0000000e+00   1.1019139e+00
   2.0429400e+00   4.5598262e+04   1.5913627e+01   0.0000000e+00   1.1223258e+00
   2.0433200e+00   4.5418316e+04   1.5772563e+01   0.0000000e+00   1.1363846e+00
   2.0437000e+00   4.6206470e+04   1.5902896e+01   0.0000000e+00   1.1485010e+00
   2.0440900e+00   4.5933490e+04   1.5809341e+01   0.0000000e+00   1.1537354e+00
   2.0444700e+00   4.5941511e+04   1.5847232e+01   0.0000000e+00   1.1569277e+00
   2.0448600e+00   4.6064852e+04   1.5751710e+01   0.0000000e+00   1.1601318e+00
   2.0452400e+00   4.6262528e+04   1.6077740e+01   0.0000000e+00   1.1759943e+00
   2.0456200e+00   4.6136390e+04   1.6002513e+01   0.0000000e+00   1.1946596e+00
   2.0460100e+00   4.6668890e+04   1.6004870e+01   0.0000000e+00   1.2141615e+00
   2.0463900e+00   4.6424875e+04   1.6216702e+01   0.0000000e+00   1.2302955e+00
   2.0467800e+00   4.5772364e+04   1.5981294e+01   0.0000000e+00   1.2401468e+00
   2.0471600e+00   4.6003515e+04   1.5842727e+01   0.0000000e+00   1.2405186e+00
   2.0475500e+00   4.7696953e+04   1.6432978e+01   0.0000000e+00   1.2411266e+00
   2.0479300e+00   4.7703145e+04   1.6614753e+01   0.0000000e+00   1.2464195e+00
   2.0483200e+00   4.7618094e+04   1.6445530e+01   0.0000000e+00   1.2568230e+00
   2.0487100e+00   4.7682404e+04   1.6546905e+01   0.0000000e+00   1.2695806e+00
   2.0490900e+00   4.8480918e+04   1.6907821e+01   0.0000000e+00   1.2888565e+00
   2.0494800e+00   4.9952741e+04   1.7438174e+01   0.0000000e+00   1.3033243e+00
   2.0498600e+00   5.1575742e+04   1.7639868e+01   0.0000000e+00   1.3134274e+00
   2.0502500e+00   5.2404225e+04   1.8082010e+01   0.0000000e+00   1.3155029e+00
   2.0506400e+00   5.0277702e+04   1.7370611e+01   0.0000000e+00   1.3141663e+00
   2.0510200e+00   4.8975078e+04   1.6818218e+01   0.0000000e+00   1.3177463e+00
   2.0514100e+00   4.9243887e+04   1.6842743e+01   0.0000000e+00   1.3190764e+00
   2.0518000e+00   4.9635740e+04   1.6960888e+01   0.0000000e+00   1.3275147e+00
   2.0521800e+00   4.9772728e+04   1.6971517e+01   0.0000000e+00   1.3430146e+00
   2.0525700e+00   4.9188858e+04   1.6876875e+01   0.0000000e+00   1.3588828e+00
   2.0529600e+00   4.9427280e+04   1.7116946e+01   0.0000000e+00   1.3713647e+00
   2.0533400e+00   4.9605072e+04   1.7326323e+01   0.0000000e+00   1.3729767e+00
   2.0537300e+00   4.9783581e+04   1.7239311e+01   0.0000000e+00   1.3711786e+00
   2.0541200e+00   5.0110056e+04   1.7165140e+01   0.0000000e+00   1.3673167e+00
   2.0545100e+00   5.0245104e+04   1.7249016e+01   0.0000000e+00   1.3673350e+00
   2.0548900e+00   4.9896714e+04   1.7089890e+01   0.0000000e+00   1.3700649e+00
   2.0552800e+00   5.0558442e+04   1.7251181e+01   0.0000000e+00   1.3821266e+00
   2.0556700e+00   5.4437472e+04   1.8844881e+01   0.0000000e+00   1.3946466e+00
   2.0560600e+00   6.4190797e+04   2.2206766e+01   0.0000000e+00   1.4068128e+00
   2.0564500e+00   6.7852373e+04   2.3068261e+01   0.0000000e+00   1.4169521e+00
   2.0568400e+00   6.4880162e+04   2.2173395e+01   0.0000000e+00   1.4174960e+00
   2.0572200e+00   5.4830062e+04   1.8947482e+01   0.0000000e+00   1.4099407e+00
   2.0576100e+00   5.1495219e+04   1.7670240e+01   0.0000000e+00   1.4077429e+00
   2.0580000e+00   5.1543357e+04   1.7722944e+01   0.0000000e+00   1.4131389e+00
   2.0583900e+00   5.1525065e+04   1.7593839e+01   0.0000000e+00   1.4203098e+00
   2.0587800e+00   5.0688959e+04   1.7250166e+01   0.0000000e+00   1.4328583e+00
   2.0591700e+00   5.1019159e+04   1.7471924e+01   0.0000000e+00   1.4459863e+00
   2.0595600e+00   5.1188140e+04   1.7556166e+01   0.0000000e+00   1.4545951e+00
   2.0599500e+00   5.0076614e+04   1.7279914e+01   0.0000000e+00   1.4509888e+00
   2.0603400e+00   5.1013480e+04   1.7529864e+01   0.0000000e+00   1.4491654e+00
   2.0607300e+00   5.1701868e+04   1.7711348e+01   0.0000000e+00   1.4416886e+00
   2.0611200e+00   5.1539779e+04   1.7797355e+01   0.0000000e+00   1.4409825e+00
   2.0615100e+00   5.1191769e+04   1.7543909e+01   0.0000000e+00   1.4450929e+00
   2.0619000e+00   5.1965884e+04   1.7618773e+01   0.0000000e+00   1.4538557e+00
   2.0622900e+00   5.2079892e+04   1.7746219e+01   0.0000000e+00   1.4680805e+00
   2.0626800e+00   5.1789593e+04   1.7836690e+01   0.0000000e+00   1.4713626e+00
   2.0630700e+00   5.1574410e+04   1.7967321e+01   0.0000000e+00   1.4727819e+00
   2.0634600e+00   5.2693930e+04   1.8193398e+01   0.0000000e+00   1.4666808e+00
   2.0638500e+00   5.2994256e+04   1.8024231e+01   0.0000000e+00   1.4640361e+00
   2.0642500e+00   5.2297432e+04   1.7980190e+01   0.0000000e+00   1.4594932e+00
   2.0646400e+00   5.3361488e+04   1.8149386e+01   0.0000000e+00   1.4589527e+00
   2.0650300e+00   5.3122623e+04   1.8443204e+01   0.0000000e+00   1.4661192e+00
   2.0654200e+00   5.3345926e+04   1.8429529e+01   0.0000000e+00   1.4769974e+00
   2.0658100e+00   5.3441827e+04   1.8177056e+01   0.0000000e+00   1.4886767e+00
   2.0662000e+00   5.3593358e+04   1.8373805e+01   0.0000000e+00   1.4930616e+00
   2.0666000e+00   5.4062014e+04   1.8642332e+01   0.0000000e+00   1.4884528e+00
   2.0669900e+00   5.4109809e+04   1.8428762e+01   0.0000000e+00   1.4853458e+00
   2.0673800e+00   5.3452323e+04   1.8468330e+01   0.0000000e+00   1.4770275e+00
   2.0677700e+00   5.3916673e+04   1.8354486e+01   0.0000000e+00   1.4732000e+00
   2.0681700e+00   5.4414829e+04   1.8576900e+01   0.0000000e+00   1.4734326e+00
   2.0685600e+00   5.5510371e+04   1.9071063e+01   0.0000000e+00   1.4891159e+00
   2.0689500e+00   5.5651772e+04   1.8977417e+01   0.0000000e+00   1.5043866e+00
   2.0693400e+00   5.5040742e+04   1.8843420e+01   0.0000000e+00   1.5050378e+00
   2.0697400e+00   5.5800789e+04   1.8952761e+01   0.0000000e+00   1.5009311e+00
   2.0701300e+00   5.5459091e+04   1.8995699e+01   0.0000000e+00   1.4982621e+00
   2.0705200e+00   5.5502103e+04   1.8944635e+01   0.0000000e+00   1.4902562e+00
   2.0709200e+00   5.5742814e+04   1.8959173e+01   0.0000000e+00   1.4846615e+00
   2.0713100e+00   5.5668970e+04   1.8965177e+01   0.0000000e+00   1.4879038e+00
   2.0717100e+00   5.6452253e+04   1.9276809e+01   0.0000000e+00   1.4961723e+00
   2.0721000e+00   5.7809814e+04   2.0087935e+01   0.0000000e+00   1.5000601e+00
   2.0724900e+00   6.5737792e+04   2.2749929e+01   0.0000000e+00   1.5029229e+00
   2.0728900e+00   7.0343944e+04   2.4318490e+01   0.0000000e+00   1.5041529e+00
   2.0732800e+00   6.9656730e+04   2.3717003e+01   0.0000000e+00   1.4995582e+00
   2.0736800e+00   6.2708984e+04   2.1293323e+01   0.0000000e+00   1.4936319e+00
   2.0740700e+00   5.7919586e+04   1.9576173e+01   0.0000000e+00   1.4934937e+00
   2.0744700e+00   5.7577601e+04   1.9787277e+01   0.0000000e+00   1.4950405e+00
   2.0748600e+00   5.7203542e+04   1.9651464e+01   0.0000000e+00   1.5010193e+00
   2.0752600e+00   5.7000821e+04   1.9632583e+01   0.0000000e+00   1.5091459e+00
   2.0756500e+00   5.7168670e+04   1.9386272e+01   0.0000000e+00   1.5151125e+00
   2.0760500e+00   5.7278900e+04   1.9517179e+01   0.0000000e+00   1.5171392e+00
   2.0764400e+00   5.7286549e+04   1.9530541e+01   0.0000000e+00   1.5135471e+00
   2.0768400e+00   5.8105042e+04   1.9788422e+01   0.0000000e+00   1.5036907e+00
   2.0772300e+00   5.8739724e+04   2.0000421e+01   0.0000000e+00   1.5004725e+00
   2.0776300e+00   5.8327481e+04   1.9762426e+01   0.0000000e+00   1.4936696e+00
   2.0780300e+00   5.8728403e+04   1.9978617e+01   0.0000000e+00   1.4986235e+00
   2.0784200e+00   5.8373918e+04   1.9755678e+01   0.0000000e+00   1.5067812e+00
   2.0788200e+00   5.8999653e+04   2.0002989e+01   0.0000000e+00   1.5173425e+00
   2.0792100e+00   5.8994130e+04   2.0118273e+01   0.0000000e+00   1.5182534e+00
   2.0796100e+00   5.9395011e+04   2.0140362e+01   0.0000000e+00   1.5151333e+00
   2.0800100e+00   5.9756681e+04   2.0217654e+01   0.0000000e+00   1.5105076e+00
   2.0804000e+00   6.0007008e+04   2.0423286e+01   0.0000000e+00   1.5033613e+00
   2.0808000e+00   6.0333697e+04   2.0517864e+01   0.0000000e+00   1.5005898e+00
   2.0812000e+00   6.0823334e+04   2.0542719e+01   0.0000000e+00   1.5017299e+00
   2.0816000e+00   6.0706373e+04   2.0634952e+01   0.0000000e+00   1.5088869e+00
   2.0819900e+00   6.1651151e+04   2.0866444e+01   0.0000000e+00   1.5141983e+00
   2.0823900e+00   6.1810494e+04   2.0906323e+01   0.0000000e+00   1.5189760e+00
   2.0827900e+00   6.1943039e+04   2.1003332e+01   0.0000000e+00   1.5173648e+00
   2.0831900e+00   6.2072510e+04   2.0932270e+01   0.0000000e+00   1.5128237e+00
   2.0835800e+00   6.1530093e+04   2.0860352e+01   0.0000000e+00   1.5050696e+00
   2.0839800e+00   6.1566501e+04   2.0959852e+01   0.0000000e+00   1.5027141e+00
   2.0843800e+00   6.2017548e+04   2.1338848e+01   0.0000000e+00   1.5023593e+00
   2.0847800e+00   6.1809161e+04   2.1077457e+01   0.0000000e+00   1.5021276e+00
   2.0851800e+00   6.2638901e+04   2.1177141e+01   0.0000000e+00   1.5101533e+00
   2.0855700e+00   6.5218780e+04   2.2065979e+01   0.0000000e+00   1.5113554e+00
   2.0859700e+00   6.6855473e+04   2.2475048e+01   0.0000000e+00   1.5129024e+00
   2.0863700e+00   6.6991482e+04   2.2750001e+01   0.0000000e+00   1.5060929e+00
   2.0867700e+00   6.5310044e+04   2.2300903e+01   0.0000000e+00   1.5029291e+00
   2.0871700e+00   6.3414261e+04   2.1812720e+01   0.0000000e+00   1.4980017e+00
   2.0875700e+00   6.3990336e+04   2.1638994e+01   0.0000000e+00   1.5073863e+00
   2.0879700e+00   6.4329988e+04   2.1779448e+01   0.0000000e+00   1.5109347e+00
   2.0883700e+00   6.4083574e+04   2.1690556e+01   0.0000000e+00   1.5139105e+00
   2.0887700e+00   6.4282535e+04   2.1542717e+01   0.0000000e+00   1.5188259e+00
   2.0891700e+00   6.4432980e+04   2.1597210e+01   0.0000000e+00   1.5225493e+00
   2.0895700e+00   6.4519591e+04   2.1957978e+01   0.0000000e+00   1.5176437e+00
   2.0899700e+00   6.4779345e+04   2.2121398e+01   0.0000000e+00   1.5133631e+00
   2.0903700e+00   6.7408816e+04   2.2885721e+01   0.0000000e+00   1.5116422e+00
   2.0907700e+00   7.2024092e+04   2.4310557e+01   0.0000000e+00   1.5117510e+00
   2.0911700e+00   7.3069534e+04   2.4593920e+01   0.0000000e+00   1.5109094e+00
   2.0915700e+00   7.0101835e+04   2.3858643e+01   0.0000000e+00   1.5136851e+00
   2.0919700e+00   6.7578851e+04   2.2918843e+01   0.0000000e+00   1.5178370e+00
   2.0923700e+00   6.6895476e+04   2.2704899e+01   0.0000000e+00   1.5203982e+00
   2.0927700e+00   6.6417046e+04   2.2616217e+01   0.0000000e+00   1.5190882e+00
   2.0931700e+00   6.6761493e+04   2.2545168e+01   0.0000000e+00   1.5171452e+00
   2.0935700e+00   6.8171414e+04   2.3024172e+01   0.0000000e+00   1.5159347e+00
   2.0939700e+00   6.7760073e+04   2.3098697e+01   0.0000000e+00   1.5167987e+00
   2.0943800e+00   6.7314835e+04   2.3235023e+01   0.0000000e+00   1.5149478e+00
   2.0947800e+00   6.8053500e+04   2.3076815e+01   0.0000000e+00   1.5176210e+00
   2.0951800e+00   6.8316564e+04   2.2979648e+01   0.0000000e+00   1.5206102e+00
   2.0955800e+00   6.8586287e+04   2.3274429e+01   0.0000000e+00   1.5209834e+00
   2.0959800e+00   6.9129498e+04   2.3749442e+01   0.0000000e+00   1.5226445e+00
   2.0963900e+00   6.9595643e+04   2.3480991e+01   0.0000000e+00   1.5229922e+00
   2.0967900e+00   7.0002167e+04   2.3649182e+01   0.0000000e+00   1.5215382e+00
   2.0971900e+00   7.0285495e+04   2.3797092e+01   0.0000000e+00   1.5205652e+00
   2.0975900e+00   7.0225528e+04   2.3767137e+01   0.0000000e+00   1.5234601e+00
   2.0979900e+00   7.0715159e+04   2.3939873e+01   0.0000000e+00   1.5238911e+00
   2.0984000e+00   7.0744022e+04   2.3656537e+01   0.0000000e+00   1.5255965e+00
   2.0988000e+00   7.1268382e+04   2.4104483e+01   0.0000000e+00   1.5267104e+00
   2.0992000e+00   7.1452933e+04   2.4559224e+01   0.0000000e+00   1.5230275e+00
   2.0996100e+00   7.1383417e+04   2.4434621e+01   0.0000000e+00   1.5256885e+00
   2.1000100e+00   7.2100248e+04   2.4454711e+01   0.0000000e+00   1.5240288e+00
   2.1004100e+00   7.2668363e+04   2.4815991e+01   0.0000000e+00   1.5227439e+00
   2.1008200e+00   7.3234535e+04   2.4717506e+01   0.0000000e+00   1.5260876e+00
   2.1012200e+00   7.3662262e+04   2.5074872e+01   0.0000000e+00   1.5293533e+00
   2.1016200e+00   7.4492226e+04   2.5444221e+01   0.0000000e+00   1.5318611e+00
   2.1020300e+00   7.4928167e+04   2.5219391e+01   0.0000000e+00   1.5371546e+00
   2.1024300e+00   7.4658623e+04   2.5494050e+01   0.0000000e+00   1.5250414e+00
   2.1028400e+00   7.4821222e+04   2.5615812e+01   0.0000000e+00   1.5240809e+00
   2.1032400e+00   7.6198233e+04   2.5752031e+01   0.0000000e+00   1.5249912e+00
   2.1036400e+00   7.5794420e+04   2.5548538e+01   0.0000000e+00   1.5267084e+00
   2.1040500e+00   7.6570723e+04   2.5648413e+01   0.0000000e+00   1.5318396e+00
   2.1044500e+00   7.6520885e+04   2.5933769e+01   0.0000000e+00   1.5355024e+00
   2.1048600e+00   7.6397146e+04   2.5878167e+01   0.0000000e+00   1.5359558e+00
   2.1052600e+00   7.7763536e+04   2.6213811e+01   0.0000000e+00   1.5367066e+00
   2.1056700e+00   7.8504690e+04   2.6597886e+01   0.0000000e+00   1.5350427e+00
   2.1060700e+00   8.0039201e+04   2.6857526e+01   0.0000000e+00   1.5289681e+00
   2.1064800e+00   8.1647399e+04   2.7574954e+01   0.0000000e+00   1.5235928e+00
   2.1068800e+00   8.2743215e+04   2.7686545e+01   0.0000000e+00   1.5293141e+00
   2.1072900e+00   8.1000215e+04   2.7326679e+01   0.0000000e+00   1.5293920e+00
   2.1077000e+00   7.9821425e+04   2.6758804e+01   0.0000000e+00   1.5335735e+00
   2.1081000e+00   7.9674292e+04   2.6627929e+01   0.0000000e+00   1.5321381e+00
   2.1085100e+00   8.0192221e+04   2.6895733e+01   0.0000000e+00   1.5314298e+00
   2.1089100e+00   8.0218301e+04   2.6934742e+01   0.0000000e+00   1.5275259e+00
   2.1093200e+00   8.1473009e+04   2.7879582e+01   0.0000000e+00   1.5198357e+00
   2.1097300e+00   8.2995501e+04   2.8506311e+01   0.0000000e+00   1.5197213e+00
   2.1101300e+00   8.4786583e+04   2.8668587e+01   0.0000000e+00   1.5233862e+00
   2.1105400e+00   8.4632488e+04   2.8569268e+01   0.0000000e+00   1.5269055e+00
   2.1109400e+00   8.6558693e+04   2.9153938e+01   0.0000000e+00   1.5275431e+00
   2.1113500e+00   8.8088428e+04   2.9820474e+01   0.0000000e+00   1.5312249e+00
   2.1117600e+00   8.8402807e+04   2.9689104e+01   0.0000000e+00   1.5336723e+00
   2.1121700e+00   8.7393231e+04   2.9413193e+01   3.8928893e+02   1.5244399e+00
   2.1125700e+00   8.5161944e+04   2.8789612e+01  -1.6097977e+03   1.5233811e+00
   2.1129800e+00   8.5152621e+04   2.8644104e+01  -1.3179799e+03   1.5116567e+00
   2.1133900e+00   8.5313628e+04   2.8654520e+01  -9.2654213e+02   1.5157719e+00
   2.1137900e+00   8.6391350e+04   2.9024446e+01   1.9497057e+02   1.5199541e+00
   2.1142000e+00   8.6914244e+04   2.9312042e+01   5.0060918e+02   1.5258356e+00
   2.1146100e+00   8.6691368e+04   2.9060210e+01  -2.2824873e+02   1.5271216e+00
   2.1150200e+00   8.9144845e+04   2.9778412e+01   1.4446221e+03   1.5273434e+00
   2.1154300e+00   9.0486936e+04   3.0259956e+01   1.7781660e+03   1.5271618e+00
   2.1158300e+00   9.0219587e+04   3.0094779e+01   3.4562439e+02   1.5227442e+00
   2.1162400e+00   8.9362867e+04   3.0198078e+01  -1.7428717e+03   1.5134739e+00
   2.1166500e+00   8.9168500e+04   3.0150040e+01  -3.1333471e+03   1.5101867e+00
   2.1170600e+00   9.1628642e+04   3.0985955e+01  -1.7293248e+03   1.5103367e+00
   2.1174700e+00   9.6612861e+04   3.2438471e+01   2.4301018e+03   1.5181727e+00
   2.1178800e+00   9.8138628e+04   3.2756326e+01   3.4240159e+03   1.5212858e+00
   2.1182900e+00   9.6701436e+04   3.2415127e+01   1.7662580e+03   1.5262957e+00
   2.1186900e+00   9.2435148e+04   3.1661153e+01  -2.4399423e+03   1.5157108e+00
   2.1191000e+00   9.3363528e+04   3.1388167e+01  -1.2467062e+03   1.5094903e+00
   2.1195100e+00   9.3563989e+04   3.1565007e+01  -6.8375634e+02   1.5030526e+00
   2.1199200e+00   9.3264963e+04   3.1426654e+01  -6.4106874e+02   1.4991384e+00
   2.1203300e+00   9.3981561e+04   3.1554372e+01   2.8548994e+02   1.5029630e+00
   2.1207400e+00   9.4888718e+04   3.1814212e+01   1.1795039e+03   1.5080554e+00
   2.1211500e+00   9.4234102e+04   3.1640909e+01   2.2397600e+02   1.5143173e+00
   2.1215600e+00   9.5334839e+04   3.2082611e+01   7.0155646e+02   1.5162794e+00
   2.1219700e+00   9.5595904e+04   3.2125798e+01   1.5607767e+01   1.5135386e+00
   2.1223800e+00   9.6583494e+04   3.2437536e+01  -2.3321466e+02   1.5074131e+00
   2.1227900e+00   9.7467983e+04   3.3037729e+01  -8.0153072e+02   1.4970121e+00
   2.1232000e+00   9.9961991e+04   3.3616240e+01   1.3249444e+02   1.4904736e+00
   2.1236100e+00   1.0126276e+05   3.3861856e+01  -9.8215811e+01   1.4888508e+00
   2.1240200e+00   1.0016087e+05   3.3390249e+01  -2.5596148e+03   1.4948828e+00
   2.1244300e+00   1.0286037e+05   3.4630612e+01  -9.2355371e+02   1.5041962e+00
   2.1248400e+00   1.0766618e+05   3.6036125e+01   3.1901787e+03   1.5065593e+00
   2.1252500e+00   1.0887079e+05   3.6494015e+01   4.0800186e+03   1.5016317e+00
   2.1256700e+00   1.0496383e+05   3.5126923e+01   1.6917457e+02   1.4966675e+00
   2.1260800e+00   1.0183883e+05   3.4308687e+01  -2.7730337e+03   1.4858413e+00
   2.1264900e+00   1.0253788e+05   3.4848229e+01  -1.8576615e+03   1.4731517e+00
   2.1269000e+00   1.0303017e+05   3.4454577e+01  -1.2612860e+03   1.4717358e+00
   2.1273100e+00   1.0441419e+05   3.4795368e+01   9.0583397e+00   1.4754947e+00
   2.1277200e+00   1.0558277e+05   3.5367605e+01   7.9972185e+02   1.4826777e+00
   2.1281300e+00   1.0675895e+05   3.5562592e+01   1.3470325e+03   1.4887444e+00
   2.1285500e+00   1.0731388e+05   3.5897472e+01   1.0816401e+03   1.4857499e+00
   2.1289600e+00   1.0705766e+05   3.6275537e+01  -1.0219340e+02   1.4776527e+00
   2.1293700e+00   1.0732920e+05   3.6073440e+01  -7.7955879e+02   1.4698226e+00
   2.1297800e+00   1.0855183e+05   3.6205220e+01  -4.5896394e+02   1.4573834e+00
   2.1302000e+00   1.0952761e+05   3.6530344e+01  -3.0218259e+02   1.4511772e+00
   2.1306100e+00   1.0962556e+05   3.6719824e+01  -9.4420134e+02   1.4483671e+00
   2.1310200e+00   1.1062315e+05   3.7081691e+01  -6.5429556e+02   1.4545945e+00
   2.1314300e+00   1.1294188e+05   3.7499803e+01   9.0446464e+02   1.4632336e+00
   2.1318500e+00   1.1454643e+05   3.8477585e+01   1.5907433e+03   1.4634748e+00
   2.1322600e+00   1.1649770e+05   3.9180972e+01   2.3683604e+03   1.4597571e+00
   2.1326700e+00   1.1738754e+05   3.9032618e+01   1.7834460e+03   1.4465533e+00
   2.1330900e+00   1.1666069e+05   3.8967758e+01  -6.6687419e+02   1.4364361e+00
   2.1335000e+00   1.1608385e+05   3.8582345e+01  -3.0292900e+03   1.4257982e+00
   2.1339100e+00   1.1644518e+05   3.8695375e+01  -4.1879445e+03   1.4198711e+00
   2.1343300e+00   1.1725326e+05   3.9141989e+01  -4.2010936e+03   1.4247417e+00
   2.1347400e+00   1.1841600e+05   3.9794840e+01  -2.7024587e+03   1.4333775e+00
   2.1351500e+00   1.1887933e+05   3.9820768e+01  -3.7141129e+02   1.4393616e+00
   2.1355700e+00   1.4086371e+05   4.2123234e+01   2.5193437e+04   1.3854159e+00
   2.1359800e+00   1.0729531e+05   4.3731207e+01  -3.1543940e+03   1.4244169e+00
   2.1364000e+00   9.8572263e+04   4.2922271e+01  -5.3392072e+03   1.4251357e+00
   2.1368100e+00   9.1188541e+04   4.3282732e+01  -5.3741246e+03   1.4211634e+00
   2.1372200e+00   8.4333700e+04   4.2840315e+01  -4.6505958e+03   1.4211257e+00
   2.1376400e+00   8.0140962e+04   4.1915179e+01  -1.5610029e+03   1.4289058e+00
   2.1380500e+00   7.5741514e+04   4.1023009e+01   6.4969180e+02   1.4397310e+00
   2.1384700e+00   7.1502494e+04   4.0047098e+01   2.1611305e+03   1.4422737e+00
   2.1388800e+00   6.6770771e+04   3.8402645e+01   2.3037880e+03   1.4434353e+00
   2.1393000e+00   6.2082294e+04   3.6531212e+01   1.7107406e+03   1.4322962e+00
   2.1397100e+00   5.7849860e+04   3.4324689e+01   9.3448619e+02   1.4158684e+00
   2.1401300e+00   5.4292547e+04   3.1794991e+01   3.1657968e+02   1.3992892e+00
   2.1405400e+00   4.9893089e+04   2.8231987e+01  -1.5880204e+03   1.3938265e+00
   2.1409600e+00   4.8786354e+04   2.4430918e+01  -6.2647990e+02   1.4075510e+00
   2.1413700e+00   4.6707916e+04   2.1554963e+01  -1.0808872e+03   1.4426197e+00
   2.1417900e+00   4.5703102e+04   1.8897978e+01  -9.3006135e+02   1.4563483e+00
   2.1422100e+00   4.5986145e+04   1.6602404e+01   3.6808710e+01   1.4691155e+00
   2.1426200e+00   4.6535613e+04   1.6091816e+01   8.3238460e+02   1.4848804e+00
   2.1430400e+00   4.7057581e+04   1.6136349e+01   1.2389045e+03   1.4827975e+00
   2.1434500e+00   4.6757810e+04   1.6019067e+01   5.7409461e+02   1.4712064e+00
   2.1438700e+00   4.6283839e+04   1.5920041e+01  -3.8023250e+02   1.4622934e+00
   2.1442900e+00   4.6744034e+04   1.6273781e+01  -3.7636484e+02   1.4631463e+00
   2.1447000e+00   4.6813565e+04   1.6157766e+01  -6.1331055e+02   1.4737629e+00
   2.1451200e+00   4.6803306e+04   1.6002675e+01  -6.8691935e+02   1.4908916e+00
   2.1455400e+00   4.6823566e+04   1.6030554e+01  -4.4514152e+02   1.4945934e+00
   2.1459500e+00   4.6608792e+04   1.6146524e+01  -1.8002925e+02   1.4969642e+00
   2.1463700e+00   4.6925181e+04   1.6604061e+01   7.7037050e+02   1.4892910e+00
   2.1467900e+00   4.6384403e+04   1.5992360e+01   8.3988983e+02   1.4686031e+00
   2.1472000e+00   4.6674653e+04   1.5996955e+01   1.4883559e+03   1.4585153e+00
   2.1476200e+00   4.7029902e+04   1.6261459e+01   1.7143787e+03   1.4544382e+00
   2.1480400e+00   4.6437015e+04   1.5977346e+01   3.2155981e+02   1.4677979e+00
   2.1484600e+00   4.7291719e+04   1.6345352e+01  -3.6418967e+02   1.4784656e+00
   2.1488700e+00   4.7388039e+04   1.6234226e+01  -2.4604910e+03   1.4892644e+00
   2.1492900e+00   4.7598034e+04   1.6372521e+01  -4.8398548e+03   1.4958141e+00
   2.1497100e+00   4.8657128e+04   1.6720608e+01  -6.3835873e+03   1.4891295e+00
   2.1501300e+00   5.6458066e+04   1.9812005e+01  -7.7370664e+02   1.4742869e+00
   2.1505500e+00   6.9010028e+04   2.3676983e+01   1.0356153e+04   1.4578597e+00
   2.1509600e+00   7.1103006e+04   2.4401045e+01   1.1989419e+04   1.4515093e+00
   2.1513800e+00   6.1293153e+04   2.1532972e+01   2.6655090e+03   1.4562556e+00
   2.1518000e+00   5.0103468e+04   1.7380099e+01  -7.3022498e+03   1.4671607e+00
   2.1522200e+00   4.8487002e+04   1.6604810e+01  -7.2903049e+03   1.4801702e+00
   2.1526400e+00   4.8322992e+04   1.6509223e+01  -5.7637769e+03   1.4864657e+00
   2.1530600e+00   4.9934093e+04   1.7534272e+01  -2.6616088e+03   1.4808325e+00
   2.1534700e+00   5.4716983e+04   1.8936648e+01   3.2873195e+03   1.4725638e+00
   2.1538900e+00   5.6140640e+04   1.9202266e+01   5.5584646e+03   1.4555772e+00
   2.1543100e+00   5.4573999e+04   1.8603172e+01   4.6117521e+03   1.4433384e+00
   2.1547300e+00   4.9033665e+04   1.6994283e+01  -4.2499677e+02   1.4431189e+00
   2.1551500e+00   4.8054689e+04   1.6452672e+01  -9.3957988e+02   1.4513106e+00
   2.1555700e+00   4.7048529e+04   1.6140980e+01  -1.5018913e+03   1.4677321e+00
   2.1559900e+00   4.6872905e+04   1.5990437e+01  -1.2855773e+03   1.4778935e+00
   2.1564100e+00   4.7092343e+04   1.6206740e+01  -7.7732028e+02   1.4794918e+00
   2.1568300e+00   4.6635478e+04   1.6093540e+01  -1.0858479e+03   1.4692871e+00
   2.1572500e+00   4.7205530e+04   1.6227338e+01  -5.0863103e+02   1.4537141e+00
   2.1576700e+00   4.8434965e+04   1.6637982e+01   6.2682326e+02   1.4377766e+00
   2.1580900e+00   4.9699591e+04   1.6989850e+01   1.7636135e+03   1.4312644e+00
   2.1585100e+00   4.9471235e+04   1.6969354e+01   1.4450265e+03   1.4387948e+00
   2.1589300e+00   4.7656577e+04   1.6558468e+01  -3.6976142e+02   1.4490226e+00
   2.1593500e+00   4.7464939e+04   1.6357000e+01  -4.5329439e+02   1.4654502e+00
   2.1597700e+00   4.7253089e+04   1.6364246e+01  -4.6807866e+02   1.4676111e+00
   2.1601900e+00   4.7255010e+04   1.6209595e+01  -2.2762152e+02   1.4593162e+00
   2.1606100e+00   4.6905571e+04   1.6144743e+01  -3.5605492e+02   1.4491108e+00
   2.1610300e+00   4.7177589e+04   1.6226921e+01   6.6296893e+01   1.4361583e+00
   2.1614500e+00   4.6848286e+04   1.6008320e+01  -2.1735565e+02   1.4252383e+00
   2.1618800e+00   4.7226819e+04   1.6227080e+01   9.3287665e+01   1.4291768e+00
   2.1623000e+00   4.7667618e+04   1.6370419e+01   3.6748111e+02   1.4395404e+00
   2.1627200e+00   4.7262077e+04   1.6156183e+01  -2.7189423e+02   1.4565352e+00
   2.1631400e+00   4.7926672e+04   1.6337204e+01   1.3009913e+02   1.4645883e+00
   2.1635600e+00   4.8446241e+04   1.6520329e+01   3.9455271e+02   1.4636243e+00
   2.1639800e+00   4.8924830e+04   1.6764061e+01   6.5380223e+02   1.4566185e+00
   2.1644000e+00   4.8443841e+04   1.6754009e+01   8.4121185e+00   1.4388011e+00
   2.1648300e+00   4.7909504e+04   1.6337364e+01  -6.2331404e+02   1.4277717e+00
   2.1652500e+00   4.7805611e+04   1.6413690e+01  -7.4975050e+02   1.4251888e+00
   2.1656700e+00   4.8072617e+04   1.6403978e+01  -4.2586025e+02   1.4338554e+00
   2.1660900e+00   4.8042975e+04   1.6688728e+01  -3.2021814e+02   1.4469949e+00
   2.1665100e+00   4.8629187e+04   1.6846054e+01   4.6728191e+02   1.4596085e+00
   2.1669400e+00   4.8684348e+04   1.6638284e+01   7.5959804e+02   1.4670212e+00
   2.1673600e+00   4.8575675e+04   1.6813648e+01   8.7339996e+02   1.4584962e+00
   2.1677800e+00   4.7838962e+04   1.6607835e+01   2.7850136e+02   1.4440149e+00
   2.1682000e+00   4.7729023e+04   1.6490619e+01   1.6194893e+02   1.4313201e+00
   2.1686300e+00   4.7599614e+04   1.6584418e+01  -1.7183882e+02   1.4226400e+00
   2.1690500e+00   4.7493608e+04   1.6416756e+01  -6.9010416e+02   1.4279140e+00
   2.1694700e+00   4.7415345e+04   1.6386326e+01  -1.3459633e+03   1.4441255e+00
   2.1699000e+00   4.8134899e+04   1.6522223e+01  -1.2753838e+03   1.4604257e+00
   2.1703200e+00   4.9018364e+04   1.6879931e+01  -9.8529592e+02   1.4684472e+00
   2.1707400e+00   5.1654790e+04   1.7825775e+01   1.2410465e+03   1.4634280e+00
   2.1711700e+00   5.3476831e+04   1.8273493e+01   2.9283346e+03   1.4507159e+00
   2.1715900e+00   5.2787166e+04   1.8099855e+01   2.4078390e+03   1.4382910e+00
   2.1720100e+00   4.8999737e+04   1.6806072e+01  -9.5017041e+02   1.4269274e+00
   2.1724400e+00   4.7864803e+04   1.6402924e+01  -1.4985582e+03   1.4266269e+00
   2.1728600e+00   4.7707137e+04   1.6253004e+01  -1.0437948e+03   1.4356476e+00
   2.1732900e+00   4.7813578e+04   1.7055771e+01  -4.1809899e+02   1.4541068e+00
   2.1737100e+00   4.7469639e+04   1.6188416e+01  -4.0726592e+02   1.4638743e+00
   2.1741300e+00   4.7646284e+04   1.6296837e+01  -4.6186055e+01   1.4672785e+00
   2.1745600e+00   4.7351410e+04   1.6291506e+01  -2.7300308e+02   1.4538495e+00
   2.1749800e+00   4.7259416e+04   1.6371332e+01  -3.2668002e+02   1.4370544e+00
   2.1754100e+00   4.7805611e+04   1.6421279e+01   3.0720761e+02   1.4236525e+00
   2.1758300e+00   4.8028457e+04   1.6438236e+01   6.9843077e+02   1.4147367e+00
   2.1762600e+00   4.8214986e+04   1.6533979e+01   1.0912102e+03   1.4265280e+00
   2.1766800e+00   4.8777427e+04   1.6749155e+01   1.7791310e+03   1.4382608e+00
   2.1771100e+00   4.7834914e+04   1.6399114e+01   7.1439146e+02   1.4498993e+00
   2.1775300e+00   4.7594042e+04   1.6417971e+01  -5.9634130e+01   1.4628924e+00
   2.1779600e+00   4.8095648e+04   1.6543892e+01  -5.9921411e+02   1.4515738e+00
   2.1783800e+00   4.7870791e+04   1.6374696e+01  -2.3509983e+03   1.4396237e+00
   2.1788100e+00   4.8402999e+04   1.6654430e+01  -3.6660319e+03   1.4266393e+00
   2.1792300e+00   4.9536401e+04   1.6970265e+01  -4.4115414e+03   1.4156821e+00
   2.1796600e+00   5.5568774e+04   1.9503901e+01   5.8155462e+01   1.4135359e+00
   2.1800800e+00   6.4549096e+04   2.2019287e+01   8.1083248e+03   1.4256767e+00
   2.1805100e+00   6.4067880e+04   2.1904554e+01   7.5273573e+03   1.4383609e+00
   2.1809400e+00   5.6608578e+04   1.9537044e+01   8.2443499e+02   1.4521340e+00
   2.1813600e+00   4.9653049e+04   1.6995570e+01  -4.6705380e+03   1.4516236e+00
   2.1817900e+00   4.7902966e+04   1.6348679e+01  -4.5424704e+03   1.4413723e+00
   2.1822100e+00   4.8223182e+04   1.6648428e+01  -2.2698134e+03   1.4256835e+00
   2.1826400e+00   4.8252321e+04   1.6581358e+01  -5.2857678e+02   1.4108585e+00
   2.1830700e+00   4.8000078e+04   1.6433641e+01   4.6960459e+02   1.4039289e+00
   2.1834900e+00   4.8384350e+04   1.6787429e+01   1.5422977e+03   1.4130734e+00
   2.1839200e+00   4.8184317e+04   1.6415480e+01   1.4812464e+03   1.4270629e+00
   2.1843500e+00   4.8962306e+04   1.6751657e+01   1.9425757e+03   1.4415419e+00
   2.1847700e+00   4.8098309e+04   1.6484419e+01   4.4267293e+02   1.4418230e+00
   2.1852000e+00   4.8312225e+04   1.6520693e+01  -1.5230239e+02   1.4375341e+00
   2.1856300e+00   4.8120980e+04   1.6609217e+01  -1.1897743e+03   1.4217956e+00
   2.1860600e+00   4.7868551e+04   1.6351687e+01  -2.2102097e+03   1.4056082e+00
   2.1864800e+00   4.8228986e+04   1.6797190e+01  -2.4480515e+03   1.3930337e+00
   2.1869100e+00   5.1376046e+04   1.7935926e+01   3.3332415e+02   1.3962292e+00
   2.1873400e+00   5.4801471e+04   1.8689532e+01   3.6541424e+03   1.4059004e+00
   2.1877600e+00   5.4470040e+04   1.8565193e+01   3.4705293e+03   1.4225065e+00
   2.1881900e+00   4.9834862e+04   1.7253670e+01  -8.0553988e+02   1.4233302e+00
   2.1886200e+00   4.8292565e+04   1.6677702e+01  -1.8388864e+03   1.4226906e+00
   2.1890500e+00   4.8024148e+04   1.6797096e+01  -1.5124690e+03   1.4042052e+00
   2.1894800e+00   4.7614474e+04   1.6472175e+01  -1.2898598e+03   1.3938075e+00
   2.1899000e+00   4.8089986e+04   1.6434954e+01  -1.6850142e+02   1.3808289e+00
   2.1903300e+00   4.7360536e+04   1.6203365e+01  -2.4465293e+02   1.3761374e+00
   2.1907600e+00   4.7184249e+04   1.6226946e+01   2.3028714e+02   1.3806030e+00
   2.1911900e+00   4.7321597e+04   1.6202580e+01   9.7690118e+02   1.3912311e+00
   2.1916200e+00   4.7564205e+04   1.6233609e+01   1.6969017e+03   1.3972865e+00
   2.1920500e+00   4.7135632e+04   1.6169339e+01   1.4744918e+03   1.3969711e+00
   2.1924800e+00   4.7201589e+04   1.6261090e+01   1.3133783e+03   1.3861137e+00
   2.1929000e+00   4.6751562e+04   1.6144815e+01   6.8492164e+01   1.3712582e+00
   2.1933300e+00   4.7222210e+04   1.6269016e+01  -8.7075945e+02   1.3581380e+00
   2.1937600e+00   4.7412015e+04   1.6132736e+01  -2.6170475e+03   1.3509452e+00
   2.1941900e+00   4.7300796e+04   1.6220185e+01  -4.9498910e+03   1.3508822e+00
   2.1946200e+00   4.9039012e+04   1.7013299e+01  -5.3583046e+03   1.3544337e+00
   2.1950500e+00   5.7226610e+04   2.0099307e+01   1.1588596e+03   1.3628308e+00
   2.1954800e+00   6.6925991e+04   2.3108315e+01   1.0001064e+04   1.3655654e+00
   2.1959100e+00   6.5372252e+04   2.2477921e+01   8.5821295e+03   1.3614783e+00
   2.1963400e+00   5.5031651e+04   1.9059064e+01  -6.6272044e+02   1.3518220e+00
   2.1967700e+00   4.8926363e+04   1.6852428e+01  -4.9454958e+03   1.3361915e+00
   2.1972000e+00   4.7184249e+04   1.6245181e+01  -4.5116599e+03   1.3247355e+00
   2.1976300e+00   4.6956482e+04   1.6199562e+01  -2.6197343e+03   1.3182332e+00
   2.1980600e+00   4.7178921e+04   1.6213353e+01  -6.7370748e+02   1.3199748e+00
   2.1984900e+00   4.7097093e+04   1.6320595e+01   3.7633011e+02   1.3288676e+00
   2.1989200e+00   4.7649617e+04   1.6491873e+01   1.4415177e+03   1.3353511e+00
   2.1993500e+00   4.7667086e+04   1.6223068e+01   1.4675657e+03   1.3365393e+00
   2.1997800e+00   4.7944634e+04   1.6521325e+01   1.4479666e+03   1.3310322e+00
   2.2002100e+00   4.7307596e+04   1.6366680e+01   4.1927500e+02   1.3130667e+00
   2.2006400e+00   4.7104169e+04   1.6078163e+01  -1.0649139e+02   1.2965921e+00
   2.2010700e+00   4.7320775e+04   1.6365983e+01  -6.2088214e+01   1.2927257e+00
   2.2015000e+00   4.6779563e+04   1.6286286e+01  -6.3318081e+02   1.2934732e+00
   2.2019300e+00   4.6918905e+04   1.6165555e+01  -4.5730825e+02   1.2995429e+00
   2.2023600e+00   4.6961380e+04   1.6235552e+01  -4.1907768e+02   1.3030611e+00
   2.2027900e+00   4.8171650e+04   1.6416766e+01   6.4869145e+02   1.3079073e+00
   2.2032300e+00   4.7861630e+04   1.6743117e+01   4.5747938e+00   1.3039941e+00
   2.2036600e+00   4.7256841e+04   1.6336828e+01  -1.1159262e+03   1.2955653e+00
   2.2040900e+00   4.7799608e+04   1.6483695e+01  -1.1976827e+03   1.2792988e+00
   2.2045200e+00   4.8824108e+04   1.6881144e+01  -7.8984379e+02   1.2667474e+00
   2.2049500e+00   5.2377910e+04   1.8112569e+01   2.2847543e+03   1.2659295e+00
   2.2053800e+00   5.2820465e+04   1.8176600e+01   2.4952968e+03   1.2693015e+00
   2.2058100e+00   5.1460520e+04   1.7682246e+01   1.2152052e+03   1.2768188e+00
   2.2062500e+00   4.8319084e+04   1.6611650e+01  -1.5265776e+03   1.2823795e+00
   2.2066800e+00   4.7127695e+04   1.6277216e+01  -2.0453345e+03   1.2839265e+00
   2.2071100e+00   4.6991576e+04   1.6151081e+01  -1.3247997e+03   1.2759874e+00
   2.2075400e+00   4.6949405e+04   1.6240976e+01  -4.4081431e+02   1.2649351e+00
   2.2079800e+00   4.6966472e+04   1.6378115e+01   4.4622755e+02   1.2522257e+00
   2.2084100e+00   4.6677979e+04   1.6075801e+01   8.4423520e+02   1.2468176e+00
   2.2088400e+00   4.7021083e+04   1.6252835e+01   1.5690092e+03   1.2447856e+00
   2.2092700e+00   4.6815960e+04   1.6059442e+01   1.3363969e+03   1.2496709e+00
   2.2097100e+00   4.6165960e+04   1.5721282e+01   1.8082963e+02   1.2580613e+00
   2.2101400e+00   4.7036554e+04   1.6170376e+01   5.8243106e+01   1.2657852e+00
   2.2105700e+00   4.7889826e+04   1.6310841e+01  -4.9697021e+02   1.2607063e+00
   2.2110000e+00   4.7166162e+04   1.6107148e+01  -2.8798348e+03   1.2499298e+00
   2.2114400e+00   4.7188922e+04   1.6276535e+01  -4.5230443e+03   1.2374053e+00
   2.2118700e+00   5.0863796e+04   1.8162562e+01  -2.2391251e+03   1.2278729e+00
   2.2123000e+00   5.9448996e+04   2.0726652e+01   5.4868158e+03   1.2239880e+00
   2.2127400e+00   6.1444471e+04   2.1076413e+01   7.3220635e+03   1.2319240e+00
   2.2131700e+00   5.5756119e+04   1.9253611e+01   2.2065078e+03   1.2392822e+00
   2.2136000e+00   4.8634345e+04   1.6737668e+01  -3.7188899e+03   1.2467677e+00
   2.2140400e+00   4.7580280e+04   1.6316580e+01  -3.1790709e+03   1.2463364e+00
   2.2144700e+00   4.6848286e+04   1.5997954e+01  -2.2041988e+03   1.2414953e+00
   2.2149000e+00   4.6783755e+04   1.6104498e+01  -7.2116403e+02   1.2327306e+00
   2.2153400e+00   4.6897210e+04   1.6190522e+01   5.8002669e+02   1.2201532e+00
   2.2157700e+00   4.6280153e+04   1.6197548e+01   6.9404145e+02   1.2108935e+00
   2.2162100e+00   4.6528296e+04   1.5980973e+01   1.2244761e+03   1.2155170e+00
   2.2166400e+00   4.5978847e+04   1.5843169e+01   5.9749535e+02   1.2200205e+00
   2.2170800e+00   4.6116011e+04   1.5951989e+01   4.3067210e+02   1.2312641e+00
   2.2175100e+00   4.5774556e+04   1.5688964e+01  -3.0074320e+02   1.2344734e+00
   2.2179400e+00   4.6005515e+04   1.5861147e+01  -4.2740695e+02   1.2348567e+00
   2.2183800e+00   4.6822233e+04   1.6110979e+01   1.4331559e+02   1.2262014e+00
   2.2188100e+00   4.6585595e+04   1.6012725e+01  -1.9174290e+02   1.2164701e+00
   2.2192500e+00   4.6629164e+04   1.6017039e+01  -1.0132687e+02   1.2065174e+00
   2.2196800e+00   4.6140135e+04   1.5822244e+01  -4.2876950e+02   1.2037422e+00
   2.2201200e+00   4.5959498e+04   1.5937482e+01   0.0000000e+00   1.2060427e+00
   2.2205500e+00   4.6568214e+04   1.6114430e+01   0.0000000e+00   1.2146215e+00
   2.2209900e+00   4.6118856e+04   1.6030124e+01   0.0000000e+00   1.2188146e+00
   2.2214200e+00   4.5892175e+04   1.5749719e+01   0.0000000e+00   1.2245088e+00
   2.2218600e+00   4.6323939e+04   1.5929128e+01   0.0000000e+00   1.2195202e+00
   2.2222900e+00   4.6348440e+04   1.6181570e+01   0.0000000e+00   1.2071468e+00
   2.2227300e+00   4.5988181e+04   1.5995036e+01   0.0000000e+00   1.1906089e+00
   2.2231700e+00   4.6139931e+04   1.6094124e+01   0.0000000e+00   1.1901792e+00
   2.2236000e+00   4.5688162e+04   1.6059162e+01   0.0000000e+00   1.1882693e+00
   2.2240400e+00   4.7093675e+04   1.6281905e+01   0.0000000e+00   1.1917589e+00
   2.2244700e+00   4.8891965e+04   1.6935528e+01   0.0000000e+00   1.2004191e+00
   2.2249100e+00   4.9515314e+04   1.7042888e+01   0.0000000e+00   1.2066455e+00
   2.2253400e+00   4.9007035e+04   1.6815046e+01   0.0000000e+00   1.2069775e+00
   2.2257800e+00   4.5827641e+04   1.5900753e+01   0.0000000e+00   1.1978072e+00
   2.2262200e+00   4.6361761e+04   1.5884226e+01   0.0000000e+00   1.1881189e+00
   2.2266500e+00   4.6337536e+04   1.6108313e+01   0.0000000e+00   1.1782975e+00
   2.2270900e+00   4.6157525e+04   1.6289619e+01   0.0000000e+00   1.1733280e+00
   2.2275300e+00   4.6868227e+04   1.6135128e+01   0.0000000e+00   1.1753334e+00
   2.2279600e+00   4.6258532e+04   1.6908712e+01   0.0000000e+00   1.1802228e+00
   2.2284000e+00   4.6360650e+04   1.6092765e+01   0.0000000e+00   1.1902579e+00
   2.2288400e+00   4.6823952e+04   1.6042089e+01   0.0000000e+00   1.1964463e+00
   2.2292700e+00   4.6682097e+04   1.6172582e+01   0.0000000e+00   1.1925045e+00
   2.2297100e+00   4.7196923e+04   1.6089876e+01   0.0000000e+00   1.1825550e+00
   2.2301500e+00   4.7030567e+04   1.6271646e+01   0.0000000e+00   1.1676641e+00
   2.2305800e+00   4.9299769e+04   1.6937774e+01   0.0000000e+00   1.1602363e+00
   2.2310200e+00   5.4505430e+04   1.8776738e+01   0.0000000e+00   1.1599358e+00
   2.2314600e+00   5.5018073e+04   1.8895843e+01   0.0000000e+00   1.1630552e+00
   2.2319000e+00   5.2257236e+04   1.8002505e+01   0.0000000e+00   1.1718484e+00
   2.2323300e+00   4.8457059e+04   1.6624297e+01   0.0000000e+00   1.1812823e+00
   2.2327700e+00   4.7004722e+04   1.6175857e+01   0.0000000e+00   1.1801295e+00
   2.2332100e+00   4.7257507e+04   1.6297175e+01   0.0000000e+00   1.1768379e+00
   2.2336500e+00   4.7231476e+04   1.6375989e+01   0.0000000e+00   1.1628326e+00
   2.2340900e+00   4.7706379e+04   1.6290232e+01   0.0000000e+00   1.1566618e+00
   2.2345200e+00   4.8220717e+04   1.6498214e+01   0.0000000e+00   1.1562370e+00
   2.2349600e+00   4.7788287e+04   1.6472749e+01   0.0000000e+00   1.1551870e+00
   2.2354000e+00   4.7115584e+04   1.6168591e+01   0.0000000e+00   1.1604828e+00
   2.2358400e+00   4.7603152e+04   1.6415719e+01   0.0000000e+00   1.1666429e+00
   2.2362800e+00   4.7030752e+04   1.6306492e+01   0.0000000e+00   1.1725289e+00
   2.2367200e+00   4.7415560e+04   1.6553820e+01   0.0000000e+00   1.1716762e+00
   2.2371500e+00   4.7112251e+04   1.6351399e+01   0.0000000e+00   1.1607966e+00
   2.2375900e+00   4.6926358e+04   1.6052260e+01   0.0000000e+00   1.1505399e+00
   2.2380300e+00   4.7031259e+04   1.6322495e+01   0.0000000e+00   1.1426114e+00
   2.2384700e+00   4.6251872e+04   1.6192290e+01   0.0000000e+00   1.1414516e+00
   2.2389100e+00   4.7286928e+04   1.6644273e+01   0.0000000e+00   1.1470389e+00
   2.2393500e+00   4.7587613e+04   1.6343001e+01   0.0000000e+00   1.1538258e+00
   2.2397900e+00   4.6972018e+04   1.6238096e+01   0.0000000e+00   1.1617390e+00
   2.2402300e+00   4.7284928e+04   1.6541713e+01   0.0000000e+00   1.1638875e+00
   2.2406700e+00   4.6943573e+04   1.6100695e+01   0.0000000e+00   1.1606600e+00
   2.2411000e+00   4.6899571e+04   1.6286576e+01   0.0000000e+00   1.1489167e+00
   2.2415400e+00   4.6894189e+04   1.6548394e+01   0.0000000e+00   1.1379168e+00
   2.2419800e+00   4.7186912e+04   1.6298332e+01   0.0000000e+00   1.1324063e+00
   2.2424200e+00   4.7742290e+04   1.6613876e+01   0.0000000e+00   1.1322371e+00
   2.2428600e+00   4.7339913e+04   1.6312614e+01   0.0000000e+00   1.1420891e+00
   2.2433000e+00   4.7963637e+04   1.6540159e+01   0.0000000e+00   1.1457591e+00
   2.2437400e+00   4.7790292e+04   1.6601919e+01   0.0000000e+00   1.1485585e+00
   2.2441800e+00   4.7423870e+04   1.6422850e+01   0.0000000e+00   1.1483443e+00
   2.2446200e+00   4.7354549e+04   1.6183400e+01   0.0000000e+00   1.1422924e+00
   2.2450600e+00   4.7462321e+04   1.6498246e+01   0.0000000e+00   1.1339009e+00
   2.2455000e+00   4.8656738e+04   1.6700208e+01   0.0000000e+00   1.1233317e+00
   2.2459400e+00   4.9287129e+04   1.6932449e+01   0.0000000e+00   1.1208036e+00
   2.2463800e+00   4.9087629e+04   1.6845142e+01   0.0000000e+00   1.1220181e+00
   2.2468200e+00   4.8498131e+04   1.6592176e+01   0.0000000e+00   1.1288847e+00
   2.2472600e+00   4.8029233e+04   1.6470925e+01   0.0000000e+00   1.1356115e+00
   2.2477000e+00   4.8113961e+04   1.6602130e+01   0.0000000e+00   1.1394041e+00
   2.2481500e+00   4.8275269e+04   1.6518022e+01   0.0000000e+00   1.1353180e+00
   2.2485900e+00   4.8034445e+04   1.6574943e+01   0.0000000e+00   1.1211632e+00
   2.2490300e+00   4.7434271e+04   1.6690475e+01   0.0000000e+00   1.1094697e+00
   2.2494700e+00   4.8462936e+04   1.6812059e+01   0.0000000e+00   1.1050566e+00
   2.2499100e+00   4.8664347e+04   1.6782162e+01   0.0000000e+00   1.1084639e+00
   2.2503500e+00   4.9143319e+04   1.6834923e+01   0.0000000e+00   1.1108783e+00
   2.2507900e+00   4.9729527e+04   1.7104250e+01   0.0000000e+00   1.1161114e+00
   2.2512300e+00   5.1889673e+04   1.7714798e+01   0.0000000e+00   1.1237801e+00
   2.2516700e+00   5.2868607e+04   1.8017625e+01   0.0000000e+00   1.1237148e+00
   2.2521200e+00   5.2527432e+04   1.8132028e+01   0.0000000e+00   1.1134287e+00
   2.2525600e+00   5.1116595e+04   1.7615472e+01   0.0000000e+00   1.1051586e+00
   2.2530000e+00   4.9680298e+04   1.7086283e+01   0.0000000e+00   1.0944026e+00
   2.2534400e+00   4.9680298e+04   1.7195107e+01   0.0000000e+00   1.0882502e+00
   2.2538800e+00   5.0337013e+04   1.7235013e+01   0.0000000e+00   1.0914768e+00
   2.2543200e+00   5.0582465e+04   1.7219410e+01   0.0000000e+00   1.0986667e+00
   2.2547700e+00   5.0140548e+04   1.7276010e+01   0.0000000e+00   1.1042879e+00
   2.2552100e+00   5.0697976e+04   1.7495288e+01   0.0000000e+00   1.1074781e+00
   2.2556500e+00   4.9773749e+04   1.6955684e+01   0.0000000e+00   1.1043692e+00
   2.2560900e+00   4.9904790e+04   1.7272061e+01   0.0000000e+00   1.0976333e+00
   2.2565400e+00   5.0342560e+04   1.7138978e+01   0.0000000e+00   1.0872380e+00
   2.2569800e+00   5.0206442e+04   1.7144555e+01   0.0000000e+00   1.0795031e+00
   2.2574200e+00   5.0349352e+04   1.7242497e+01   0.0000000e+00   1.0781986e+00
   2.2578600e+00   5.0518095e+04   1.7356763e+01   0.0000000e+00   1.0788265e+00
   2.2583100e+00   5.0028838e+04   1.7314264e+01   0.0000000e+00   1.0856372e+00
   2.2587500e+00   4.9847753e+04   1.7197917e+01   0.0000000e+00   1.0914800e+00
   2.2591900e+00   5.0446680e+04   1.7392192e+01   0.0000000e+00   1.0923304e+00
   2.2596300e+00   5.0387470e+04   1.7335125e+01   0.0000000e+00   1.0875000e+00
   2.2600800e+00   5.0109913e+04   1.7464851e+01   0.0000000e+00   1.0778500e+00
   2.2605200e+00   5.0115907e+04   1.7177424e+01   0.0000000e+00   1.0699468e+00
   2.2609600e+00   5.0950134e+04   1.7478022e+01   0.0000000e+00   1.0626881e+00
   2.2614100e+00   5.1229689e+04   1.8047677e+01   0.0000000e+00   1.0603917e+00
   2.2618500e+00   5.0981547e+04   1.7695014e+01   0.0000000e+00   1.0631388e+00
   2.2622900e+00   5.1455841e+04   1.7593629e+01   0.0000000e+00   1.0728248e+00
   2.2627400e+00   5.1130199e+04   1.7597381e+01   0.0000000e+00   1.0749752e+00
   2.2631800e+00   5.1898349e+04   1.7615712e+01   0.0000000e+00   1.0683841e+00
   2.2636200e+00   5.1850127e+04   1.7736212e+01   0.0000000e+00   1.0638752e+00
   2.2640700e+00   5.2222922e+04   1.7876577e+01   0.0000000e+00   1.0544070e+00
   2.2645100e+00   5.2549254e+04   1.7868592e+01   0.0000000e+00   1.0507136e+00
   2.2649600e+00   5.1857695e+04   1.7799627e+01   0.0000000e+00   1.0467784e+00
   2.2654000e+00   5.2022492e+04   1.7636641e+01   0.0000000e+00   1.0461772e+00
   2.2658400e+00   5.2057223e+04   1.7806146e+01   0.0000000e+00   1.0526025e+00
   2.2662900e+00   5.1792187e+04   1.7837373e+01   0.0000000e+00   1.0571753e+00
   2.2667300e+00   5.1928713e+04   1.7688587e+01   0.0000000e+00   1.0589401e+00
   2.2671800e+00   5.2227579e+04   1.7980032e+01   0.0000000e+00   1.0574480e+00
   2.2676200e+00   5.2687929e+04   1.7899389e+01   0.0000000e+00   1.0496157e+00
   2.2680700e+00   5.3154625e+04   1.8124181e+01   0.0000000e+00   1.0385162e+00
   2.2685100e+00   5.3892670e+04   1.8406009e+01   0.0000000e+00   1.0313071e+00
   2.2689600e+00   5.3986602e+04   1.8562450e+01   0.0000000e+00   1.0290860e+00
   2.2694000e+00   5.4483425e+04   1.8505833e+01   0.0000000e+00   1.0341065e+00
   2.2698400e+00   5.3481786e+04   1.8272578e+01   0.0000000e+00   1.0379621e+00
   2.2702900e+00   5.3885372e+04   1.8514888e+01   0.0000000e+00   1.0434515e+00
   2.2707300e+00   5.4226356e+04   1.8527973e+01   0.0000000e+00   1.0440694e+00
   2.2711800e+00   5.3682247e+04   1.8323701e+01   0.0000000e+00   1.0407540e+00
   2.2716300e+00   5.4254392e+04   1.8544136e+01   0.0000000e+00   1.0311864e+00
   2.2720700e+00   5.4344437e+04   1.8677600e+01   0.0000000e+00   1.0230389e+00
   2.2725200e+00   5.3862063e+04   1.8433647e+01   0.0000000e+00   1.0156182e+00
   2.2729600e+00   5.4394183e+04   1.8456138e+01   0.0000000e+00   1.0160657e+00
   2.2734100e+00   5.4791775e+04   1.8636146e+01   0.0000000e+00   1.0214704e+00
   2.2738500e+00   5.5571642e+04   1.8904599e+01   0.0000000e+00   1.0260232e+00
   2.2743000e+00   5.6630555e+04   1.9369244e+01   0.0000000e+00   1.0318671e+00
   2.2747400e+00   5.4889285e+04   1.8774142e+01   0.0000000e+00   1.0293649e+00
   2.2751900e+00   5.5536106e+04   1.8998428e+01   0.0000000e+00   1.0271004e+00
   2.2756300e+00   5.5594951e+04   1.9130246e+01   0.0000000e+00   1.0183223e+00
   2.2760800e+00   5.5714025e+04   1.9099556e+01   0.0000000e+00   1.0107334e+00
   2.2765300e+00   5.5509169e+04   1.8958034e+01   0.0000000e+00   1.0079931e+00
   2.2769700e+00   5.4526043e+04   1.8765897e+01   0.0000000e+00   1.0067001e+00
   2.2774200e+00   5.5919463e+04   1.9167291e+01   0.0000000e+00   1.0133591e+00
   2.2778700e+00   5.6221507e+04   1.9122236e+01   0.0000000e+00   1.0184849e+00
   2.2783100e+00   5.5790902e+04   1.9270016e+01   0.0000000e+00   1.0209194e+00
   2.2787600e+00   5.6020136e+04   1.9227709e+01   0.0000000e+00   1.0203788e+00
   2.2792000e+00   5.6250150e+04   1.9338040e+01   0.0000000e+00   1.0153710e+00
   2.2796500e+00   5.6379526e+04   1.9071951e+01   0.0000000e+00   1.0063623e+00
   2.2801000e+00   5.6701149e+04   1.9347573e+01   0.0000000e+00   1.0002064e+00
   2.2805400e+00   5.6051816e+04   1.9331835e+01   0.0000000e+00   9.9968985e-01
   2.2809900e+00   5.6531813e+04   1.9547832e+01   0.0000000e+00   1.0036559e+00
   2.2814400e+00   5.6444162e+04   1.9260481e+01   0.0000000e+00   1.0088396e+00
   2.2818900e+00   5.6692177e+04   1.9179192e+01   0.0000000e+00   1.0147406e+00
   2.2823300e+00   5.7697573e+04   1.9727284e+01   0.0000000e+00   1.0158282e+00
   2.2827800e+00   5.7847858e+04   1.9686812e+01   0.0000000e+00   1.0110455e+00
   2.2832300e+00   5.8055603e+04   2.0020739e+01   0.0000000e+00   1.0029962e+00
   2.2836700e+00   5.7870981e+04   1.9829802e+01   0.0000000e+00   9.9601956e-01
   2.2841200e+00   5.7762061e+04   1.9802621e+01   0.0000000e+00   9.9002858e-01
   2.2845700e+00   5.8393876e+04   1.9978563e+01   0.0000000e+00   9.8959118e-01
   2.2850200e+00   5.8968156e+04   2.0540424e+01   0.0000000e+00   9.9412936e-01
   2.2854600e+00   5.9594219e+04   2.0174711e+01   0.0000000e+00   1.0022036e+00
   2.2859100e+00   5.9762009e+04   2.0374908e+01   0.0000000e+00   1.0063267e+00
   2.2863600e+00   5.8803641e+04   1.9849209e+01   0.0000000e+00   1.0040123e+00
   2.2868100e+00   5.9377070e+04   2.0151665e+01   0.0000000e+00   9.9991792e-01
   2.2872500e+00   5.9416346e+04   2.0110096e+01   0.0000000e+00   9.9133125e-01
   2.2877000e+00   6.0023050e+04   2.0359152e+01   0.0000000e+00   9.8300606e-01
   2.2881500e+00   6.0806109e+04   2.0714529e+01   0.0000000e+00   9.7871244e-01
   2.2886000e+00   6.1028446e+04   2.0594950e+01   0.0000000e+00   9.8216610e-01
   2.2890500e+00   6.1309839e+04   2.0760597e+01   0.0000000e+00   9.8455004e-01
   2.2895000e+00   6.1315797e+04   2.0807958e+01   0.0000000e+00   9.9000222e-01
   2.2899400e+00   6.1283170e+04   2.1062346e+01   0.0000000e+00   9.9125561e-01
   2.2903900e+00   6.1863852e+04   2.1186052e+01   0.0000000e+00   9.9294413e-01
   2.2908400e+00   6.2038339e+04   2.1086681e+01   0.0000000e+00   9.8557255e-01
   2.2912900e+00   6.1487377e+04   2.1087824e+01   0.0000000e+00   9.7584034e-01
   2.2917400e+00   6.1858443e+04   2.1097779e+01   0.0000000e+00   9.7057331e-01
   2.2921900e+00   6.1818635e+04   2.1125266e+01   0.0000000e+00   9.6927883e-01
   2.2926400e+00   6.2461276e+04   2.1257525e+01   0.0000000e+00   9.7005619e-01
   2.2930800e+00   6.2629211e+04   2.1177838e+01   0.0000000e+00   9.7715935e-01
   2.2935300e+00   6.2205536e+04   2.1144745e+01   0.0000000e+00   9.8087243e-01
   2.2939800e+00   6.3406575e+04   2.1353225e+01   0.0000000e+00   9.8385342e-01
   2.2944300e+00   6.3131193e+04   2.1569957e+01   0.0000000e+00   9.8123564e-01
   2.2948800e+00   6.3552968e+04   2.1739635e+01   0.0000000e+00   9.7599206e-01
   2.2953300e+00   6.3869793e+04   2.1713828e+01   0.0000000e+00   9.6677986e-01
   2.2957800e+00   6.3829051e+04   2.1846749e+01   0.0000000e+00   9.6313487e-01
   2.2962300e+00   6.3942145e+04   2.1680081e+01   0.0000000e+00   9.5847303e-01
   2.2966800e+00   6.4353963e+04   2.1895052e+01   0.0000000e+00   9.6255031e-01
   2.2971300e+00   6.4638673e+04   2.1953222e+01   0.0000000e+00   9.7047739e-01
   2.2975800e+00   6.4727152e+04   2.1910410e+01   0.0000000e+00   9.7329695e-01
   2.2980300e+00   6.5482223e+04   2.2140197e+01   0.0000000e+00   9.7491617e-01
   2.2984800e+00   6.6102835e+04   2.2256779e+01   0.0000000e+00   9.7070581e-01
   2.2989300e+00   6.5947840e+04   2.2213189e+01   0.0000000e+00   9.6078381e-01
   2.2993800e+00   6.5470721e+04   2.2087657e+01   0.0000000e+00   9.5316287e-01
   2.2998300e+00   6.6449687e+04   2.2593214e+01   0.0000000e+00   9.4938004e-01
   2.3002800e+00   6.6272880e+04   2.2391434e+01   0.0000000e+00   9.4944344e-01
   2.3007300e+00   6.6396955e+04   2.2431167e+01   0.0000000e+00   9.5384020e-01
   2.3011800e+00   6.6196047e+04   2.2403729e+01   0.0000000e+00   9.6058548e-01
   2.3016300e+00   6.6842743e+04   2.2555604e+01   0.0000000e+00   9.6313724e-01
   2.3020800e+00   6.6059003e+04   2.2563534e+01   0.0000000e+00   9.6203535e-01
   2.3025300e+00   6.6623809e+04   2.2537003e+01   0.0000000e+00   9.5648265e-01
   2.3029800e+00   6.7142547e+04   2.2471913e+01   0.0000000e+00   9.4998538e-01
   2.3034300e+00   6.7308071e+04   2.2871105e+01   0.0000000e+00   9.4197768e-01
   2.3038800e+00   6.7780197e+04   2.2934071e+01   0.0000000e+00   9.3981948e-01
   2.3043300e+00   6.8262619e+04   2.2932610e+01   0.0000000e+00   9.4118325e-01
   2.3047800e+00   6.8599607e+04   2.3147632e+01   0.0000000e+00   9.4791033e-01
   2.3052300e+00   6.8013548e+04   2.2916430e+01   0.0000000e+00   9.5396219e-01
   2.3056800e+00   6.8260894e+04   2.2913032e+01   0.0000000e+00   9.5440279e-01
   2.3061300e+00   6.8245048e+04   2.3303373e+01   0.0000000e+00   9.5133518e-01
   2.3065800e+00   6.8203137e+04   2.3308462e+01   0.0000000e+00   9.4575765e-01
   2.3070300e+00   6.8972557e+04   2.3285785e+01   0.0000000e+00   9.3715492e-01
   2.3074900e+00   6.9158282e+04   2.3439398e+01   0.0000000e+00   9.3211183e-01
   2.3079400e+00   6.9550325e+04   2.3663137e+01   0.0000000e+00   9.3003270e-01
   2.3083900e+00   6.9556276e+04   2.3529131e+01   0.0000000e+00   9.3333524e-01
   2.3088400e+00   7.0144321e+04   2.3780050e+01   0.0000000e+00   9.3622044e-01
   2.3092900e+00   6.9783654e+04   2.4048352e+01   0.0000000e+00   9.4068897e-01
   2.3097400e+00   7.0272608e+04   2.3844790e+01   0.0000000e+00   9.4316901e-01
   2.3101900e+00   7.0448362e+04   2.3962133e+01   0.0000000e+00   9.4075268e-01
   2.3106500e+00   7.0756405e+04   2.3910152e+01   0.0000000e+00   9.3266471e-01
   2.3111000e+00   7.1100403e+04   2.4017797e+01   0.0000000e+00   9.2597851e-01
   2.3115500e+00   7.1229077e+04   2.4209219e+01   0.0000000e+00   9.1975557e-01
   2.3120000e+00   7.2292484e+04   2.4364128e+01   0.0000000e+00   9.1819212e-01
   2.3124500e+00   7.1868252e+04   2.4260142e+01   0.0000000e+00   9.2164740e-01
   2.3129100e+00   7.2332443e+04   2.4404714e+01   0.0000000e+00   9.2525037e-01
   2.3133600e+00   7.2814720e+04   2.4551605e+01   0.0000000e+00   9.2912506e-01
   2.3138100e+00   7.2755342e+04   2.4486312e+01   0.0000000e+00   9.3168223e-01
   2.3142600e+00   7.3056875e+04   2.4727446e+01   0.0000000e+00   9.2883785e-01
   2.3147100e+00   7.3307013e+04   2.4695434e+01   0.0000000e+00   9.1899305e-01
   2.3151700e+00   7.4411941e+04   2.4889410e+01   0.0000000e+00   9.1165622e-01
   2.3156200e+00   7.4922639e+04   2.5259735e+01   0.0000000e+00   9.0746079e-01
   2.3160700e+00   7.4905802e+04   2.5358849e+01   0.0000000e+00   9.0924157e-01
   2.3165200e+00   7.6542591e+04   2.5638951e+01   0.0000000e+00   9.1053106e-01
   2.3169800e+00   7.6274056e+04   2.5985048e+01   0.0000000e+00   9.1704452e-01
   2.3174300e+00   7.6506826e+04   2.5927122e+01   0.0000000e+00   9.2307903e-01
   2.3178800e+00   7.7004981e+04   2.5892625e+01   0.0000000e+00   9.2270077e-01
   2.3183300e+00   7.6970600e+04   2.5944603e+01   0.0000000e+00   9.1751851e-01
   2.3187900e+00   7.7102322e+04   2.6125054e+01   0.0000000e+00   9.1050054e-01
   2.3192400e+00   7.7742147e+04   2.6267887e+01   0.0000000e+00   9.0342824e-01
   2.3196900e+00   7.7894647e+04   2.6202041e+01   0.0000000e+00   9.0150474e-01
   2.3201500e+00   7.8749895e+04   2.6375744e+01   0.0000000e+00   9.0298296e-01
   2.3206000e+00   7.8075882e+04   2.6221911e+01   0.0000000e+00   9.0842190e-01
   2.3210500e+00   7.8964060e+04   2.6459548e+01   0.0000000e+00   9.1398839e-01
   2.3215100e+00   7.9980903e+04   2.6806905e+01   0.0000000e+00   9.1852615e-01
   2.3219600e+00   8.0239689e+04   2.7080091e+01   0.0000000e+00   9.1714290e-01
   2.3224100e+00   8.0818402e+04   2.7393762e+01   0.0000000e+00   9.1055443e-01
   2.3228700e+00   8.1396939e+04   2.7498636e+01   0.0000000e+00   9.0351817e-01
   2.3233200e+00   8.0653661e+04   2.7533423e+01   0.0000000e+00   8.9889540e-01
   2.3237700e+00   8.0909010e+04   2.7523000e+01   0.0000000e+00   8.9862417e-01
   2.3242300e+00   8.0561332e+04   2.7067403e+01   0.0000000e+00   8.9962743e-01
   2.3246800e+00   8.1204006e+04   2.7237569e+01   0.0000000e+00   9.0565905e-01
   2.3251400e+00   8.1874651e+04   2.7408647e+01   0.0000000e+00   9.1097352e-01
   2.3255900e+00   8.2238278e+04   2.7473364e+01   0.0000000e+00   9.1348598e-01
   2.3260400e+00   8.2535972e+04   2.7912204e+01   0.0000000e+00   9.0805233e-01
   2.3265000e+00   8.2817128e+04   2.7713819e+01   0.0000000e+00   9.0409381e-01
   2.3269500e+00   8.3507171e+04   2.8177389e+01   0.0000000e+00   9.0035035e-01
   2.3274100e+00   8.3948514e+04   2.8360736e+01   0.0000000e+00   8.9353520e-01
   2.3278600e+00   8.4104052e+04   2.8154053e+01   0.0000000e+00   8.9278508e-01
   2.3283100e+00   8.4492631e+04   2.8636900e+01   0.0000000e+00   8.9759953e-01
   2.3287700e+00   8.5638122e+04   2.8838145e+01   0.0000000e+00   9.0166624e-01
   2.3292200e+00   8.5859983e+04   2.8930292e+01   0.0000000e+00   9.0580171e-01
   2.3296800e+00   8.5483960e+04   2.8733171e+01   0.0000000e+00   9.0957310e-01
   2.3301300e+00   8.6100665e+04   2.8807249e+01   0.0000000e+00   9.0659617e-01
   2.3305900e+00   8.6216862e+04   2.8896638e+01   0.0000000e+00   8.9820523e-01
   2.3310400e+00   8.6953494e+04   2.9224782e+01   0.0000000e+00   8.9137902e-01
   2.3315000e+00   8.8263465e+04   2.9426910e+01   0.0000000e+00   8.8986311e-01
   2.3319500e+00   8.8236116e+04   2.9480635e+01   0.0000000e+00   8.8950345e-01
   2.3324100e+00   8.7838772e+04   2.9648216e+01   0.0000000e+00   8.9495108e-01
   2.3328600e+00   8.8524494e+04   2.9647342e+01   0.0000000e+00   8.9976670e-01
   2.3333200e+00   9.0014907e+04   3.0278909e+01   0.0000000e+00   9.0310224e-01
   2.3337700e+00   8.9585405e+04   3.0528758e+01   0.0000000e+00   9.0499259e-01
   2.3342300e+00   9.0622882e+04   3.0682816e+01   0.0000000e+00   8.9920142e-01
   2.3346800e+00   9.1771974e+04   3.0995907e+01   0.0000000e+00   8.9050231e-01
   2.3351400e+00   9.2028365e+04   3.0862583e+01   0.0000000e+00   8.8555524e-01
   2.3355900e+00   9.2422180e+04   3.0774085e+01   0.0000000e+00   8.8306948e-01
   2.3360500e+00   9.2744410e+04   3.1026873e+01   0.0000000e+00   8.8604583e-01
   2.3365000e+00   9.2768805e+04   3.1298236e+01   0.0000000e+00   8.9151958e-01
   2.3369600e+00   9.3789092e+04   3.1519790e+01   0.0000000e+00   8.9618004e-01
   2.3374100e+00   9.4021218e+04   3.1487544e+01   0.0000000e+00   8.9765391e-01
   2.3378700e+00   9.4988528e+04   3.1686395e+01   0.0000000e+00   8.9772206e-01
   2.3383200e+00   9.5280894e+04   3.2139825e+01   0.0000000e+00   8.9482882e-01
   2.3387800e+00   9.5642523e+04   3.1874010e+01   0.0000000e+00   8.8759776e-01
   2.3392400e+00   9.5934224e+04   3.2373028e+01   0.0000000e+00   8.8365653e-01
   2.3396900e+00   9.6568499e+04   3.2492226e+01   0.0000000e+00   8.8130276e-01
   2.3401500e+00   9.8150488e+04   3.2688674e+01   0.0000000e+00   8.8197443e-01
   2.3406000e+00   9.9101470e+04   3.3416497e+01   0.0000000e+00   8.8612250e-01
   2.3410600e+00   9.9478347e+04   3.3151758e+01   0.0000000e+00   8.9378082e-01
   2.3415200e+00   1.0001604e+05   3.3404447e+01   0.0000000e+00   8.9540740e-01
   2.3419700e+00   1.0040022e+05   3.3558063e+01   0.0000000e+00   8.9303018e-01
   2.3424300e+00   1.0049819e+05   3.3499435e+01   0.0000000e+00   8.8494945e-01
   2.3428900e+00   1.0138964e+05   3.3742678e+01   0.0000000e+00   8.7728413e-01
   2.3433400e+00   1.0138863e+05   3.4007764e+01   0.0000000e+00   8.7336527e-01
   2.3438000e+00   1.0276399e+05   3.4120916e+01   0.0000000e+00   8.6871404e-01
   2.3442500e+00   1.0302295e+05   3.4647455e+01   0.0000000e+00   8.6973273e-01
   2.3447100e+00   1.0317719e+05   3.4364619e+01   0.0000000e+00   8.7356129e-01
   2.3451700e+00   1.0455557e+05   3.5010616e+01   0.0000000e+00   8.7660094e-01
   2.3456200e+00   1.0476248e+05   3.4927479e+01   0.0000000e+00   8.7878263e-01
   2.3460800e+00   1.0524252e+05   3.5309000e+01   0.0000000e+00   8.7501462e-01
   2.3465400e+00   1.0590276e+05   3.5877112e+01   0.0000000e+00   8.6810513e-01
   2.3470000e+00   1.0632423e+05   3.5673959e+01   0.0000000e+00   8.5544521e-01
   2.3474500e+00   1.0778122e+05   3.6009068e+01   0.0000000e+00   8.5123920e-01
   2.3479100e+00   1.0715545e+05   3.6789514e+01   0.0000000e+00   8.4868987e-01
   2.3483700e+00   1.0829004e+05   3.5959889e+01   0.0000000e+00   8.4710679e-01
   2.3488200e+00   1.0995384e+05   3.6586177e+01   0.0000000e+00   8.4524459e-01
   2.3492800e+00   1.1034138e+05   3.6950786e+01   0.0000000e+00   8.4639816e-01
   2.3497400e+00   1.1196577e+05   3.7408011e+01   0.0000000e+00   8.4291344e-01
   2.3501900e+00   1.1221581e+05   3.7851768e+01   0.0000000e+00   8.3515446e-01
   2.3506500e+00   1.1304965e+05   3.7785490e+01   0.0000000e+00   8.2391294e-01
   2.3511100e+00   1.1462910e+05   3.8261295e+01   0.0000000e+00   8.1062563e-01
   2.3515700e+00   1.1474806e+05   3.8534209e+01   0.0000000e+00   7.9973407e-01
   2.3520200e+00   1.1629479e+05   3.8721625e+01   0.0000000e+00   7.9190487e-01
   2.3524800e+00   1.1687673e+05   3.8799871e+01   0.0000000e+00   7.8712071e-01
   2.3529400e+00   1.1640321e+05   3.8833015e+01   0.0000000e+00   7.8493671e-01
   2.3534000e+00   1.1671623e+05   3.8962367e+01   0.0000000e+00   7.8000778e-01
   2.3538600e+00   1.1629213e+05   3.8748059e+01   0.0000000e+00   7.7258858e-01
   2.3543100e+00   1.1722593e+05   3.9109254e+01   0.0000000e+00   7.6071978e-01
   2.3547700e+00   1.1723237e+05   3.9151671e+01   0.0000000e+00   7.4530090e-01
   2.3552300e+00   1.1840250e+05   3.9667101e+01   0.0000000e+00   7.3101652e-01
   2.3556900e+00   1.1986542e+05   4.0020517e+01   0.0000000e+00   7.1494488e-01
   2.3561400e+00   1.2071814e+05   4.0092225e+01   0.0000000e+00   7.0205201e-01
   2.3566000e+00   1.2087501e+05   4.0228264e+01   0.0000000e+00   6.9286559e-01
   2.3570600e+00   1.2191355e+05   4.0486389e+01   0.0000000e+00   6.8428501e-01
   2.3575200e+00   1.2198361e+05   4.0613452e+01   0.0000000e+00   6.7465112e-01
   2.3579800e+00   1.2306049e+05   4.1264806e+01   0.0000000e+00   6.6483580e-01
   2.3584400e+00   1.2453621e+05   4.1569971e+01   0.0000000e+00   6.5202569e-01
   2.3588900e+00   1.2492566e+05   4.2185841e+01   0.0000000e+00   6.3843828e-01
   2.3593500e+00   1.2602585e+05   4.1891063e+01   0.0000000e+00   6.2940693e-01
   2.3598100e+00   1.2626982e+05   4.2311968e+01   0.0000000e+00   6.2897939e-01
   2.3602700e+00   1.3310650e+05   4.6845357e+01   0.0000000e+00   6.5392549e-01
