   1.9420100e+00
   1.9423500e+00
   1.9426900e+00
   1.9430300e+00
   1.9433700e+00
   1.9437100e+00
   1.9440500e+00
   1.9443900e+00
   1.9447300e+00
   1.9450700e+00
   1.9454100e+00
   1.9457500e+00
   1.9460900e+00
   1.9464300e+00
   1.9467700e+00
   1.9471100e+00
   1.9474500e+00
   1.9477900e+00
   1.9481300e+00
   1.9484800e+00
   1.9488200e+00
   1.9491600e+00
   1.9495000e+00
   1.9498400e+00
   1.9501900e+00
   1.9505300e+00
   1.9508700e+00
   1.9512200e+00
   1.9515600e+00
   1.9519000e+00
   1.9522500e+00
   1.9525900e+00
   1.9529300e+00
   1.9532800e+00
   1.9536200e+00
   1.9539700e+00
   1.9543100e+00
   1.9546600e+00
   1.9550000e+00
   1.9553500e+00
   1.9556900e+00
   1.9560400e+00
   1.9563800e+00
   1.9567300e+00
   1.9570700e+00
   1.9574200e+00
   1.9577700e+00
   1.9581100e+00
   1.9584600e+00
   1.9588100e+00
   1.9591500e+00
   1.9595000e+00
   1.9598500e+00
   1.9602000e+00
   1.9605400e+00
   1.9608900e+00
   1.9612400e+00
   1.9615900e+00
   1.9619400e+00
   1.9622900e+00
   1.9626300e+00
   1.9629800e+00
   1.9633300e+00
   1.9636800e+00
   1.9640300e+00
   1.9643800e+00
   1.9647300e+00
   1.9650800e+00
   1.9654300e+00
   1.9657800e+00
   1.9661300e+00
   1.9664800e+00
   1.9668300e+00
   1.9671800e+00
   1.9675400e+00
   1.9678900e+00
   1.9682400e+00
   1.9685900e+00
   1.9689400e+00
   1.9692900e+00
   1.9696500e+00
   1.9700000e+00
   1.9703500e+00
   1.9707000e+00
   1.9710600e+00
   1.9714100e+00
   1.9717600e+00
   1.9721200e+00
   1.9724700e+00
   1.9728200e+00
   1.9731800e+00
   1.9735300e+00
   1.9738900e+00
   1.9742400e+00
   1.9746000e+00
   1.9749500e+00
   1.9753000e+00
   1.9756600e+00
   1.9760200e+00
   1.9763700e+00
   1.9767300e+00
   1.9770800e+00
   1.9774400e+00
   1.9777900e+00
   1.9781500e+00
   1.9785100e+00
   1.9788600e+00
   1.9792200e+00
   1.9795800e+00
   1.9799300e+00
   1.9802900e+00
   1.9806500e+00
   1.9810100e+00
   1.9813600e+00
   1.9817200e+00
   1.9820800e+00
   1.9824400e+00
   1.9828000e+00
   1.9831500e+00
   1.9835100e+00
   1.9838700e+00
   1.9842300e+00
   1.9845900e+00
   1.9849500e+00
   1.9853100e+00
   1.9856700e+00
   1.9860300e+00
   1.9863900e+00
   1.9867500e+00
   1.9871100e+00
   1.9874700e+00
   1.9878300e+00
   1.9881900e+00
   1.9885500e+00
   1.9889100e+00
   1.9892700e+00
   1.9896400e+00
   1.9900000e+00
   1.9903600e+00
   1.9907200e+00
   1.9910800e+00
   1.9914500e+00
   1.9918100e+00
   1.9921700e+00
   1.9925300e+00
   1.9929000e+00
   1.9932600e+00
   1.9936200e+00
   1.9939900e+00
   1.9943500e+00
   1.9947100e+00
   1.9950800e+00
   1.9954400e+00
   1.9958100e+00
   1.9961700e+00
   1.9965300e+00
   1.9969000e+00
   1.9972600e+00
   1.9976300e+00
   1.9979900e+00
   1.9983600e+00
   1.9987300e+00
   1.9990900e+00
   1.9994600e+00
   1.9998200e+00
   2.0001900e+00
   2.0005500e+00
   2.0009200e+00
   2.0012900e+00
   2.0016500e+00
   2.0020200e+00
   2.0023900e+00
   2.0027600e+00
   2.0031200e+00
   2.0034900e+00
   2.0038600e+00
   2.0042300e+00
   2.0045900e+00
   2.0049600e+00
   2.0053300e+00
   2.0057000e+00
   2.0060700e+00
   2.0064400e+00
   2.0068100e+00
   2.0071700e+00
   2.0075400e+00
   2.0079100e+00
   2.0082800e+00
   2.0086500e+00
   2.0090200e+00
   2.0093900e+00
   2.0097600e+00
   2.0101300e+00
   2.0105000e+00
   2.0108700e+00
   2.0112500e+00
   2.0116200e+00
   2.0119900e+00
   2.0123600e+00
   2.0127300e+00
   2.0131000e+00
   2.0134700e+00
   2.0138500e+00
   2.0142200e+00
   2.0145900e+00
   2.0149600e+00
   2.0153300e+00
   2.0157100e+00
   2.0160800e+00
   2.0164500e+00
   2.0168300e+00
   2.0172000e+00
   2.0175700e+00
   2.0179500e+00
   2.0183200e+00
   2.0186900e+00
   2.0190700e+00
   2.0194400e+00
   2.0198200e+00
   2.0201900e+00
   2.0205700e+00
   2.0209400e+00
   2.0213200e+00
   2.0216900e+00
   2.0220700e+00
   2.0224400e+00
   2.0228200e+00
   2.0231900e+00
   2.0235700e+00
   2.0239500e+00
   2.0243200e+00
   2.0247000e+00
   2.0250700e+00
   2.0254500e+00
   2.0258300e+00
   2.0262000e+00
   2.0265800e+00
   2.0269600e+00
   2.0273400e+00
   2.0277100e+00
   2.0280900e+00
   2.0284700e+00
   2.0288500e+00
   2.0292300e+00
   2.0296000e+00
   2.0299800e+00
   2.0303600e+00
   2.0307400e+00
   2.0311200e+00
   2.0315000e+00
   2.0318800e+00
   2.0322600e+00
   2.0326400e+00
   2.0330100e+00
   2.0333900e+00
   2.0337700e+00
   2.0341500e+00
   2.0345300e+00
   2.0349200e+00
   2.0353000e+00
   2.0356800e+00
   2.0360600e+00
   2.0364400e+00
   2.0368200e+00
   2.0372000e+00
   2.0375800e+00
   2.0379600e+00
   2.0383400e+00
   2.0387300e+00
   2.0391100e+00
   2.0394900e+00
   2.0398700e+00
   2.0402600e+00
   2.0406400e+00
   2.0410200e+00
   2.0414000e+00
   2.0417900e+00
   2.0421700e+00
   2.0425500e+00
   2.0429400e+00
   2.0433200e+00
   2.0437000e+00
   2.0440900e+00
   2.0444700e+00
   2.0448600e+00
   2.0452400e+00
   2.0456200e+00
   2.0460100e+00
   2.0463900e+00
   2.0467800e+00
   2.0471600e+00
   2.0475500e+00
   2.0479300e+00
   2.0483200e+00
   2.0487100e+00
   2.0490900e+00
   2.0494800e+00
   2.0498600e+00
   2.0502500e+00
   2.0506400e+00
   2.0510200e+00
   2.0514100e+00
   2.0518000e+00
   2.0521800e+00
   2.0525700e+00
   2.0529600e+00
   2.0533400e+00
   2.0537300e+00
   2.0541200e+00
   2.0545100e+00
   2.0548900e+00
   2.0552800e+00
   2.0556700e+00
   2.0560600e+00
   2.0564500e+00
   2.0568400e+00
   2.0572200e+00
   2.0576100e+00
   2.0580000e+00
   2.0583900e+00
   2.0587800e+00
   2.0591700e+00
   2.0595600e+00
   2.0599500e+00
   2.0603400e+00
   2.0607300e+00
   2.0611200e+00
   2.0615100e+00
   2.0619000e+00
   2.0622900e+00
   2.0626800e+00
   2.0630700e+00
   2.0634600e+00
   2.0638500e+00
   2.0642500e+00
   2.0646400e+00
   2.0650300e+00
   2.0654200e+00
   2.0658100e+00
   2.0662000e+00
   2.0666000e+00
   2.0669900e+00
   2.0673800e+00
   2.0677700e+00
   2.0681700e+00
   2.0685600e+00
   2.0689500e+00
   2.0693400e+00
   2.0697400e+00
   2.0701300e+00
   2.0705200e+00
   2.0709200e+00
   2.0713100e+00
   2.0717100e+00
   2.0721000e+00
   2.0724900e+00
   2.0728900e+00
   2.0732800e+00
   2.0736800e+00
   2.0740700e+00
   2.0744700e+00
   2.0748600e+00
   2.0752600e+00
   2.0756500e+00
   2.0760500e+00
   2.0764400e+00
   2.0768400e+00
   2.0772300e+00
   2.0776300e+00
   2.0780300e+00
   2.0784200e+00
   2.0788200e+00
   2.0792100e+00
   2.0796100e+00
   2.0800100e+00
   2.0804000e+00
   2.0808000e+00
   2.0812000e+00
   2.0816000e+00
   2.0819900e+00
   2.0823900e+00
   2.0827900e+00
   2.0831900e+00
   2.0835800e+00
   2.0839800e+00
   2.0843800e+00
   2.0847800e+00
   2.0851800e+00
   2.0855700e+00
   2.0859700e+00
   2.0863700e+00
   2.0867700e+00
   2.0871700e+00
   2.0875700e+00
   2.0879700e+00
   2.0883700e+00
   2.0887700e+00
   2.0891700e+00
   2.0895700e+00
   2.0899700e+00
   2.0903700e+00
   2.0907700e+00
   2.0911700e+00
   2.0915700e+00
   2.0919700e+00
   2.0923700e+00
   2.0927700e+00
   2.0931700e+00
   2.0935700e+00
   2.0939700e+00
   2.0943800e+00
   2.0947800e+00
   2.0951800e+00
   2.0955800e+00
   2.0959800e+00
   2.0963900e+00
   2.0967900e+00
   2.0971900e+00
   2.0975900e+00
   2.0979900e+00
   2.0984000e+00
   2.0988000e+00
   2.0992000e+00
   2.0996100e+00
   2.1000100e+00
   2.1004100e+00
   2.1008200e+00
   2.1012200e+00
   2.1016200e+00
   2.1020300e+00
   2.1024300e+00
   2.1028400e+00
   2.1032400e+00
   2.1036400e+00
   2.1040500e+00
   2.1044500e+00
   2.1048600e+00
   2.1052600e+00
   2.1056700e+00
   2.1060700e+00
   2.1064800e+00
   2.1068800e+00
   2.1072900e+00
   2.1077000e+00
   2.1081000e+00
   2.1085100e+00
   2.1089100e+00
   2.1093200e+00
   2.1097300e+00
   2.1101300e+00
   2.1105400e+00
   2.1109400e+00
   2.1113500e+00
   2.1117600e+00
   2.1121700e+00
   2.1125700e+00
   2.1129800e+00
   2.1133900e+00
   2.1137900e+00
   2.1142000e+00
   2.1146100e+00
   2.1150200e+00
   2.1154300e+00
   2.1158300e+00
   2.1162400e+00
   2.1166500e+00
   2.1170600e+00
   2.1174700e+00
   2.1178800e+00
   2.1182900e+00
   2.1186900e+00
   2.1191000e+00
   2.1195100e+00
   2.1199200e+00
   2.1203300e+00
   2.1207400e+00
   2.1211500e+00
   2.1215600e+00
   2.1219700e+00
   2.1223800e+00
   2.1227900e+00
   2.1232000e+00
   2.1236100e+00
   2.1240200e+00
   2.1244300e+00
   2.1248400e+00
   2.1252500e+00
   2.1256700e+00
   2.1260800e+00
   2.1264900e+00
   2.1269000e+00
   2.1273100e+00
   2.1277200e+00
   2.1281300e+00
   2.1285500e+00
   2.1289600e+00
   2.1293700e+00
   2.1297800e+00
   2.1302000e+00
   2.1306100e+00
   2.1310200e+00
   2.1314300e+00
   2.1318500e+00
   2.1322600e+00
   2.1326700e+00
   2.1330900e+00
   2.1335000e+00
   2.1339100e+00
   2.1343300e+00
   2.1347400e+00
   2.1351500e+00
   2.1355700e+00
   2.1359800e+00
   2.1364000e+00
   2.1368100e+00
   2.1372200e+00
   2.1376400e+00
   2.1380500e+00
   2.1384700e+00
   2.1388800e+00
   2.1393000e+00
   2.1397100e+00
   2.1401300e+00
   2.1405400e+00
   2.1409600e+00
   2.1413700e+00
   2.1417900e+00
   2.1422100e+00
   2.1426200e+00
   2.1430400e+00
   2.1434500e+00
   2.1438700e+00
   2.1442900e+00
   2.1447000e+00
   2.1451200e+00
   2.1455400e+00
   2.1459500e+00
   2.1463700e+00
   2.1467900e+00
   2.1472000e+00
   2.1476200e+00
   2.1480400e+00
   2.1484600e+00
   2.1488700e+00
   2.1492900e+00
   2.1497100e+00
   2.1501300e+00
   2.1505500e+00
   2.1509600e+00
   2.1513800e+00
   2.1518000e+00
   2.1522200e+00
   2.1526400e+00
   2.1530600e+00
   2.1534700e+00
   2.1538900e+00
   2.1543100e+00
   2.1547300e+00
   2.1551500e+00
   2.1555700e+00
   2.1559900e+00
   2.1564100e+00
   2.1568300e+00
   2.1572500e+00
   2.1576700e+00
   2.1580900e+00
   2.1585100e+00
   2.1589300e+00
   2.1593500e+00
   2.1597700e+00
   2.1601900e+00
   2.1606100e+00
   2.1610300e+00
   2.1614500e+00
   2.1618800e+00
   2.1623000e+00
   2.1627200e+00
   2.1631400e+00
   2.1635600e+00
   2.1639800e+00
   2.1644000e+00
   2.1648300e+00
   2.1652500e+00
   2.1656700e+00
   2.1660900e+00
   2.1665100e+00
   2.1669400e+00
   2.1673600e+00
   2.1677800e+00
   2.1682000e+00
   2.1686300e+00
   2.1690500e+00
   2.1694700e+00
   2.1699000e+00
   2.1703200e+00
   2.1707400e+00
   2.1711700e+00
   2.1715900e+00
   2.1720100e+00
   2.1724400e+00
   2.1728600e+00
   2.1732900e+00
   2.1737100e+00
   2.1741300e+00
   2.1745600e+00
   2.1749800e+00
   2.1754100e+00
   2.1758300e+00
   2.1762600e+00
   2.1766800e+00
   2.1771100e+00
   2.1775300e+00
   2.1779600e+00
   2.1783800e+00
   2.1788100e+00
   2.1792300e+00
   2.1796600e+00
   2.1800800e+00
   2.1805100e+00
   2.1809400e+00
   2.1813600e+00
   2.1817900e+00
   2.1822100e+00
   2.1826400e+00
   2.1830700e+00
   2.1834900e+00
   2.1839200e+00
   2.1843500e+00
   2.1847700e+00
   2.1852000e+00
   2.1856300e+00
   2.1860600e+00
   2.1864800e+00
   2.1869100e+00
   2.1873400e+00
   2.1877600e+00
   2.1881900e+00
   2.1886200e+00
   2.1890500e+00
   2.1894800e+00
   2.1899000e+00
   2.1903300e+00
   2.1907600e+00
   2.1911900e+00
   2.1916200e+00
   2.1920500e+00
   2.1924800e+00
   2.1929000e+00
   2.1933300e+00
   2.1937600e+00
   2.1941900e+00
   2.1946200e+00
   2.1950500e+00
   2.1954800e+00
   2.1959100e+00
   2.1963400e+00
   2.1967700e+00
   2.1972000e+00
   2.1976300e+00
   2.1980600e+00
   2.1984900e+00
   2.1989200e+00
   2.1993500e+00
   2.1997800e+00
   2.2002100e+00
   2.2006400e+00
   2.2010700e+00
   2.2015000e+00
   2.2019300e+00
   2.2023600e+00
   2.2027900e+00
   2.2032300e+00
   2.2036600e+00
   2.2040900e+00
   2.2045200e+00
   2.2049500e+00
   2.2053800e+00
   2.2058100e+00
   2.2062500e+00
   2.2066800e+00
   2.2071100e+00
   2.2075400e+00
   2.2079800e+00
   2.2084100e+00
   2.2088400e+00
   2.2092700e+00
   2.2097100e+00
   2.2101400e+00
   2.2105700e+00
   2.2110000e+00
   2.2114400e+00
   2.2118700e+00
   2.2123000e+00
   2.2127400e+00
   2.2131700e+00
   2.2136000e+00
   2.2140400e+00
   2.2144700e+00
   2.2149000e+00
   2.2153400e+00
   2.2157700e+00
   2.2162100e+00
   2.2166400e+00
   2.2170800e+00
   2.2175100e+00
   2.2179400e+00
   2.2183800e+00
   2.2188100e+00
   2.2192500e+00
   2.2196800e+00
   2.2201200e+00
   2.2205500e+00
   2.2209900e+00
   2.2214200e+00
   2.2218600e+00
   2.2222900e+00
   2.2227300e+00
   2.2231700e+00
   2.2236000e+00
   2.2240400e+00
   2.2244700e+00
   2.2249100e+00
   2.2253400e+00
   2.2257800e+00
   2.2262200e+00
   2.2266500e+00
   2.2270900e+00
   2.2275300e+00
   2.2279600e+00
   2.2284000e+00
   2.2288400e+00
   2.2292700e+00
   2.2297100e+00
   2.2301500e+00
   2.2305800e+00
   2.2310200e+00
   2.2314600e+00
   2.2319000e+00
   2.2323300e+00
   2.2327700e+00
   2.2332100e+00
   2.2336500e+00
   2.2340900e+00
   2.2345200e+00
   2.2349600e+00
   2.2354000e+00
   2.2358400e+00
   2.2362800e+00
   2.2367200e+00
   2.2371500e+00
   2.2375900e+00
   2.2380300e+00
   2.2384700e+00
   2.2389100e+00
   2.2393500e+00
   2.2397900e+00
   2.2402300e+00
   2.2406700e+00
   2.2411000e+00
   2.2415400e+00
   2.2419800e+00
   2.2424200e+00
   2.2428600e+00
   2.2433000e+00
   2.2437400e+00
   2.2441800e+00
   2.2446200e+00
   2.2450600e+00
   2.2455000e+00
   2.2459400e+00
   2.2463800e+00
   2.2468200e+00
   2.2472600e+00
   2.2477000e+00
   2.2481500e+00
   2.2485900e+00
   2.2490300e+00
   2.2494700e+00
   2.2499100e+00
   2.2503500e+00
   2.2507900e+00
   2.2512300e+00
   2.2516700e+00
   2.2521200e+00
   2.2525600e+00
   2.2530000e+00
   2.2534400e+00
   2.2538800e+00
   2.2543200e+00
   2.2547700e+00
   2.2552100e+00
   2.2556500e+00
   2.2560900e+00
   2.2565400e+00
   2.2569800e+00
   2.2574200e+00
   2.2578600e+00
   2.2583100e+00
   2.2587500e+00
   2.2591900e+00
   2.2596300e+00
   2.2600800e+00
   2.2605200e+00
   2.2609600e+00
   2.2614100e+00
   2.2618500e+00
   2.2622900e+00
   2.2627400e+00
   2.2631800e+00
   2.2636200e+00
   2.2640700e+00
   2.2645100e+00
   2.2649600e+00
   2.2654000e+00
   2.2658400e+00
   2.2662900e+00
   2.2667300e+00
   2.2671800e+00
   2.2676200e+00
   2.2680700e+00
   2.2685100e+00
   2.2689600e+00
   2.2694000e+00
   2.2698400e+00
   2.2702900e+00
   2.2707300e+00
   2.2711800e+00
   2.2716300e+00
   2.2720700e+00
   2.2725200e+00
   2.2729600e+00
   2.2734100e+00
   2.2738500e+00
   2.2743000e+00
   2.2747400e+00
   2.2751900e+00
   2.2756300e+00
   2.2760800e+00
   2.2765300e+00
   2.2769700e+00
   2.2774200e+00
   2.2778700e+00
   2.2783100e+00
   2.2787600e+00
   2.2792000e+00
   2.2796500e+00
   2.2801000e+00
   2.2805400e+00
   2.2809900e+00
   2.2814400e+00
   2.2818900e+00
   2.2823300e+00
   2.2827800e+00
   2.2832300e+00
   2.2836700e+00
   2.2841200e+00
   2.2845700e+00
   2.2850200e+00
   2.2854600e+00
   2.2859100e+00
   2.2863600e+00
   2.2868100e+00
   2.2872500e+00
   2.2877000e+00
   2.2881500e+00
   2.2886000e+00
   2.2890500e+00
   2.2895000e+00
   2.2899400e+00
   2.2903900e+00
   2.2908400e+00
   2.2912900e+00
   2.2917400e+00
   2.2921900e+00
   2.2926400e+00
   2.2930800e+00
   2.2935300e+00
   2.2939800e+00
   2.2944300e+00
   2.2948800e+00
   2.2953300e+00
   2.2957800e+00
   2.2962300e+00
   2.2966800e+00
   2.2971300e+00
   2.2975800e+00
   2.2980300e+00
   2.2984800e+00
   2.2989300e+00
   2.2993800e+00
   2.2998300e+00
   2.3002800e+00
   2.3007300e+00
   2.3011800e+00
   2.3016300e+00
   2.3020800e+00
   2.3025300e+00
   2.3029800e+00
   2.3034300e+00
   2.3038800e+00
   2.3043300e+00
   2.3047800e+00
   2.3052300e+00
   2.3056800e+00
   2.3061300e+00
   2.3065800e+00
   2.3070300e+00
   2.3074900e+00
   2.3079400e+00
   2.3083900e+00
   2.3088400e+00
   2.3092900e+00
   2.3097400e+00
   2.3101900e+00
   2.3106500e+00
   2.3111000e+00
   2.3115500e+00
   2.3120000e+00
   2.3124500e+00
   2.3129100e+00
   2.3133600e+00
   2.3138100e+00
   2.3142600e+00
   2.3147100e+00
   2.3151700e+00
   2.3156200e+00
   2.3160700e+00
   2.3165200e+00
   2.3169800e+00
   2.3174300e+00
   2.3178800e+00
   2.3183300e+00
   2.3187900e+00
   2.3192400e+00
   2.3196900e+00
   2.3201500e+00
   2.3206000e+00
   2.3210500e+00
   2.3215100e+00
   2.3219600e+00
   2.3224100e+00
   2.3228700e+00
   2.3233200e+00
   2.3237700e+00
   2.3242300e+00
   2.3246800e+00
   2.3251400e+00
   2.3255900e+00
   2.3260400e+00
   2.3265000e+00
   2.3269500e+00
   2.3274100e+00
   2.3278600e+00
   2.3283100e+00
   2.3287700e+00
   2.3292200e+00
   2.3296800e+00
   2.3301300e+00
   2.3305900e+00
   2.3310400e+00
   2.3315000e+00
   2.3319500e+00
   2.3324100e+00
   2.3328600e+00
   2.3333200e+00
   2.3337700e+00
   2.3342300e+00
   2.3346800e+00
   2.3351400e+00
   2.3355900e+00
   2.3360500e+00
   2.3365000e+00
   2.3369600e+00
   2.3374100e+00
   2.3378700e+00
   2.3383200e+00
   2.3387800e+00
   2.3392400e+00
   2.3396900e+00
   2.3401500e+00
   2.3406000e+00
   2.3410600e+00
   2.3415200e+00
   2.3419700e+00
   2.3424300e+00
   2.3428900e+00
   2.3433400e+00
   2.3438000e+00
   2.3442500e+00
   2.3447100e+00
   2.3451700e+00
   2.3456200e+00
   2.3460800e+00
   2.3465400e+00
   2.3470000e+00
   2.3474500e+00
   2.3479100e+00
   2.3483700e+00
   2.3488200e+00
   2.3492800e+00
   2.3497400e+00
   2.3501900e+00
   2.3506500e+00
   2.3511100e+00
   2.3515700e+00
   2.3520200e+00
   2.3524800e+00
   2.3529400e+00
   2.3534000e+00
   2.3538600e+00
   2.3543100e+00
   2.3547700e+00
   2.3552300e+00
   2.3556900e+00
   2.3561400e+00
   2.3566000e+00
   2.3570600e+00
   2.3575200e+00
   2.3579800e+00
   2.3584400e+00
   2.3588900e+00
   2.3593500e+00
   2.3598100e+00
   2.3602700e+00
