   1.4744400e+00
   1.4747000e+00
   1.4749600e+00
   1.4752200e+00
   1.4754800e+00
   1.4757400e+00
   1.4760000e+00
   1.4762600e+00
   1.4765200e+00
   1.4767800e+00
   1.4770400e+00
   1.4773100e+00
   1.4775700e+00
   1.4778300e+00
   1.4780900e+00
   1.4783500e+00
   1.4786100e+00
   1.4788800e+00
   1.4791400e+00
   1.4794000e+00
   1.4796600e+00
   1.4799300e+00
   1.4801900e+00
   1.4804500e+00
   1.4807200e+00
   1.4809800e+00
   1.4812400e+00
   1.4815100e+00
   1.4817700e+00
   1.4820300e+00
   1.4823000e+00
   1.4825600e+00
   1.4828300e+00
   1.4830900e+00
   1.4833500e+00
   1.4836200e+00
   1.4838800e+00
   1.4841500e+00
   1.4844100e+00
   1.4846800e+00
   1.4849400e+00
   1.4852100e+00
   1.4854700e+00
   1.4857400e+00
   1.4860100e+00
   1.4862700e+00
   1.4865400e+00
   1.4868000e+00
   1.4870700e+00
   1.4873400e+00
   1.4876000e+00
   1.4878700e+00
   1.4881400e+00
   1.4884000e+00
   1.4886700e+00
   1.4889400e+00
   1.4892000e+00
   1.4894700e+00
   1.4897400e+00
   1.4900100e+00
   1.4902700e+00
   1.4905400e+00
   1.4908100e+00
   1.4910800e+00
   1.4913500e+00
   1.4916200e+00
   1.4918800e+00
   1.4921500e+00
   1.4924200e+00
   1.4926900e+00
   1.4929600e+00
   1.4932300e+00
   1.4935000e+00
   1.4937700e+00
   1.4940400e+00
   1.4943100e+00
   1.4945700e+00
   1.4948400e+00
   1.4951100e+00
   1.4953800e+00
   1.4956600e+00
   1.4959300e+00
   1.4962000e+00
   1.4964700e+00
   1.4967400e+00
   1.4970100e+00
   1.4972800e+00
   1.4975500e+00
   1.4978200e+00
   1.4980900e+00
   1.4983600e+00
   1.4986400e+00
   1.4989100e+00
   1.4991800e+00
   1.4994500e+00
   1.4997200e+00
   1.5000000e+00
   1.5002700e+00
   1.5005400e+00
   1.5008100e+00
   1.5010900e+00
   1.5013600e+00
   1.5016300e+00
   1.5019000e+00
   1.5021800e+00
   1.5024500e+00
   1.5027200e+00
   1.5030000e+00
   1.5032700e+00
   1.5035400e+00
   1.5038200e+00
   1.5040900e+00
   1.5043700e+00
   1.5046400e+00
   1.5049200e+00
   1.5051900e+00
   1.5054600e+00
   1.5057400e+00
   1.5060100e+00
   1.5062900e+00
   1.5065600e+00
   1.5068400e+00
   1.5071100e+00
   1.5073900e+00
   1.5076700e+00
   1.5079400e+00
   1.5082200e+00
   1.5084900e+00
   1.5087700e+00
   1.5090500e+00
   1.5093200e+00
   1.5096000e+00
   1.5098700e+00
   1.5101500e+00
   1.5104300e+00
   1.5107000e+00
   1.5109800e+00
   1.5112600e+00
   1.5115400e+00
   1.5118100e+00
   1.5120900e+00
   1.5123700e+00
   1.5126500e+00
   1.5129200e+00
   1.5132000e+00
   1.5134800e+00
   1.5137600e+00
   1.5140400e+00
   1.5143200e+00
   1.5145900e+00
   1.5148700e+00
   1.5151500e+00
   1.5154300e+00
   1.5157100e+00
   1.5159900e+00
   1.5162700e+00
   1.5165500e+00
   1.5168300e+00
   1.5171100e+00
   1.5173900e+00
   1.5176700e+00
   1.5179500e+00
   1.5182300e+00
   1.5185100e+00
   1.5187900e+00
   1.5190700e+00
   1.5193500e+00
   1.5196300e+00
   1.5199100e+00
   1.5201900e+00
   1.5204700e+00
   1.5207500e+00
   1.5210300e+00
   1.5213200e+00
   1.5216000e+00
   1.5218800e+00
   1.5221600e+00
   1.5224400e+00
   1.5227200e+00
   1.5230100e+00
   1.5232900e+00
   1.5235700e+00
   1.5238500e+00
   1.5241400e+00
   1.5244200e+00
   1.5247000e+00
   1.5249800e+00
   1.5252700e+00
   1.5255500e+00
   1.5258300e+00
   1.5261200e+00
   1.5264000e+00
   1.5266800e+00
   1.5269700e+00
   1.5272500e+00
   1.5275400e+00
   1.5278200e+00
   1.5281000e+00
   1.5283900e+00
   1.5286700e+00
   1.5289600e+00
   1.5292400e+00
   1.5295300e+00
   1.5298100e+00
   1.5301000e+00
   1.5303800e+00
   1.5306700e+00
   1.5309500e+00
   1.5312400e+00
   1.5315200e+00
   1.5318100e+00
   1.5320900e+00
   1.5323800e+00
   1.5326700e+00
   1.5329500e+00
   1.5332400e+00
   1.5335300e+00
   1.5338100e+00
   1.5341000e+00
   1.5343800e+00
   1.5346700e+00
   1.5349600e+00
   1.5352500e+00
   1.5355300e+00
   1.5358200e+00
   1.5361100e+00
   1.5363900e+00
   1.5366800e+00
   1.5369700e+00
   1.5372600e+00
   1.5375500e+00
   1.5378300e+00
   1.5381200e+00
   1.5384100e+00
   1.5387000e+00
   1.5389900e+00
   1.5392800e+00
   1.5395600e+00
   1.5398500e+00
   1.5401400e+00
   1.5404300e+00
   1.5407200e+00
   1.5410100e+00
   1.5413000e+00
   1.5415900e+00
   1.5418800e+00
   1.5421700e+00
   1.5424600e+00
   1.5427500e+00
   1.5430400e+00
   1.5433300e+00
   1.5436200e+00
   1.5439100e+00
   1.5442000e+00
   1.5444900e+00
   1.5447800e+00
   1.5450700e+00
   1.5453600e+00
   1.5456500e+00
   1.5459500e+00
   1.5462400e+00
   1.5465300e+00
   1.5468200e+00
   1.5471100e+00
   1.5474000e+00
   1.5477000e+00
   1.5479900e+00
   1.5482800e+00
   1.5485700e+00
   1.5488600e+00
   1.5491600e+00
   1.5494500e+00
   1.5497400e+00
   1.5500300e+00
   1.5503300e+00
   1.5506200e+00
   1.5509100e+00
   1.5512100e+00
   1.5515000e+00
   1.5517900e+00
   1.5520900e+00
   1.5523800e+00
   1.5526700e+00
   1.5529700e+00
   1.5532600e+00
   1.5535600e+00
   1.5538500e+00
   1.5541400e+00
   1.5544400e+00
   1.5547300e+00
   1.5550300e+00
   1.5553200e+00
   1.5556200e+00
   1.5559100e+00
   1.5562100e+00
   1.5565000e+00
   1.5568000e+00
   1.5570900e+00
   1.5573900e+00
   1.5576800e+00
   1.5579800e+00
   1.5582800e+00
   1.5585700e+00
   1.5588700e+00
   1.5591600e+00
   1.5594600e+00
   1.5597600e+00
   1.5600500e+00
   1.5603500e+00
   1.5606500e+00
   1.5609400e+00
   1.5612400e+00
   1.5615400e+00
   1.5618300e+00
   1.5621300e+00
   1.5624300e+00
   1.5627200e+00
   1.5630200e+00
   1.5633200e+00
   1.5636200e+00
   1.5639200e+00
   1.5642100e+00
   1.5645100e+00
   1.5648100e+00
   1.5651100e+00
   1.5654100e+00
   1.5657000e+00
   1.5660000e+00
   1.5663000e+00
   1.5666000e+00
   1.5669000e+00
   1.5672000e+00
   1.5675000e+00
   1.5678000e+00
   1.5681000e+00
   1.5684000e+00
   1.5687000e+00
   1.5689900e+00
   1.5692900e+00
   1.5695900e+00
   1.5698900e+00
   1.5701900e+00
   1.5704900e+00
   1.5707900e+00
   1.5711000e+00
   1.5714000e+00
   1.5717000e+00
   1.5720000e+00
   1.5723000e+00
   1.5726000e+00
   1.5729000e+00
   1.5732000e+00
   1.5735000e+00
   1.5738000e+00
   1.5741000e+00
   1.5744100e+00
   1.5747100e+00
   1.5750100e+00
   1.5753100e+00
   1.5756100e+00
   1.5759200e+00
   1.5762200e+00
   1.5765200e+00
   1.5768200e+00
   1.5771200e+00
   1.5774300e+00
   1.5777300e+00
   1.5780300e+00
   1.5783400e+00
   1.5786400e+00
   1.5789400e+00
   1.5792400e+00
   1.5795500e+00
   1.5798500e+00
   1.5801500e+00
   1.5804600e+00
   1.5807600e+00
   1.5810700e+00
   1.5813700e+00
   1.5816700e+00
   1.5819800e+00
   1.5822800e+00
   1.5825900e+00
   1.5828900e+00
   1.5831900e+00
   1.5835000e+00
   1.5838000e+00
   1.5841100e+00
   1.5844100e+00
   1.5847200e+00
   1.5850200e+00
   1.5853300e+00
   1.5856300e+00
   1.5859400e+00
   1.5862500e+00
   1.5865500e+00
   1.5868600e+00
   1.5871600e+00
   1.5874700e+00
   1.5877700e+00
   1.5880800e+00
   1.5883900e+00
   1.5886900e+00
   1.5890000e+00
   1.5893100e+00
   1.5896100e+00
   1.5899200e+00
   1.5902300e+00
   1.5905300e+00
   1.5908400e+00
   1.5911500e+00
   1.5914500e+00
   1.5917600e+00
   1.5920700e+00
   1.5923800e+00
   1.5926800e+00
   1.5929900e+00
   1.5933000e+00
   1.5936100e+00
   1.5939200e+00
   1.5942200e+00
   1.5945300e+00
   1.5948400e+00
   1.5951500e+00
   1.5954600e+00
   1.5957700e+00
   1.5960700e+00
   1.5963800e+00
   1.5966900e+00
   1.5970000e+00
   1.5973100e+00
   1.5976200e+00
   1.5979300e+00
   1.5982400e+00
   1.5985500e+00
   1.5988600e+00
   1.5991700e+00
   1.5994800e+00
   1.5997900e+00
   1.6001000e+00
   1.6004100e+00
   1.6007200e+00
   1.6010300e+00
   1.6013400e+00
   1.6016500e+00
   1.6019600e+00
   1.6022700e+00
   1.6025800e+00
   1.6028900e+00
   1.6032000e+00
   1.6035100e+00
   1.6038200e+00
   1.6041400e+00
   1.6044500e+00
   1.6047600e+00
   1.6050700e+00
   1.6053800e+00
   1.6056900e+00
   1.6060000e+00
   1.6063200e+00
   1.6066300e+00
   1.6069400e+00
   1.6072500e+00
   1.6075700e+00
   1.6078800e+00
   1.6081900e+00
   1.6085000e+00
   1.6088200e+00
   1.6091300e+00
   1.6094400e+00
   1.6097500e+00
   1.6100700e+00
   1.6103800e+00
   1.6106900e+00
   1.6110100e+00
   1.6113200e+00
   1.6116300e+00
   1.6119500e+00
   1.6122600e+00
   1.6125800e+00
   1.6128900e+00
   1.6132000e+00
   1.6135200e+00
   1.6138300e+00
   1.6141500e+00
   1.6144600e+00
   1.6147700e+00
   1.6150900e+00
   1.6154000e+00
   1.6157200e+00
   1.6160300e+00
   1.6163500e+00
   1.6166600e+00
   1.6169800e+00
   1.6172900e+00
   1.6176100e+00
   1.6179300e+00
   1.6182400e+00
   1.6185600e+00
   1.6188700e+00
   1.6191900e+00
   1.6195000e+00
   1.6198200e+00
   1.6201400e+00
   1.6204500e+00
   1.6207700e+00
   1.6210800e+00
   1.6214000e+00
   1.6217200e+00
   1.6220300e+00
   1.6223500e+00
   1.6226700e+00
   1.6229800e+00
   1.6233000e+00
   1.6236200e+00
   1.6239400e+00
   1.6242500e+00
   1.6245700e+00
   1.6248900e+00
   1.6252100e+00
   1.6255200e+00
   1.6258400e+00
   1.6261600e+00
   1.6264800e+00
   1.6268000e+00
   1.6271100e+00
   1.6274300e+00
   1.6277500e+00
   1.6280700e+00
   1.6283900e+00
   1.6287100e+00
   1.6290200e+00
   1.6293400e+00
   1.6296600e+00
   1.6299800e+00
   1.6303000e+00
   1.6306200e+00
   1.6309400e+00
   1.6312600e+00
   1.6315800e+00
   1.6319000e+00
   1.6322200e+00
   1.6325400e+00
   1.6328600e+00
   1.6331800e+00
   1.6335000e+00
   1.6338200e+00
   1.6341400e+00
   1.6344600e+00
   1.6347800e+00
   1.6351000e+00
   1.6354200e+00
   1.6357400e+00
   1.6360600e+00
   1.6363800e+00
   1.6367000e+00
   1.6370200e+00
   1.6373400e+00
   1.6376600e+00
   1.6379800e+00
   1.6383100e+00
   1.6386300e+00
   1.6389500e+00
   1.6392700e+00
   1.6395900e+00
   1.6399100e+00
   1.6402400e+00
   1.6405600e+00
   1.6408800e+00
   1.6412000e+00
   1.6415200e+00
   1.6418500e+00
   1.6421700e+00
   1.6424900e+00
   1.6428100e+00
   1.6431400e+00
   1.6434600e+00
   1.6437800e+00
   1.6441000e+00
   1.6444300e+00
   1.6447500e+00
   1.6450700e+00
   1.6454000e+00
   1.6457200e+00
   1.6460400e+00
   1.6463700e+00
   1.6466900e+00
   1.6470100e+00
   1.6473400e+00
   1.6476600e+00
   1.6479900e+00
   1.6483100e+00
   1.6486300e+00
   1.6489600e+00
   1.6492800e+00
   1.6496100e+00
   1.6499300e+00
   1.6502600e+00
   1.6505800e+00
   1.6509000e+00
   1.6512300e+00
   1.6515500e+00
   1.6518800e+00
   1.6522000e+00
   1.6525300e+00
   1.6528600e+00
   1.6531800e+00
   1.6535100e+00
   1.6538300e+00
   1.6541600e+00
   1.6544800e+00
   1.6548100e+00
   1.6551300e+00
   1.6554600e+00
   1.6557900e+00
   1.6561100e+00
   1.6564400e+00
   1.6567600e+00
   1.6570900e+00
   1.6574200e+00
   1.6577400e+00
   1.6580700e+00
   1.6584000e+00
   1.6587200e+00
   1.6590500e+00
   1.6593800e+00
   1.6597000e+00
   1.6600300e+00
   1.6603600e+00
   1.6606900e+00
   1.6610100e+00
   1.6613400e+00
   1.6616700e+00
   1.6620000e+00
   1.6623200e+00
   1.6626500e+00
   1.6629800e+00
   1.6633100e+00
   1.6636400e+00
   1.6639600e+00
   1.6642900e+00
   1.6646200e+00
   1.6649500e+00
   1.6652800e+00
   1.6656100e+00
   1.6659300e+00
   1.6662600e+00
   1.6665900e+00
   1.6669200e+00
   1.6672500e+00
   1.6675800e+00
   1.6679100e+00
   1.6682400e+00
   1.6685700e+00
   1.6689000e+00
   1.6692300e+00
   1.6695500e+00
   1.6698800e+00
   1.6702100e+00
   1.6705400e+00
   1.6708700e+00
   1.6712000e+00
   1.6715300e+00
   1.6718600e+00
   1.6721900e+00
   1.6725200e+00
   1.6728500e+00
   1.6731800e+00
   1.6735200e+00
   1.6738500e+00
   1.6741800e+00
   1.6745100e+00
   1.6748400e+00
   1.6751700e+00
   1.6755000e+00
   1.6758300e+00
   1.6761600e+00
   1.6764900e+00
   1.6768200e+00
   1.6771600e+00
   1.6774900e+00
   1.6778200e+00
   1.6781500e+00
   1.6784800e+00
   1.6788100e+00
   1.6791500e+00
   1.6794800e+00
   1.6798100e+00
   1.6801400e+00
   1.6804700e+00
   1.6808100e+00
   1.6811400e+00
   1.6814700e+00
   1.6818000e+00
   1.6821400e+00
   1.6824700e+00
   1.6828000e+00
   1.6831400e+00
   1.6834700e+00
   1.6838000e+00
   1.6841300e+00
   1.6844700e+00
   1.6848000e+00
   1.6851300e+00
   1.6854700e+00
   1.6858000e+00
   1.6861300e+00
   1.6864700e+00
   1.6868000e+00
   1.6871400e+00
   1.6874700e+00
   1.6878000e+00
   1.6881400e+00
   1.6884700e+00
   1.6888100e+00
   1.6891400e+00
   1.6894700e+00
   1.6898100e+00
   1.6901400e+00
   1.6904800e+00
   1.6908100e+00
   1.6911500e+00
   1.6914800e+00
   1.6918200e+00
   1.6921500e+00
   1.6924900e+00
   1.6928200e+00
   1.6931600e+00
   1.6934900e+00
   1.6938300e+00
   1.6941600e+00
   1.6945000e+00
   1.6948300e+00
   1.6951700e+00
   1.6955100e+00
   1.6958400e+00
   1.6961800e+00
   1.6965100e+00
   1.6968500e+00
   1.6971900e+00
   1.6975200e+00
   1.6978600e+00
   1.6981900e+00
   1.6985300e+00
   1.6988700e+00
   1.6992000e+00
   1.6995400e+00
   1.6998800e+00
   1.7002100e+00
   1.7005500e+00
   1.7008900e+00
   1.7012200e+00
   1.7015600e+00
   1.7019000e+00
   1.7022400e+00
   1.7025700e+00
   1.7029100e+00
   1.7032500e+00
   1.7035900e+00
   1.7039200e+00
   1.7042600e+00
   1.7046000e+00
   1.7049400e+00
   1.7052700e+00
   1.7056100e+00
   1.7059500e+00
   1.7062900e+00
   1.7066300e+00
   1.7069700e+00
   1.7073000e+00
   1.7076400e+00
   1.7079800e+00
   1.7083200e+00
   1.7086600e+00
   1.7090000e+00
   1.7093400e+00
   1.7096700e+00
   1.7100100e+00
   1.7103500e+00
   1.7106900e+00
   1.7110300e+00
   1.7113700e+00
   1.7117100e+00
   1.7120500e+00
   1.7123900e+00
   1.7127300e+00
   1.7130700e+00
   1.7134100e+00
   1.7137500e+00
   1.7140900e+00
   1.7144300e+00
   1.7147700e+00
   1.7151100e+00
   1.7154500e+00
   1.7157900e+00
   1.7161300e+00
   1.7164700e+00
   1.7168100e+00
   1.7171500e+00
   1.7174900e+00
   1.7178300e+00
   1.7181700e+00
   1.7185100e+00
   1.7188500e+00
   1.7191900e+00
   1.7195300e+00
   1.7198700e+00
   1.7202200e+00
   1.7205600e+00
   1.7209000e+00
   1.7212400e+00
   1.7215800e+00
   1.7219200e+00
   1.7222600e+00
   1.7226100e+00
   1.7229500e+00
   1.7232900e+00
   1.7236300e+00
   1.7239700e+00
   1.7243100e+00
   1.7246600e+00
   1.7250000e+00
   1.7253400e+00
   1.7256800e+00
   1.7260300e+00
   1.7263700e+00
   1.7267100e+00
   1.7270500e+00
   1.7274000e+00
   1.7277400e+00
   1.7280800e+00
   1.7284200e+00
   1.7287700e+00
   1.7291100e+00
   1.7294500e+00
   1.7298000e+00
   1.7301400e+00
   1.7304800e+00
   1.7308300e+00
   1.7311700e+00
   1.7315100e+00
   1.7318600e+00
   1.7322000e+00
   1.7325400e+00
   1.7328900e+00
   1.7332300e+00
   1.7335700e+00
   1.7339200e+00
   1.7342600e+00
   1.7346100e+00
   1.7349500e+00
   1.7352900e+00
   1.7356400e+00
   1.7359800e+00
   1.7363300e+00
   1.7366700e+00
   1.7370200e+00
   1.7373600e+00
   1.7377100e+00
   1.7380500e+00
   1.7384000e+00
   1.7387400e+00
   1.7390900e+00
   1.7394300e+00
   1.7397800e+00
   1.7401200e+00
   1.7404700e+00
   1.7408100e+00
   1.7411600e+00
   1.7415000e+00
   1.7418500e+00
   1.7421900e+00
   1.7425400e+00
   1.7428800e+00
   1.7432300e+00
   1.7435800e+00
   1.7439200e+00
   1.7442700e+00
   1.7446100e+00
   1.7449600e+00
   1.7453100e+00
   1.7456500e+00
   1.7460000e+00
   1.7463400e+00
   1.7466900e+00
   1.7470400e+00
   1.7473800e+00
   1.7477300e+00
   1.7480800e+00
   1.7484200e+00
   1.7487700e+00
   1.7491200e+00
   1.7494600e+00
   1.7498100e+00
   1.7501600e+00
   1.7505100e+00
   1.7508500e+00
   1.7512000e+00
   1.7515500e+00
   1.7519000e+00
   1.7522400e+00
   1.7525900e+00
   1.7529400e+00
   1.7532900e+00
   1.7536300e+00
   1.7539800e+00
   1.7543300e+00
   1.7546800e+00
   1.7550200e+00
   1.7553700e+00
   1.7557200e+00
   1.7560700e+00
   1.7564200e+00
   1.7567700e+00
   1.7571100e+00
   1.7574600e+00
   1.7578100e+00
   1.7581600e+00
   1.7585100e+00
   1.7588600e+00
   1.7592100e+00
   1.7595500e+00
   1.7599000e+00
   1.7602500e+00
   1.7606000e+00
   1.7609500e+00
   1.7613000e+00
   1.7616500e+00
   1.7620000e+00
   1.7623500e+00
   1.7627000e+00
   1.7630500e+00
   1.7633900e+00
   1.7637400e+00
   1.7640900e+00
   1.7644400e+00
   1.7647900e+00
   1.7651400e+00
   1.7654900e+00
   1.7658400e+00
   1.7661900e+00
   1.7665400e+00
   1.7668900e+00
   1.7672400e+00
   1.7675900e+00
   1.7679400e+00
   1.7682900e+00
   1.7686400e+00
   1.7690000e+00
   1.7693500e+00
   1.7697000e+00
   1.7700500e+00
   1.7704000e+00
   1.7707500e+00
   1.7711000e+00
   1.7714500e+00
   1.7718000e+00
   1.7721500e+00
   1.7725000e+00
   1.7728500e+00
   1.7732100e+00
   1.7735600e+00
   1.7739100e+00
   1.7742600e+00
   1.7746100e+00
   1.7749600e+00
   1.7753100e+00
   1.7756700e+00
   1.7760200e+00
   1.7763700e+00
   1.7767200e+00
   1.7770700e+00
   1.7774200e+00
   1.7777800e+00
   1.7781300e+00
   1.7784800e+00
   1.7788300e+00
   1.7791900e+00
   1.7795400e+00
   1.7798900e+00
   1.7802400e+00
   1.7805900e+00
   1.7809500e+00
   1.7813000e+00
   1.7816500e+00
   1.7820000e+00
   1.7823600e+00
   1.7827100e+00
   1.7830600e+00
   1.7834200e+00
   1.7837700e+00
   1.7841200e+00
   1.7844800e+00
   1.7848300e+00
   1.7851800e+00
   1.7855400e+00
   1.7858900e+00
   1.7862400e+00
   1.7866000e+00
   1.7869500e+00
   1.7873000e+00
   1.7876600e+00
   1.7880100e+00
   1.7883600e+00
   1.7887200e+00
   1.7890700e+00
   1.7894200e+00
   1.7897800e+00
   1.7901300e+00
   1.7904900e+00
   1.7908400e+00
   1.7912000e+00
   1.7915500e+00
   1.7919000e+00
   1.7922600e+00
   1.7926100e+00
   1.7929700e+00
   1.7933200e+00
   1.7936800e+00
   1.7940300e+00
   1.7943900e+00
   1.7947400e+00
   1.7951000e+00
   1.7954500e+00
