   1.1890102e+00
   1.1892121e+00
   1.1894142e+00
   1.1896164e+00
   1.1898188e+00
   1.1900213e+00
   1.1902240e+00
   1.1904269e+00
   1.1906300e+00
   1.1908332e+00
   1.1910366e+00
   1.1912401e+00
   1.1914439e+00
   1.1916478e+00
   1.1918518e+00
   1.1920560e+00
   1.1922604e+00
   1.1924650e+00
   1.1926697e+00
   1.1928746e+00
   1.1930796e+00
   1.1932849e+00
   1.1934902e+00
   1.1936958e+00
   1.1939015e+00
   1.1941074e+00
   1.1943134e+00
   1.1945196e+00
   1.1947260e+00
   1.1949325e+00
   1.1951392e+00
   1.1953460e+00
   1.1955530e+00
   1.1957602e+00
   1.1959675e+00
   1.1961750e+00
   1.1963826e+00
   1.1965905e+00
   1.1967984e+00
   1.1970065e+00
   1.1972148e+00
   1.1974233e+00
   1.1976319e+00
   1.1978406e+00
   1.1980496e+00
   1.1982586e+00
   1.1984679e+00
   1.1986773e+00
   1.1988868e+00
   1.1990965e+00
   1.1993064e+00
   1.1995164e+00
   1.1997266e+00
   1.1999369e+00
   1.2001474e+00
   1.2003580e+00
   1.2005688e+00
   1.2007797e+00
   1.2009908e+00
   1.2012021e+00
   1.2014135e+00
   1.2016251e+00
   1.2018368e+00
   1.2020486e+00
   1.2022607e+00
   1.2024728e+00
   1.2026851e+00
   1.2028976e+00
   1.2031102e+00
   1.2033230e+00
   1.2035359e+00
   1.2037490e+00
   1.2039622e+00
   1.2041756e+00
   1.2043891e+00
   1.2046028e+00
   1.2048166e+00
   1.2050306e+00
   1.2052447e+00
   1.2054590e+00
   1.2056734e+00
   1.2058879e+00
   1.2061026e+00
   1.2063175e+00
   1.2065325e+00
   1.2067476e+00
   1.2069629e+00
   1.2071784e+00
   1.2073939e+00
   1.2076097e+00
   1.2078255e+00
   1.2080415e+00
   1.2082577e+00
   1.2084740e+00
   1.2086905e+00
   1.2089070e+00
   1.2091238e+00
   1.2093407e+00
   1.2095577e+00
   1.2097748e+00
   1.2099921e+00
   1.2102096e+00
   1.2104272e+00
   1.2106449e+00
   1.2108627e+00
   1.2110808e+00
   1.2112989e+00
   1.2115172e+00
   1.2117356e+00
   1.2119542e+00
   1.2121729e+00
   1.2123917e+00
   1.2126107e+00
   1.2128298e+00
   1.2130491e+00
   1.2132685e+00
   1.2134880e+00
   1.2137077e+00
   1.2139275e+00
   1.2141474e+00
   1.2143675e+00
   1.2145877e+00
   1.2148080e+00
   1.2150285e+00
   1.2152491e+00
   1.2154699e+00
   1.2156908e+00
   1.2159118e+00
   1.2161330e+00
   1.2163542e+00
   1.2165757e+00
   1.2167972e+00
   1.2170189e+00
   1.2172407e+00
   1.2174627e+00
   1.2176848e+00
   1.2179070e+00
   1.2181293e+00
   1.2183518e+00
   1.2185744e+00
   1.2187971e+00
   1.2190200e+00
   1.2192430e+00
   1.2194661e+00
   1.2196894e+00
   1.2199128e+00
   1.2201363e+00
   1.2203599e+00
   1.2205837e+00
   1.2208076e+00
   1.2210316e+00
   1.2212558e+00
   1.2214800e+00
   1.2217044e+00
   1.2219290e+00
   1.2221536e+00
   1.2223784e+00
   1.2226033e+00
   1.2228284e+00
   1.2230535e+00
   1.2232788e+00
   1.2235042e+00
   1.2237297e+00
   1.2239554e+00
   1.2241812e+00
   1.2244071e+00
   1.2246331e+00
   1.2248592e+00
   1.2250855e+00
   1.2253119e+00
   1.2255384e+00
   1.2257650e+00
   1.2259918e+00
   1.2262187e+00
   1.2264457e+00
   1.2266728e+00
   1.2269000e+00
   1.2271274e+00
   1.2273549e+00
   1.2275824e+00
   1.2278102e+00
   1.2280380e+00
   1.2282659e+00
   1.2284940e+00
   1.2287222e+00
   1.2289505e+00
   1.2291789e+00
   1.2294075e+00
   1.2296361e+00
   1.2298649e+00
   1.2300938e+00
   1.2303228e+00
   1.2305519e+00
   1.2307811e+00
   1.2310105e+00
   1.2312399e+00
   1.2314695e+00
   1.2316992e+00
   1.2319290e+00
   1.2321589e+00
   1.2323889e+00
   1.2326191e+00
   1.2328493e+00
   1.2330797e+00
   1.2333102e+00
   1.2335408e+00
   1.2337715e+00
   1.2340023e+00
   1.2342332e+00
   1.2344642e+00
   1.2346954e+00
   1.2349266e+00
   1.2351580e+00
   1.2353895e+00
   1.2356211e+00
   1.2358527e+00
   1.2360845e+00
   1.2363165e+00
   1.2365485e+00
   1.2367806e+00
   1.2370128e+00
   1.2372452e+00
   1.2374776e+00
   1.2377102e+00
   1.2379428e+00
   1.2381756e+00
   1.2384084e+00
   1.2386414e+00
   1.2388745e+00
   1.2391077e+00
   1.2393410e+00
   1.2395744e+00
   1.2398079e+00
   1.2400415e+00
   1.2402752e+00
   1.2405090e+00
   1.2407429e+00
   1.2409769e+00
   1.2412110e+00
   1.2414452e+00
   1.2416795e+00
   1.2419139e+00
   1.2421485e+00
   1.2423831e+00
   1.2426178e+00
   1.2428526e+00
   1.2430875e+00
   1.2433226e+00
   1.2435577e+00
   1.2437929e+00
   1.2440282e+00
   1.2442636e+00
   1.2444991e+00
   1.2447348e+00
   1.2449705e+00
   1.2452063e+00
   1.2454422e+00
   1.2456782e+00
   1.2459143e+00
   1.2461505e+00
   1.2463868e+00
   1.2466231e+00
   1.2468596e+00
   1.2470962e+00
   1.2473329e+00
   1.2475696e+00
   1.2478065e+00
   1.2480434e+00
   1.2482805e+00
   1.2485176e+00
   1.2487548e+00
   1.2489922e+00
   1.2492296e+00
   1.2494671e+00
   1.2497047e+00
   1.2499424e+00
   1.2501802e+00
   1.2504180e+00
   1.2506560e+00
   1.2508941e+00
   1.2511322e+00
   1.2513704e+00
   1.2516088e+00
   1.2518472e+00
   1.2520857e+00
   1.2523243e+00
   1.2525630e+00
   1.2528017e+00
   1.2530406e+00
   1.2532795e+00
   1.2535185e+00
   1.2537577e+00
   1.2539969e+00
   1.2542362e+00
   1.2544755e+00
   1.2547150e+00
   1.2549545e+00
   1.2551942e+00
   1.2554339e+00
   1.2556737e+00
   1.2559136e+00
   1.2561536e+00
   1.2563936e+00
   1.2566337e+00
   1.2568740e+00
   1.2571143e+00
   1.2573547e+00
   1.2575951e+00
   1.2578357e+00
   1.2580763e+00
   1.2583170e+00
   1.2585578e+00
   1.2587987e+00
   1.2590397e+00
   1.2592807e+00
   1.2595218e+00
   1.2597630e+00
   1.2600043e+00
   1.2602456e+00
   1.2604871e+00
   1.2607286e+00
   1.2609702e+00
   1.2612119e+00
   1.2614536e+00
   1.2616954e+00
   1.2619373e+00
   1.2621793e+00
   1.2624214e+00
   1.2626635e+00
   1.2629057e+00
   1.2631480e+00
   1.2633904e+00
   1.2636328e+00
   1.2638753e+00
   1.2641179e+00
   1.2643605e+00
   1.2646033e+00
   1.2648461e+00
   1.2650890e+00
   1.2653319e+00
   1.2655749e+00
   1.2658180e+00
   1.2660612e+00
   1.2663044e+00
   1.2665478e+00
   1.2667911e+00
   1.2670346e+00
   1.2672781e+00
   1.2675217e+00
   1.2677654e+00
   1.2680091e+00
   1.2682529e+00
   1.2684968e+00
   1.2687408e+00
   1.2689848e+00
   1.2692289e+00
   1.2694730e+00
   1.2697172e+00
   1.2699615e+00
   1.2702059e+00
   1.2704503e+00
   1.2706948e+00
   1.2709394e+00
   1.2711840e+00
   1.2714287e+00
   1.2716734e+00
   1.2719182e+00
   1.2721631e+00
   1.2724081e+00
   1.2726531e+00
   1.2728982e+00
   1.2731433e+00
   1.2733885e+00
   1.2736338e+00
   1.2738791e+00
   1.2741245e+00
   1.2743700e+00
   1.2746155e+00
   1.2748611e+00
   1.2751067e+00
   1.2753524e+00
   1.2755982e+00
   1.2758440e+00
   1.2760899e+00
   1.2763359e+00
   1.2765819e+00
   1.2768279e+00
   1.2770741e+00
   1.2773203e+00
   1.2775665e+00
   1.2778128e+00
   1.2780592e+00
   1.2783056e+00
   1.2785521e+00
   1.2787986e+00
   1.2790452e+00
   1.2792918e+00
   1.2795386e+00
   1.2797853e+00
   1.2800321e+00
   1.2802790e+00
   1.2805259e+00
   1.2807729e+00
   1.2810200e+00
   1.2812670e+00
   1.2815142e+00
   1.2817614e+00
   1.2820087e+00
   1.2822560e+00
   1.2825033e+00
   1.2827507e+00
   1.2829982e+00
   1.2832457e+00
   1.2834933e+00
   1.2837409e+00
   1.2839886e+00
   1.2842363e+00
   1.2844841e+00
   1.2847319e+00
   1.2849798e+00
   1.2852277e+00
   1.2854757e+00
   1.2857237e+00
   1.2859718e+00
   1.2862199e+00
   1.2864681e+00
   1.2867163e+00
   1.2869646e+00
   1.2872129e+00
   1.2874613e+00
   1.2877097e+00
   1.2879581e+00
   1.2882066e+00
   1.2884552e+00
   1.2887038e+00
   1.2889524e+00
   1.2892011e+00
   1.2894498e+00
   1.2896986e+00
   1.2899474e+00
   1.2901963e+00
   1.2904452e+00
   1.2906941e+00
   1.2909431e+00
   1.2911922e+00
   1.2914413e+00
   1.2916904e+00
   1.2919395e+00
   1.2921887e+00
   1.2924380e+00
   1.2926873e+00
   1.2929366e+00
   1.2931860e+00
   1.2934354e+00
   1.2936849e+00
   1.2939343e+00
   1.2941839e+00
   1.2944335e+00
   1.2946831e+00
   1.2949327e+00
   1.2951824e+00
   1.2954321e+00
   1.2956819e+00
   1.2959317e+00
   1.2961815e+00
   1.2964314e+00
   1.2966813e+00
   1.2969313e+00
   1.2971812e+00
   1.2974313e+00
   1.2976813e+00
   1.2979314e+00
   1.2981815e+00
   1.2984317e+00
   1.2986819e+00
   1.2989321e+00
   1.2991824e+00
   1.2994327e+00
   1.2996830e+00
   1.2999334e+00
   1.3001838e+00
   1.3004342e+00
   1.3006847e+00
   1.3009352e+00
   1.3011857e+00
   1.3014362e+00
   1.3016868e+00
   1.3019374e+00
   1.3021881e+00
   1.3024388e+00
   1.3026895e+00
   1.3029402e+00
   1.3031910e+00
   1.3034418e+00
   1.3036926e+00
   1.3039434e+00
   1.3041943e+00
   1.3044452e+00
   1.3046962e+00
   1.3049471e+00
   1.3051981e+00
   1.3054491e+00
   1.3057002e+00
   1.3059512e+00
   1.3062023e+00
   1.3064534e+00
   1.3067046e+00
   1.3069558e+00
   1.3072070e+00
   1.3074582e+00
   1.3077094e+00
   1.3079607e+00
   1.3082120e+00
   1.3084633e+00
   1.3087146e+00
   1.3089660e+00
   1.3092174e+00
   1.3094688e+00
   1.3097202e+00
   1.3099716e+00
   1.3102231e+00
   1.3104746e+00
   1.3107261e+00
   1.3109776e+00
   1.3112292e+00
   1.3114808e+00
   1.3117323e+00
   1.3119840e+00
   1.3122356e+00
   1.3124872e+00
   1.3127389e+00
   1.3129906e+00
   1.3132423e+00
   1.3134940e+00
   1.3137457e+00
   1.3139975e+00
   1.3142492e+00
   1.3145010e+00
   1.3147528e+00
   1.3150046e+00
   1.3152565e+00
   1.3155083e+00
   1.3157602e+00
   1.3160121e+00
   1.3162640e+00
   1.3165159e+00
   1.3167678e+00
   1.3170197e+00
   1.3172717e+00
   1.3175236e+00
   1.3177756e+00
   1.3180276e+00
   1.3182796e+00
   1.3185316e+00
   1.3187836e+00
   1.3190356e+00
   1.3192877e+00
   1.3195397e+00
   1.3197918e+00
   1.3200438e+00
   1.3202959e+00
   1.3205480e+00
   1.3208001e+00
   1.3210522e+00
   1.3213043e+00
   1.3215565e+00
   1.3218086e+00
   1.3220607e+00
   1.3223129e+00
   1.3225650e+00
   1.3228172e+00
   1.3230694e+00
   1.3233215e+00
   1.3235737e+00
   1.3238259e+00
   1.3240781e+00
   1.3243303e+00
   1.3245825e+00
   1.3248347e+00
   1.3250869e+00
   1.3253391e+00
   1.3255914e+00
   1.3258436e+00
   1.3260958e+00
   1.3263480e+00
   1.3266003e+00
   1.3268525e+00
   1.3271047e+00
   1.3273570e+00
   1.3276092e+00
   1.3278614e+00
   1.3281137e+00
   1.3283659e+00
   1.3286182e+00
   1.3288704e+00
   1.3291226e+00
   1.3293749e+00
   1.3296271e+00
   1.3298794e+00
   1.3301316e+00
   1.3303838e+00
   1.3306361e+00
   1.3308883e+00
   1.3311405e+00
   1.3313927e+00
   1.3316450e+00
   1.3318972e+00
   1.3321494e+00
   1.3324016e+00
   1.3326538e+00
   1.3329060e+00
   1.3331582e+00
   1.3334104e+00
   1.3336626e+00
   1.3339148e+00
   1.3341669e+00
   1.3344191e+00
   1.3346713e+00
   1.3349234e+00
   1.3351756e+00
   1.3354277e+00
   1.3356798e+00
   1.3359320e+00
   1.3361841e+00
   1.3364362e+00
   1.3366883e+00
   1.3369404e+00
   1.3371924e+00
   1.3374445e+00
   1.3376966e+00
   1.3379486e+00
   1.3382006e+00
   1.3384527e+00
   1.3387047e+00
   1.3389567e+00
   1.3392087e+00
   1.3394607e+00
   1.3397126e+00
   1.3399646e+00
   1.3402165e+00
   1.3404685e+00
   1.3407204e+00
   1.3409723e+00
   1.3412242e+00
   1.3414760e+00
   1.3417279e+00
   1.3419797e+00
   1.3422316e+00
   1.3424834e+00
   1.3427352e+00
   1.3429870e+00
   1.3432387e+00
   1.3434905e+00
   1.3437422e+00
   1.3439939e+00
   1.3442456e+00
   1.3444973e+00
   1.3447489e+00
   1.3450006e+00
   1.3452522e+00
   1.3455038e+00
   1.3457554e+00
   1.3460070e+00
   1.3462585e+00
   1.3465100e+00
   1.3467615e+00
   1.3470130e+00
   1.3472645e+00
   1.3475159e+00
   1.3477673e+00
   1.3480187e+00
   1.3482701e+00
   1.3485215e+00
   1.3487728e+00
   1.3490241e+00
   1.3492754e+00
   1.3495266e+00
   1.3497779e+00
   1.3500291e+00
   1.3502803e+00
   1.3505314e+00
   1.3507826e+00
   1.3510337e+00
   1.3512848e+00
   1.3515358e+00
   1.3517869e+00
   1.3520379e+00
   1.3522889e+00
   1.3525398e+00
   1.3527908e+00
   1.3530417e+00
   1.3532925e+00
   1.3535434e+00
   1.3537942e+00
   1.3540450e+00
   1.3542957e+00
   1.3545465e+00
   1.3547972e+00
   1.3550478e+00
   1.3552985e+00
   1.3555491e+00
   1.3557997e+00
   1.3560502e+00
   1.3563007e+00
   1.3565512e+00
   1.3568017e+00
   1.3570521e+00
   1.3573025e+00
   1.3575528e+00
   1.3578031e+00
   1.3580534e+00
   1.3583037e+00
   1.3585539e+00
   1.3588041e+00
   1.3590542e+00
   1.3593044e+00
   1.3595544e+00
   1.3598045e+00
   1.3600545e+00
   1.3603045e+00
   1.3605544e+00
   1.3608043e+00
   1.3610542e+00
   1.3613040e+00
   1.3615538e+00
   1.3618035e+00
   1.3620533e+00
   1.3623029e+00
   1.3625526e+00
   1.3628022e+00
   1.3630517e+00
   1.3633013e+00
   1.3635507e+00
   1.3638002e+00
   1.3640496e+00
   1.3642989e+00
   1.3645483e+00
   1.3647975e+00
   1.3650468e+00
   1.3652960e+00
   1.3655451e+00
   1.3657942e+00
   1.3660433e+00
   1.3662923e+00
   1.3665413e+00
   1.3667903e+00
   1.3670392e+00
   1.3672880e+00
   1.3675368e+00
   1.3677856e+00
   1.3680343e+00
   1.3682830e+00
   1.3685316e+00
   1.3687802e+00
   1.3690287e+00
   1.3692772e+00
   1.3695257e+00
   1.3697741e+00
   1.3700224e+00
   1.3702707e+00
   1.3705190e+00
   1.3707672e+00
   1.3710153e+00
   1.3712635e+00
   1.3715115e+00
   1.3717595e+00
   1.3720075e+00
   1.3722554e+00
   1.3725033e+00
   1.3727511e+00
   1.3729988e+00
   1.3732466e+00
   1.3734942e+00
   1.3737418e+00
   1.3739894e+00
   1.3742369e+00
   1.3744843e+00
   1.3747317e+00
   1.3749791e+00
   1.3752264e+00
   1.3754736e+00
   1.3757208e+00
   1.3759679e+00
   1.3762150e+00
   1.3764620e+00
   1.3767090e+00
   1.3769559e+00
   1.3772028e+00
   1.3774496e+00
   1.3776963e+00
   1.3779430e+00
   1.3781897e+00
   1.3784362e+00
   1.3786828e+00
   1.3789292e+00
   1.3791756e+00
   1.3794220e+00
   1.3796683e+00
   1.3799145e+00
   1.3801607e+00
   1.3804068e+00
   1.3806528e+00
   1.3808988e+00
   1.3811448e+00
   1.3813906e+00
   1.3816364e+00
   1.3818822e+00
   1.3821279e+00
   1.3823735e+00
   1.3826191e+00
   1.3828646e+00
   1.3831100e+00
   1.3833554e+00
   1.3836007e+00
   1.3838460e+00
   1.3840912e+00
   1.3843363e+00
   1.3845813e+00
   1.3848263e+00
   1.3850713e+00
   1.3853161e+00
   1.3855610e+00
   1.3858057e+00
   1.3860504e+00
   1.3862950e+00
   1.3865395e+00
   1.3867840e+00
   1.3870284e+00
   1.3872727e+00
   1.3875170e+00
   1.3877612e+00
   1.3880053e+00
   1.3882494e+00
   1.3884934e+00
   1.3887373e+00
   1.3889812e+00
   1.3892250e+00
   1.3894687e+00
   1.3897123e+00
   1.3899559e+00
   1.3901994e+00
   1.3904429e+00
   1.3906862e+00
   1.3909295e+00
   1.3911728e+00
   1.3914159e+00
   1.3916590e+00
   1.3919020e+00
   1.3921449e+00
   1.3923878e+00
   1.3926306e+00
   1.3928733e+00
   1.3931159e+00
   1.3933585e+00
   1.3936010e+00
   1.3938434e+00
   1.3940857e+00
   1.3943280e+00
   1.3945702e+00
   1.3948123e+00
   1.3950543e+00
   1.3952963e+00
   1.3955382e+00
   1.3957800e+00
   1.3960217e+00
   1.3962634e+00
   1.3965049e+00
   1.3967464e+00
   1.3969879e+00
   1.3972292e+00
   1.3974704e+00
   1.3977116e+00
   1.3979527e+00
   1.3981937e+00
   1.3984347e+00
   1.3986755e+00
   1.3989163e+00
   1.3991570e+00
   1.3993976e+00
   1.3996381e+00
   1.3998786e+00
   1.4001190e+00
   1.4003592e+00
   1.4005994e+00
   1.4008396e+00
   1.4010796e+00
   1.4013195e+00
   1.4015594e+00
   1.4017992e+00
   1.4020389e+00
   1.4022785e+00
   1.4025180e+00
   1.4027574e+00
   1.4029968e+00
   1.4032361e+00
   1.4034753e+00
   1.4037143e+00
   1.4039534e+00
   1.4041923e+00
   1.4044311e+00
   1.4046699e+00
   1.4049085e+00
   1.4051471e+00
   1.4053856e+00
   1.4056239e+00
   1.4058622e+00
   1.4061005e+00
   1.4063386e+00
   1.4065766e+00
   1.4068146e+00
   1.4070524e+00
   1.4072902e+00
   1.4075278e+00
   1.4077654e+00
   1.4080029e+00
   1.4082403e+00
   1.4084776e+00
   1.4087148e+00
   1.4089519e+00
   1.4091889e+00
   1.4094258e+00
   1.4096627e+00
   1.4098994e+00
   1.4101361e+00
   1.4103726e+00
   1.4106091e+00
   1.4108454e+00
   1.4110817e+00
   1.4113179e+00
   1.4115539e+00
   1.4117899e+00
   1.4120258e+00
   1.4122616e+00
   1.4124972e+00
   1.4127328e+00
   1.4129683e+00
   1.4132037e+00
   1.4134390e+00
   1.4136742e+00
   1.4139093e+00
   1.4141443e+00
   1.4143792e+00
   1.4146140e+00
   1.4148487e+00
   1.4150833e+00
   1.4153178e+00
   1.4155521e+00
   1.4157864e+00
   1.4160206e+00
   1.4162547e+00
   1.4164887e+00
   1.4167226e+00
   1.4169564e+00
   1.4171900e+00
   1.4174236e+00
   1.4176571e+00
   1.4178904e+00
   1.4181237e+00
   1.4183569e+00
   1.4185899e+00
   1.4188229e+00
   1.4190557e+00
   1.4192884e+00
   1.4195211e+00
   1.4197536e+00
   1.4199860e+00
   1.4202183e+00
   1.4204505e+00
   1.4206826e+00
   1.4209146e+00
   1.4211465e+00
   1.4213782e+00
   1.4216099e+00
   1.4218415e+00
   1.4220729e+00
   1.4223042e+00
   1.4225355e+00
   1.4227666e+00
   1.4229976e+00
   1.4232285e+00
   1.4234593e+00
   1.4236899e+00
   1.4239205e+00
   1.4241510e+00
   1.4243813e+00
   1.4246115e+00
   1.4248416e+00
   1.4250716e+00
   1.4253015e+00
   1.4255313e+00
   1.4257609e+00
   1.4259905e+00
   1.4262199e+00
   1.4264492e+00
   1.4266784e+00
   1.4269075e+00
   1.4271365e+00
   1.4273654e+00
   1.4275941e+00
   1.4278227e+00
   1.4280512e+00
   1.4282796e+00
   1.4285079e+00
   1.4287360e+00
   1.4289641e+00
   1.4291920e+00
   1.4294198e+00
   1.4296475e+00
   1.4298750e+00
   1.4301025e+00
   1.4303298e+00
   1.4305570e+00
   1.4307841e+00
   1.4310111e+00
   1.4312379e+00
   1.4314646e+00
   1.4316912e+00
   1.4319177e+00
   1.4321441e+00
   1.4323703e+00
   1.4325964e+00
   1.4328224e+00
   1.4330483e+00
   1.4332740e+00
